# amount of points in x direction: 66 (distance of 200 steps)
# amount of points in y direction: 10 (distance of 200 steps)
# abs. coordinates of point 1: P1 (, , ) (offsets not corrected)
# Offsets of the hall probe have already been corrected for all following coordinates.
#
# X (absolute in steps=10um) Y (absolute in steps=10um) Z (absolute in steps=10um) Babs(in T) Bx By Bz
6000 15240 -2978 7.73726317705222e-05 3.42038482055068e-05 6.80650213509798e-05 -1.36476416336372e-05
6000 15440 -2978 7.50267273275911e-05 3.54633015319705e-05 6.49407822191715e-05 -1.23700583316386e-05
6000 15640 -2978 7.24879519166947e-05 3.59997644424439e-05 6.17950041741133e-05 -1.21067796200514e-05
6000 15840 -2978 7.08242486843623e-05 3.74273611903191e-05 5.90363291054964e-05 -1.09475263374625e-05
6000 16040 -2978 6.89994317762479e-05 3.82105113640428e-05 5.65130177140236e-05 -1.0678791386541e-05
6000 16240 -2978 6.7336785226971e-05 3.87997886613011e-05 5.40486412495375e-05 -1.04710493218154e-05
6000 16440 -2978 6.5581514798437e-05 3.91418941318989e-05 5.15935153439641e-05 -1.02122019520029e-05
6000 16640 -2978 6.44635903832824e-05 3.98549491390586e-05 4.96465566977858e-05 -1.01171597931534e-05
6000 16840 -2978 6.32657767021197e-05 4.03512549698353e-05 4.76943836435676e-05 -1.02505394322798e-05
6000 17040 -2978 6.23589392521647e-05 4.11034973263741e-05 4.58982175812125e-05 -9.68891147128306e-06
6200 17040 -2978 6.19216573419922e-05 4.06316992193461e-05 4.59990605264902e-05 -8.20170856458208e-06
6200 16840 -2978 6.27972150898372e-05 3.99267388731241e-05 4.77601395621896e-05 -8.38811757182702e-06
6200 16640 -2978 6.37632245669709e-05 3.92424790635705e-05 4.9545645236969e-05 -8.35646735155023e-06
6200 16440 -2978 6.50181668916531e-05 3.85990175679326e-05 5.15729168057442e-05 -8.81544785527512e-06
6200 16240 -2978 6.6501587257573e-05 3.78995924219489e-05 5.38880745619536e-05 -8.51415819546673e-06
6200 16040 -2978 6.80855497767888e-05 3.69124690815806e-05 5.6572095349431e-05 -9.14804494241253e-06
6200 15840 -2978 7.02677151080699e-05 3.66547080203891e-05 5.92514461129904e-05 -9.03939723764779e-06
6200 15640 -2978 7.18763164811641e-05 3.51600386798382e-05 6.19498975723982e-05 -9.63419401953433e-06
6200 15440 -2978 7.43137840073839e-05 3.40322046279907e-05 6.5235409066081e-05 -1.04253990636207e-05
6200 15240 -2978 7.71344935098405e-05 3.32148628011346e-05 6.88816647380591e-05 -1.08901464948431e-05
6400 15240 -2978 7.68602189080516e-05 3.17968040630221e-05 6.96722296923399e-05 -8.08595771109686e-06
6400 15440 -2978 7.4280007200986e-05 3.29896261319518e-05 6.62022923529148e-05 -7.33964676503092e-06
6400 15640 -2978 7.23300052963605e-05 3.46543315276504e-05 6.30713935494423e-05 -6.91172097795061e-06
6400 15840 -2978 6.94488070483021e-05 3.50076690465212e-05 5.95457032173872e-05 -7.31314037402626e-06
6400 16040 -2978 6.79304902129234e-05 3.63527675792575e-05 5.69930647313595e-05 -6.72188295715023e-06
6400 16240 -2978 6.62068069972999e-05 3.71472924277186e-05 5.44515446200967e-05 -6.6792598227039e-06
6400 16440 -2978 6.47610130567351e-05 3.79497576206923e-05 5.20812417045236e-05 -6.84686366806272e-06
6400 16640 -2978 6.30703307227526e-05 3.83579464480281e-05 4.96100945919752e-05 -6.63919859654561e-06
6400 16840 -2978 6.22337367717226e-05 3.91698374301195e-05 4.78644422069192e-05 -6.94976558559574e-06
6400 17040 -2978 6.10162507473912e-05 3.96402870714664e-05 4.58728766515851e-05 -6.87820353498682e-06
6600 17040 -2978 6.04509711896035e-05 3.91754350289702e-05 4.5752653606236e-05 -5.34940822515637e-06
6600 16840 -2978 6.16464245402436e-05 3.88353041410446e-05 4.76030887141824e-05 -5.03437440520793e-06
6600 16640 -2978 6.25487918533708e-05 3.78401177749038e-05 4.95295610502362e-05 -5.09654441037128e-06
6600 16440 -2978 6.42198543010168e-05 3.72248852103949e-05 5.21027499139309e-05 -4.94973355368711e-06
6600 16240 -2978 6.55378583406921e-05 3.64341420680285e-05 5.42712793424726e-05 -4.76027817765134e-06
6600 16040 -2978 6.7169402951192e-05 3.53857252597809e-05 5.69021023660898e-05 -4.66153268549533e-06
6600 15840 -2978 6.92445995961608e-05 3.4591518253088e-05 5.97174776643515e-05 -4.52853281059652e-06
6600 15640 -2978 7.11896316168244e-05 3.3248341538012e-05 6.27969281673431e-05 -4.93294798123316e-06
6600 15440 -2978 7.36654011873881e-05 3.2029116474092e-05 6.61626635789871e-05 -4.7964775353903e-06
6600 15240 -2978 7.68135036309833e-05 3.10958946421743e-05 7.00538294315338e-05 -4.96464498340538e-06
6800 15240 -2978 7.6394659065427e-05 2.96629876978695e-05 7.03770186603069e-05 -1.82382538793718e-06
6800 15440 -2978 7.36638569718981e-05 3.11837863624096e-05 6.68585197776556e-05 -1.76089642712032e-06
6800 15640 -2978 7.08299471090664e-05 3.19739499986172e-05 6.32203633636236e-05 -2.20718617759849e-06
6800 15840 -2978 6.87900712101477e-05 3.34331248216331e-05 6.00805482566357e-05 -2.25469817438534e-06
6800 16040 -2978 6.67603491231516e-05 3.45856872573495e-05 5.70600596666336e-05 -2.11463572017874e-06
6800 16240 -2978 6.50287740823649e-05 3.55142301097512e-05 5.44251339063049e-05 -2.40769980117329e-06
6800 16440 -2978 6.33929362966992e-05 3.62694499641657e-05 5.18850965127349e-05 -2.94182286211435e-06
6800 16640 -2978 6.1958798605691e-05 3.70435159057379e-05 4.95793799161911e-05 -3.24434252951323e-06
6800 16840 -2978 6.07533921216065e-05 3.78187704607845e-05 4.74125797972083e-05 -3.74461311652976e-06
6800 17040 -2978 6.00964870310621e-05 3.87820499315858e-05 4.57593824565411e-05 -3.62297598969781e-06
7000 17040 -2978 5.92868921929661e-05 3.80562211573124e-05 4.54048206433654e-05 -2.24986210020506e-06
7000 16840 -2978 5.981367045191e-05 3.70604436174035e-05 4.68569924905896e-05 -2.03285715699894e-06
7000 16640 -2978 6.12492083053114e-05 3.65926550701261e-05 4.91163629293442e-05 -1.39031987598173e-06
7000 16440 -2978 6.25462463446222e-05 3.56102135553956e-05 5.12639233246446e-05 -1.11589228351568e-06
7000 16240 -2978 6.38043702387708e-05 3.44234791621566e-05 5.37146182134748e-05 -8.47935135361695e-07
7000 16040 -2978 6.58307470431213e-05 3.3711673386395e-05 5.65437618941069e-05 -1.02345716386481e-07
7000 15840 -2978 6.78118846524105e-05 3.26472552716732e-05 5.94355669468641e-05 1.47665306885074e-07
7000 15640 -2978 6.99327897551488e-05 3.10583948493004e-05 6.27186938375235e-05 3.62654707496404e-07
7000 15440 -2978 7.29670210794464e-05 3.01528334617615e-05 6.65100691318512e-05 1.15649460736313e-06
7000 15240 -2978 7.57696703678697e-05 2.8377270732075e-05 7.02304269373417e-05 1.15521328355317e-06
7200 15240 -2978 7.5575219430963e-05 2.75888767950237e-05 7.02052227854729e-05 4.64736992734834e-06
7200 15440 -2978 7.22783458848669e-05 2.88555583506823e-05 6.61294880062342e-05 4.34086151280553e-06
7200 15640 -2978 6.99164406253585e-05 3.02531630285084e-05 6.28451932519674e-05 3.58441890881659e-06
7200 15840 -2978 6.67710940567112e-05 3.10595756955445e-05 5.91774705052376e-05 2.554913497901e-06
7200 16040 -2978 6.49740193917325e-05 3.24231837913394e-05 5.62626502737403e-05 2.09893071075931e-06
7200 16240 -2978 6.36173766082349e-05 3.39120561033487e-05 5.37929801046848e-05 1.83228541460994e-06
7200 16440 -2978 6.1825273962579e-05 3.47734323740005e-05 5.11077732667327e-05 1.09110446357909e-06
7200 16640 -2978 6.07259172944645e-05 3.57767075821757e-05 4.88424125015736e-05 5.62306302290381e-07
7200 16840 -2978 5.96372154815848e-05 3.69389351680875e-05 4.6645448513329e-05 -1.50763687197468e-08
7200 17040 -2978 5.81491587651225e-05 3.710154414922e-05 4.47865143418312e-05 -1.04786636721292e-06
7400 17040 -2978 5.7345272627143e-05 3.64602807313204e-05 4.42571290805936e-05 8.65561082676322e-07
7400 16840 -2978 5.84897730420419e-05 3.59576237499714e-05 4.61138859912753e-05 1.25515388329586e-06
7400 16640 -2978 5.94552911339626e-05 3.51193040050566e-05 4.79393733739853e-05 1.83918746578274e-06
7400 16440 -2978 6.09015877025236e-05 3.42390934899449e-05 5.02303716987371e-05 3.04069380902001e-06
7400 16240 -2978 6.21623010088913e-05 3.26605835482478e-05 5.2727094553411e-05 3.46807263311712e-06
7400 16040 -2978 6.42642294602887e-05 3.18827707245946e-05 5.56283386945724e-05 4.29201199800445e-06
7400 15840 -2978 6.63970102269273e-05 3.06737818717957e-05 5.86481646299362e-05 5.08474160113837e-06
7400 15640 -2978 6.83212671521265e-05 2.89659110307693e-05 6.15948010385037e-05 5.87238667684142e-06
7400 15440 -2978 7.12302608284152e-05 2.75535434633493e-05 6.53189106881618e-05 6.92764078235268e-06
7400 15240 -2978 7.46226940206888e-05 2.60620348080993e-05 6.94877527803183e-05 7.72639258296112e-06
7600 15240 -2978 7.39861123484195e-05 2.47215837910771e-05 6.85836302489042e-05 1.09682222800329e-05
7600 15440 -2978 7.08867166006466e-05 2.64860594533384e-05 6.49534129351377e-05 1.00019209976308e-05
7600 15640 -2978 6.77247441459444e-05 2.76178301759064e-05 6.12137673348188e-05 8.67088092549238e-06
7600 15840 -2978 6.53810731692142e-05 2.92747086174786e-05 5.79568313211203e-05 7.66040908405557e-06
7600 16040 -2978 6.34661665399512e-05 3.07384209595621e-05 5.5049086496234e-05 6.70090983540286e-06
7600 16240 -2978 6.17310001608756e-05 3.21227747909725e-05 5.25425043404102e-05 6.07401194804697e-06
7600 16440 -2978 5.99342334883776e-05 3.30241705700755e-05 4.97933863922954e-05 4.78218733357789e-06
7600 16640 -2978 5.88474694815888e-05 3.43153805211186e-05 4.7625824265182e-05 4.06177254590148e-06
7600 16840 -2978 5.7806375474917e-05 3.54424864277244e-05 4.55364906713367e-05 3.44023526912497e-06
7600 17040 -2978 5.64755627894786e-05 3.57582230642438e-05 4.36565242558718e-05 2.18919589550205e-06
7800 17040 -2978 5.57841236189987e-05 3.53725338950753e-05 4.29628653079271e-05 3.86056910920161e-06
7800 16840 -2978 5.65792797763027e-05 3.44792023152113e-05 4.4613180629909e-05 4.69719296973926e-06
7800 16640 -2978 5.76782748189143e-05 3.35791330337524e-05 4.63700209483504e-05 5.77739395110984e-06
7800 16440 -2978 5.89347823602559e-05 3.25415965467691e-05 4.86610768437385e-05 6.78838624595664e-06
7800 16240 -2978 6.04701257260262e-05 3.13938035666943e-05 5.11273563951254e-05 7.93671257793904e-06
7800 16040 -2978 6.22937772978449e-05 2.98666771799326e-05 5.39141245633363e-05 9.05034693703055e-06
7800 15840 -2978 6.42434693260122e-05 2.83632465861738e-05 5.67422327846289e-05 1.02234450723045e-05
7800 15640 -2978 6.6591054924436e-05 2.67799527980387e-05 5.99039940387011e-05 1.13452290543355e-05
7800 15440 -2978 6.93583027585533e-05 2.50439765825868e-05 6.3349901124835e-05 1.27560956384987e-05
7800 15240 -2978 7.26432307414256e-05 2.32341269515455e-05 6.73094825893641e-05 1.41912931390107e-05
8000 15240 -2978 7.16118687432509e-05 2.17674707509577e-05 6.59207802116871e-05 1.74027758371085e-05
8000 15440 -2978 6.87162112264794e-05 2.38145446665585e-05 6.24489538222551e-05 1.60867477152497e-05
8000 15640 -2978 6.58408767155502e-05 2.55066192410886e-05 5.89813266992569e-05 1.44964927714318e-05
8000 15840 -2978 6.31776142930634e-05 2.72615674212575e-05 5.55732973814011e-05 1.26422508936375e-05
8000 16040 -2978 6.1443900145925e-05 2.90448492653668e-05 5.28012706935406e-05 1.15812245109119e-05
8000 16240 -2978 5.95971320290428e-05 3.02510465160012e-05 5.01678393855691e-05 1.00272295093164e-05
8000 16440 -2978 5.79266210282145e-05 3.13871162682772e-05 4.78865939602256e-05 8.7065947902156e-06
8000 16640 -2978 5.66152844874942e-05 3.25782953724265e-05 4.57209118679166e-05 7.52354026702233e-06
8000 16840 -2978 5.57822045270423e-05 3.41647389531136e-05 4.36067098900676e-05 6.54826745986065e-06
8000 17040 -2978 5.49583185256317e-05 3.49995887577534e-05 4.19260414466262e-05 5.3137351043988e-06
8200 17040 -2978 5.39026692294452e-05 3.42598453313112e-05 4.12176298052073e-05 6.82915417689128e-06
8200 16840 -2978 5.4866964109875e-05 3.35166805163026e-05 4.25712402537465e-05 7.92741410154849e-06
8200 16640 -2978 5.5528973528722e-05 3.21177951693535e-05 4.4345300540328e-05 9.19719327567145e-06
8200 16440 -2978 5.63077019302779e-05 3.05177739970386e-05 4.62064501792192e-05 1.02975506763905e-05
8200 16240 -2978 5.84452406788297e-05 2.97528742440045e-05 4.87654889747501e-05 1.23945412840694e-05
8200 16040 -2978 5.98384446972264e-05 2.79896286465228e-05 5.11717535331845e-05 1.33280695835128e-05
8200 15840 -2978 6.19207070924938e-05 2.63032145425677e-05 5.39195446148515e-05 1.50457841288298e-05
8200 15640 -2978 6.42942326058083e-05 2.430188806355e-05 5.7186561703682e-05 1.69464951716363e-05
8200 15440 -2978 6.69143827974709e-05 2.20467193834484e-05 6.04552258551121e-05 1.84207272604108e-05
8200 15240 -2978 7.04355564281387e-05 1.9983348313719e-05 6.44324167072773e-05 2.03037667758763e-05
8400 15240 -2978 6.92548870259036e-05 1.83863075599074e-05 6.25569794028997e-05 2.33411096408963e-05
8400 15440 -2978 6.60663460363133e-05 2.05602131448686e-05 5.90481967180967e-05 2.14307028464973e-05
8400 15640 -2978 6.31966549607699e-05 2.2611898869276e-05 5.56205464750528e-05 1.96000852975994e-05
8400 15840 -2978 6.1240167957467e-05 2.53251115903258e-05 5.27509238347411e-05 1.80635823868215e-05
8400 16040 -2978 5.88113357114806e-05 2.67207581438124e-05 4.98941718935967e-05 1.59795464091003e-05
8400 16240 -2978 5.71470746590475e-05 2.84705166630447e-05 4.74360074102879e-05 1.42626878041774e-05
8400 16440 -2978 5.55412359066201e-05 2.97149443589151e-05 4.51785829439759e-05 1.22976464219391e-05
8400 16640 -2978 5.46513490655015e-05 3.15113511532545e-05 4.32388665229082e-05 1.11048395931721e-05
8400 16840 -2978 5.31449571539168e-05 3.24386453181505e-05 4.10605421066284e-05 9.45929177710786e-06
8400 17040 -2978 5.24075952309267e-05 3.34187704399228e-05 3.95499528497457e-05 8.09586621401832e-06
8600 17040 -2978 5.17717698470341e-05 3.31216648370027e-05 3.86295007243752e-05 9.45771300862543e-06
8600 16840 -2978 5.23690140733761e-05 3.21504950746894e-05 3.98639567345381e-05 1.09814837099984e-05
8600 16640 -2978 5.31627697783849e-05 3.07239045612514e-05 4.16531387269497e-05 1.24727732874453e-05
8600 16440 -2978 5.42150399837109e-05 2.92720374614e-05 4.34145419597626e-05 1.38349577467889e-05
8600 16240 -2978 5.57840238644703e-05 2.77292253635824e-05 4.55656193047762e-05 1.61506470348686e-05
8600 16040 -2978 5.75796606204913e-05 2.60042644478381e-05 4.80787776187062e-05 1.81004610545933e-05
8600 15840 -2978 5.92474672623924e-05 2.39097718074918e-05 5.04047343358397e-05 2.01207638029009e-05
8600 15640 -2978 6.19888166781078e-05 2.20390119254589e-05 5.35053328499198e-05 2.2212179210037e-05
8600 15440 -2978 6.49654459683799e-05 1.92598368041217e-05 5.71985410153866e-05 2.45256809927523e-05
8600 15240 -2978 6.78540345975337e-05 1.6324125893414e-05 6.05622768998146e-05 2.59318902604282e-05
8800 15240 -2978 6.75949766343826e-05 1.48605547063053e-05 5.88062679469585e-05 2.98267268352211e-05
8800 15440 -2978 6.44805314732677e-05 1.77988067120314e-05 5.52842222154141e-05 2.80106442756951e-05
8800 15640 -2978 6.13297206998224e-05 2.04378820694983e-05 5.17349071130157e-05 2.5736817933619e-05
8800 15840 -2978 5.86008239909774e-05 2.30603726133704e-05 4.86780749931932e-05 2.29700566381216e-05
8800 16040 -2978 5.61279063595076e-05 2.51452677957714e-05 4.58288483247161e-05 2.05371157061309e-05
8800 16240 -2978 5.42632009595939e-05 2.65775106847286e-05 4.3726453602314e-05 1.81948948148638e-05
8800 16440 -2978 5.26241079796957e-05 2.82598734274507e-05 4.14594541192055e-05 1.5739469576627e-05
8800 16640 -2978 5.19685058694789e-05 3.00766571164131e-05 3.99521700665355e-05 1.39796473868191e-05
8800 16840 -2978 5.12153164202579e-05 3.15410307124257e-05 3.84713441431522e-05 1.23650926426053e-05
8800 17040 -2978 5.01779407887116e-05 3.24292708486319e-05 3.67921140044928e-05 1.05586985629052e-05
9000 17040 -2978 4.95527697776456e-05 3.24315931722522e-05 3.55187589377165e-05 1.19804886560887e-05
9000 16840 -2978 4.96262398696478e-05 3.07254314944148e-05 3.66056917756796e-05 1.33691762164235e-05
9000 16640 -2978 5.03715186153351e-05 2.94203838743269e-05 3.80833493173122e-05 1.51619337815791e-05
9000 16440 -2978 5.11520099129633e-05 2.77692380361259e-05 3.94522453993559e-05 1.71416483558714e-05
9000 16240 -2978 5.27455395795417e-05 2.62919097952545e-05 4.14184616059065e-05 1.9485111027956e-05
9000 16040 -2978 5.41523858545564e-05 2.37566348463297e-05 4.33477084338665e-05 2.21964322887361e-05
9000 15840 -2978 5.67367337798057e-05 2.20747345872223e-05 4.57884598821402e-05 2.52332565970719e-05
9000 15640 -2978 5.97643529456843e-05 1.9243827868253e-05 4.8864540271461e-05 2.85255968570709e-05
9000 15440 -2978 6.35811730523019e-05 1.64424075521529e-05 5.26860593110323e-05 3.16506671532989e-05
9000 15240 -2978 6.77259298068102e-05 1.29590260293335e-05 5.69289037287235e-05 3.43733959421515e-05
9200 15240 -2978 6.94470282335802e-05 1.1016614608001e-05 5.48431646302342e-05 4.10023715123534e-05
9200 15440 -2978 6.34514774795383e-05 1.49063449762762e-05 4.94851586967707e-05 3.68661287426948e-05
9200 15640 -2978 5.87414773447838e-05 1.79108223728836e-05 4.58207404538989e-05 3.20970924980938e-05
9200 15840 -2978 5.51478021046126e-05 2.06998791582882e-05 4.29265841841698e-05 2.79265657924116e-05
9200 16040 -2978 5.32130085113834e-05 2.32253867387772e-05 4.09004858508706e-05 2.48668311983347e-05
9200 16240 -2978 5.14923854821461e-05 2.56124937981367e-05 3.89132764339447e-05 2.1910111034289e-05
9200 16440 -2978 5.02943019043469e-05 2.74939080066979e-05 3.74590529054403e-05 1.92163769230247e-05
9200 16640 -2978 4.90572237186906e-05 2.88534545898438e-05 3.59980113878846e-05 1.6680303754285e-05
9200 16840 -2978 4.82298014279153e-05 3.02102398425341e-05 3.48138807043433e-05 1.41512292418629e-05
9200 17040 -2978 4.79112989890544e-05 3.14547052234411e-05 3.37433514297009e-05 1.26429011039436e-05
9400 17040 -2978 4.66723449684475e-05 3.10800352357328e-05 3.21397373899817e-05 1.34017947642133e-05
9400 16840 -2978 4.69325150574609e-05 2.98512283749878e-05 3.29074622988701e-05 1.50937394220382e-05
9400 16640 -2978 4.7629434863772e-05 2.85319143421948e-05 3.39362136796117e-05 1.73690720796585e-05
9400 16440 -2978 4.85918562227421e-05 2.70367109663785e-05 3.51033289134502e-05 1.99484598524869e-05
9400 16240 -2978 4.94028984046331e-05 2.48938906192779e-05 3.63287198245525e-05 2.26877437178046e-05
9400 16040 -2978 5.08619341764307e-05 2.26407382935286e-05 3.73261172547936e-05 2.599093952775e-05
9400 15840 -2978 5.30921297669127e-05 2.02016028426588e-05 3.90977818220854e-05 2.96067356728017e-05
9400 15640 -2978 5.61515914230084e-05 1.72320777866989e-05 4.11634544432163e-05 3.4201373539865e-05
9400 15440 -2978 6.19982162833014e-05 1.39807252530009e-05 4.46385598778725e-05 4.06905039995909e-05
9400 15240 -2978 7.0362790697836e-05 9.30464169196784e-06 4.97784737050534e-05 4.8754040941596e-05
9600 15240 -2978 6.81283071942658e-05 8.89461306622252e-06 4.10307352766395e-05 5.37205836176872e-05
9600 15440 -2978 5.96371289642589e-05 1.32227330096066e-05 3.8284946590662e-05 4.37341331914067e-05
9600 15640 -2978 5.43869796278909e-05 1.6594555709511e-05 3.65014746934176e-05 3.68496260792017e-05
9600 15840 -2978 5.15258226259834e-05 1.9949903793633e-05 3.53075646162033e-05 3.17793287262321e-05
9600 16040 -2978 4.92574215671763e-05 2.22943117655814e-05 3.42768033370376e-05 2.71724974960089e-05
9600 16240 -2978 4.75895103947884e-05 2.42796330377459e-05 3.31092319637537e-05 2.37307347692549e-05
9600 16440 -2978 4.6794868559067e-05 2.62013340555131e-05 3.25265814289451e-05 2.10410840064287e-05
9600 16640 -2978 4.57633743231393e-05 2.75894096046686e-05 3.17470434568822e-05 1.80193050336093e-05
9600 16840 -2978 4.559117354248e-05 2.92846774980426e-05 3.11043818891048e-05 1.59210614003241e-05
9600 17040 -2978 4.51688370874624e-05 3.06684129312635e-05 3.01860399581492e-05 1.39652397483587e-05
9800 17040 -2978 4.43937799348758e-05 3.06056165918708e-05 2.85302893668413e-05 1.48315469063818e-05
9800 16840 -2978 4.41496834792126e-05 2.88921417072415e-05 2.90274530015886e-05 1.64487591963261e-05
9800 16640 -2978 4.47417142412353e-05 2.78761862106621e-05 2.95156675837934e-05 1.88560121804476e-05
9800 16440 -2978 4.50957828993407e-05 2.61049118377268e-05 2.99898092076182e-05 2.11951934881508e-05
9800 16240 -2978 4.57001995307139e-05 2.41280653961003e-05 3.03919683918357e-05 2.42131692245603e-05
9800 16040 -2978 4.63001042400762e-05 2.17937664501369e-05 3.053511897102e-05 2.70047283060849e-05
9800 15840 -2978 4.77954798064077e-05 1.93016487695277e-05 3.06991689056158e-05 3.11354343667626e-05
9800 15640 -2978 5.06381159117253e-05 1.69126425776631e-05 3.08295824080706e-05 3.65077634006739e-05
9800 15440 -2978 5.46661141260843e-05 1.3583913160488e-05 3.07113556563854e-05 4.32626338750124e-05
9800 15240 -2978 6.10278024521823e-05 9.81958380318246e-06 2.94779933802784e-05 5.2681865401566e-05
10000 15240 -2978 5.1707469806477e-05 1.0722700339742e-05 1.93121302574873e-05 4.6871025390923e-05
10000 15440 -2978 4.87775595480646e-05 1.35092040486634e-05 2.31344146542251e-05 4.08296396806836e-05
10000 15640 -2978 4.64770431954625e-05 1.62625682763755e-05 2.52866974957287e-05 3.54419665560126e-05
10000 15840 -2978 4.47664186773648e-05 1.89540075398982e-05 2.61966467089951e-05 3.09399713911116e-05
10000 16040 -2978 4.41338286736839e-05 2.12606356646866e-05 2.71075994819403e-05 2.74143840223551e-05
10000 16240 -2978 4.33220564578763e-05 2.34211260043085e-05 2.72366923466325e-05 2.43143088594079e-05
10000 16440 -2978 4.28538164057786e-05 2.51909252926707e-05 2.73590522296727e-05 2.10609800107777e-05
10000 16640 -2978 4.31206162640183e-05 2.74069909825921e-05 2.73075843192637e-05 1.92111222520471e-05
10000 16840 -2978 4.26409613566911e-05 2.85075701363385e-05 2.71799088269472e-05 1.64982708208263e-05
10000 17040 -2978 4.23078391471439e-05 2.96005012318492e-05 2.65277415364981e-05 1.46259201169014e-05
10200 17040 -2978 4.1895791746792e-05 2.98164723068476e-05 2.49897179044783e-05 1.54160164352506e-05
10200 16840 -2978 4.10191615957658e-05 2.81390966027975e-05 2.48287874273956e-05 1.64490710254759e-05
10200 16640 -2978 4.12896398535208e-05 2.70606563650072e-05 2.49330755658448e-05 1.87322443705052e-05
10200 16440 -2978 4.10864273290768e-05 2.50943283364177e-05 2.47486202456057e-05 2.09376620277762e-05
10200 16240 -2978 4.14616190640961e-05 2.34919203855097e-05 2.45684850923717e-05 2.39340973719955e-05
10200 16040 -2978 4.1475118479554e-05 2.133336497657e-05 2.36232455559075e-05 2.64316645897925e-05
10200 15840 -2978 4.18167836320908e-05 1.91255719698966e-05 2.27353059463203e-05 2.931987702474e-05
10200 15640 -2978 4.21251487847746e-05 1.6470573073253e-05 2.05768971964717e-05 3.30828843191266e-05
10200 15440 -2978 4.31081235902693e-05 1.35722921080887e-05 1.76698717437685e-05 3.69036426246166e-05
10200 15240 -2978 4.38827588717759e-05 1.10116348857991e-05 1.25446248846129e-05 4.05445657595992e-05
10400 15240 -2978 3.80955858184324e-05 1.0700227576308e-05 9.06449594348669e-06 3.52353264018893e-05
10400 15440 -2978 3.83016825565498e-05 1.33078623367473e-05 1.35935847666115e-05 3.33526774942875e-05
10400 15640 -2978 3.94407858056097e-05 1.65916257444769e-05 1.7234718747437e-05 3.14822445586324e-05
10400 15840 -2978 3.92424911885788e-05 1.87602079547942e-05 1.94464608952403e-05 2.84153298214078e-05
10400 16040 -2978 3.93369143044674e-05 2.09769441597164e-05 2.07630130983889e-05 2.5873254481703e-05
10400 16240 -2978 3.94706822142154e-05 2.31374996528029e-05 2.17507311366498e-05 2.34413429498672e-05
10400 16440 -2978 3.98779434912778e-05 2.50523328967392e-05 2.25283238738775e-05 2.13845719825476e-05
10400 16640 -2978 3.9760357077483e-05 2.6479122929275e-05 2.28537315949798e-05 1.887050049752e-05
10400 16840 -2978 3.98665700240836e-05 2.76827407740056e-05 2.32025572061539e-05 1.67915764842182e-05
10400 17040 -2978 4.06158084163696e-05 2.96556321792305e-05 2.31939623989165e-05 1.52752265743911e-05
10600 17040 -2978 3.90851761347298e-05 2.90269718505442e-05 2.13155597634614e-05 1.51898917257786e-05
10600 16840 -2978 3.89578129269288e-05 2.80141291022301e-05 2.12627212330699e-05 1.6888740805909e-05
10600 16640 -2978 3.80984162722495e-05 2.62279894314706e-05 2.08288136571646e-05 1.81238712724298e-05
10600 16440 -2978 3.7728443480323e-05 2.45758244171739e-05 2.04076866097748e-05 2.01218052096665e-05
10600 16240 -2978 3.75792504584062e-05 2.28992452770472e-05 1.94996498450637e-05 2.2529782935977e-05
10600 16040 -2978 3.74488391743527e-05 2.11820356063545e-05 1.84997086077929e-05 2.46742942407727e-05
10600 15840 -2978 3.65548544665241e-05 1.88395944666117e-05 1.65377798024565e-05 2.66050541177392e-05
10600 15640 -2978 3.62741098608938e-05 1.6553920449689e-05 1.45732291508466e-05 2.87438383698463e-05
10600 15440 -2978 3.5087989095511e-05 1.34000216312706e-05 1.13065149737522e-05 3.02477537244558e-05
10600 15240 -2978 3.44193203613346e-05 1.07519147023559e-05 7.34687923686579e-06 3.18457082435489e-05
10800 15240 -2978 3.16389616487672e-05 1.05504156146199e-05 6.15893913712353e-06 2.9240494273603e-05
10800 15440 -2978 3.2172912632987e-05 1.30516938846558e-05 9.29244559910149e-06 2.79643772132695e-05
10800 15640 -2978 3.35755584377628e-05 1.57370431888849e-05 1.23473337125033e-05 2.69667748585343e-05
10800 15840 -2978 3.43502482962442e-05 1.83119420781732e-05 1.45008961390704e-05 2.52389264293015e-05
10800 16040 -2978 3.49222846974732e-05 2.0301802508533e-05 1.597797344625e-05 2.3443407509476e-05
10800 16240 -2978 3.59942231961355e-05 2.26752011626959e-05 1.73144574686885e-05 2.20150258541107e-05
10800 16440 -2978 3.68056649351024e-05 2.44262359850109e-05 1.84210897833109e-05 2.05231556296349e-05
10800 16640 -2978 3.70695782092786e-05 2.6017627350986e-05 1.90438495259732e-05 1.82912134882063e-05
10800 16840 -2978 3.77182053491148e-05 2.75353338457644e-05 1.95713275335729e-05 1.65333068817854e-05
10800 17040 -2978 3.85865024777052e-05 2.91106679476798e-05 1.99214827381074e-05 1.53221693858504e-05
11000 17040 -2978 3.726616100657e-05 2.87180415168405e-05 1.84482798986137e-05 1.49258595779538e-05
11000 16840 -2978 3.63480298967053e-05 2.72770948186517e-05 1.78960333317518e-05 1.60165390465409e-05
11000 16640 -2978 3.58492147660785e-05 2.59242296628654e-05 1.75299582704902e-05 1.7546776721254e-05
11000 16440 -2978 3.49082699518534e-05 2.40096054039896e-05 1.66223265770823e-05 1.91177507154644e-05
11000 16240 -2978 3.41487542284695e-05 2.21388206221163e-05 1.55491129998118e-05 2.0740251518786e-05
11000 16040 -2978 3.37167575099092e-05 2.06266131065786e-05 1.4315933810547e-05 2.23527657091618e-05
11000 15840 -2978 3.30148030135879e-05 1.85325709749013e-05 1.29305636174977e-05 2.40537732690573e-05
11000 15640 -2978 3.21482048864856e-05 1.63100646771491e-05 1.09637127360329e-05 2.55285295695066e-05
11000 15440 -2978 3.0483670606883e-05 1.32016289364547e-05 8.37722029865836e-06 2.61347252689302e-05
11000 15240 -2978 2.98680517176905e-05 1.06459750831127e-05 5.57965133176185e-06 2.73428458459675e-05
11200 15240 -2978 2.78579060483293e-05 1.00499558253214e-05 4.87393252696347e-06 2.56299762800336e-05
11200 15440 -2978 2.90244539979841e-05 1.28550767647102e-05 7.15108006238006e-06 2.49591924734414e-05
11200 15640 -2978 2.96842716684906e-05 1.51579143609852e-05 9.332310333848e-06 2.38102829493582e-05
11200 15840 -2978 3.11372529905191e-05 1.77904566284269e-05 1.13145158644766e-05 2.2913337238133e-05
11200 16040 -2978 3.22632997749251e-05 2.01938556060195e-05 1.2755813781172e-05 2.17636036202311e-05
11200 16240 -2978 3.30013978561412e-05 2.18460811898112e-05 1.40236877799034e-05 2.02277768068015e-05
11200 16440 -2978 3.42659670866818e-05 2.40799034647643e-05 1.50495880749077e-05 1.91787551287562e-05
11200 16640 -2978 3.5149347703458e-05 2.57630141377449e-05 1.60347512792796e-05 1.75773526951671e-05
11200 16840 -2978 3.59216798179023e-05 2.74416212253273e-05 1.64682510513812e-05 1.62066448237747e-05
11200 17040 -2978 3.59111848337337e-05 2.82079993858934e-05 1.68860073946416e-05 1.44706168146804e-05
11400 17040 -2978 3.56795491272863e-05 2.84667714834213e-05 1.56559588313103e-05 1.47153749521822e-05
11400 16840 -2978 3.46837662723172e-05 2.69626132100821e-05 1.510316879116e-05 1.56709619592875e-05
11400 16640 -2978 3.38107241592335e-05 2.55562500655651e-05 1.43515664227307e-05 1.68985597863793e-05
11400 16440 -2978 3.307255032615e-05 2.39608832038939e-05 1.35961405914277e-05 1.81215851865709e-05
11400 16240 -2978 3.18845780120605e-05 2.19547403231263e-05 1.25739834234118e-05 1.93597793504596e-05
11400 16040 -2978 3.13072495663529e-05 2.02945354804397e-05 1.15912133604288e-05 2.10229929760099e-05
11400 15840 -2978 2.99419430682604e-05 1.77959427703172e-05 1.01172495277133e-05 2.17770053464919e-05
11400 15640 -2978 2.91217460299731e-05 1.57226969022304e-05 8.5992244053632e-06 2.2956985283643e-05
11400 15440 -2978 2.79644039576983e-05 1.28433460481465e-05 6.87044979212806e-06 2.38715996667743e-05
11400 15240 -2978 2.66215763098824e-05 9.90114265540615e-06 4.33542165611289e-06 2.43846531286836e-05
11600 15240 -2978 2.52877718135333e-05 9.25657033361494e-06 3.65114735532916e-06 2.33730005212128e-05
11600 15440 -2978 2.63998951979181e-05 1.21790818525478e-05 5.56553651927607e-06 2.26211500503123e-05
11600 15640 -2978 2.81513076997612e-05 1.535847588256e-05 7.55540341418236e-06 2.23501504026353e-05
11600 15840 -2978 2.91688734378493e-05 1.76081031691283e-05 9.13831435737665e-06 2.13576115518808e-05
11600 16040 -2978 3.00436786469523e-05 1.9712065352127e-05 1.02005625427701e-05 2.01951797157526e-05
11600 16240 -2978 3.10060183803327e-05 2.18232218064368e-05 1.11613130774349e-05 1.891255402565e-05
11600 16440 -2978 3.17032398636812e-05 2.33104882463813e-05 1.22273035645485e-05 1.78381302170455e-05
11600 16640 -2978 3.2780105665716e-05 2.51334103643894e-05 1.29370766142383e-05 1.65975618567318e-05
11600 16840 -2978 3.40996653177434e-05 2.70613288171589e-05 1.37593720778823e-05 1.55072630252689e-05
11600 17040 -2978 3.50264807014129e-05 2.84180130884051e-05 1.44207770284265e-05 1.45689900927246e-05
11800 17040 -2978 3.3601560526882e-05 2.77482801638544e-05 1.29985917918384e-05 1.38724255412817e-05
11800 16840 -2978 3.3242826897756e-05 2.68695185258985e-05 1.25632364517078e-05 1.50367104839534e-05
11800 16640 -2978 3.22788559445355e-05 2.52630714736879e-05 1.18751178644598e-05 1.62673662006855e-05
11800 16440 -2978 3.15988169082105e-05 2.37469572909176e-05 1.11043498255312e-05 1.76425810009241e-05
11800 16240 -2978 3.0531476686004e-05 2.17879767939448e-05 1.02567278258502e-05 1.86500842552632e-05
11800 16040 -2978 2.97459602166225e-05 2.00284135136753e-05 9.40706608444452e-06 2.00161500051618e-05
11800 15840 -2978 2.85586052552223e-05 1.78298742212355e-05 8.09992685285397e-06 2.06973410304636e-05
11800 15640 -2978 2.7166033427665e-05 1.52779737915844e-05 6.84324511658633e-06 2.16597918905318e-05
11800 15440 -2978 2.5984946820185e-05 1.24635062692687e-05 5.08580499497475e-06 2.22264045737684e-05
11800 15240 -2978 2.48886232878843e-05 9.66738741542213e-06 3.35254070273368e-06 2.26955125946552e-05
12000 15240 -2978 2.39547459430985e-05 8.96617358269578e-06 3.03351543200188e-06 2.18755752332509e-05
12000 15440 -2978 2.54824143324303e-05 1.21510866694152e-05 4.22149053961039e-06 2.19885383024812e-05
12000 15640 -2978 2.61761829887283e-05 1.45328404847533e-05 5.70965546609659e-06 2.09344501905143e-05
12000 15840 -2978 2.72482461464624e-05 1.70162022672594e-05 7.01893282216042e-06 2.01362145617604e-05
12000 16040 -2978 2.82006193561764e-05 1.91116261463612e-05 8.04924971162109e-06 1.91109983306378e-05
12000 16240 -2978 3.00045324199883e-05 2.17429490312934e-05 9.23863418027759e-06 1.85638718344271e-05
12000 16440 -2978 3.10253411800082e-05 2.35854297354817e-05 9.84043352212757e-06 1.74479712676257e-05
12000 16640 -2978 3.20724674237487e-05 2.52249272316694e-05 1.08171342583373e-05 1.64874182920903e-05
12000 16840 -2978 3.26226140630896e-05 2.66257462054491e-05 1.15645730681717e-05 1.4885067586787e-05
12000 17040 -2978 3.32709473725695e-05 2.79160179980099e-05 1.17292672507465e-05 1.3845504774712e-05
12200 17040 -2978 3.3089896834315e-05 2.80227780714631e-05 1.07619502916932e-05 1.35766982585192e-05
12200 16840 -2978 3.19891942144042e-05 2.64082433879375e-05 1.03691602069885e-05 1.48250381536782e-05
12200 16640 -2978 3.12405717857148e-05 2.51176524721086e-05 9.6322374958545e-06 1.5977179216221e-05
12200 16440 -2978 2.98527193579421e-05 2.32589893005788e-05 8.7684239721857e-06 1.66525307185948e-05
12200 16240 -2978 2.93304431295399e-05 2.16692499220371e-05 8.14408706594259e-06 1.80108952540904e-05
12200 16040 -2978 2.81668738325818e-05 1.9502212498337e-05 7.14746147044934e-06 1.90679533146322e-05
12200 15840 -2978 2.66266932220111e-05 1.70908612068743e-05 6.13643985334784e-06 1.96737237758935e-05
12200 15640 -2978 2.56122749854141e-05 1.46522671636194e-05 5.1966871337645e-06 2.0417713617906e-05
12200 15440 -2978 2.48320221242597e-05 1.20897912699729e-05 3.67778048153559e-06 2.12399316467345e-05
12200 15240 -2978 2.3278958975849e-05 8.53797109937295e-06 2.40834892255771e-06 2.15577141568065e-05
12400 15240 -2978 2.37146582457686e-05 9.00706075923517e-06 2.08406409826603e-06 2.18383733145893e-05
12400 15440 -2978 2.42348883147558e-05 1.16577900117263e-05 2.87808720195062e-06 2.10292848497629e-05
12400 15640 -2978 2.52932247411585e-05 1.43489707708359e-05 4.20051691425761e-06 2.04422364532948e-05
12400 15840 -2978 2.65320616258381e-05 1.69695569891483e-05 5.14004308904987e-06 1.97710779141635e-05
12400 16040 -2978 2.72752521447406e-05 1.90433156862855e-05 5.98906799641554e-06 1.8672171195969e-05
12400 16240 -2978 2.84103340792011e-05 2.104655540362e-05 6.97115941484662e-06 1.7727260351181e-05
12400 16440 -2978 3.00027187664014e-05 2.33656344972551e-05 7.70909875957295e-06 1.72317697126418e-05
12400 16640 -2978 3.04413378103481e-05 2.4721744235605e-05 8.4794503711164e-06 1.57488964237273e-05
12400 16840 -2978 3.16116509052507e-05 2.6513468388468e-05 9.05925367400051e-06 1.46377043910325e-05
12400 17040 -2978 3.28287830612868e-05 2.81404557712376e-05 9.72930118348449e-06 1.38679329548031e-05
12600 17040 -2978 3.18089823516951e-05 2.76151192709804e-05 8.47312546195463e-06 1.33246278231964e-05
12600 16840 -2978 3.14598281301465e-05 2.67704026587308e-05 7.91975137405098e-06 1.45300823524594e-05
12600 16640 -2978 3.03097054296526e-05 2.50170297063887e-05 7.29796393192373e-06 1.54568591862917e-05
12600 16440 -2978 2.97214127651334e-05 2.35864702053368e-05 6.73708591458854e-06 1.67962849307805e-05
12600 16240 -2978 2.85342450239084e-05 2.14508377090096e-05 6.01131727232132e-06 1.78305570669472e-05
12600 16040 -2978 2.74112794691903e-05 1.93701555430889e-05 5.20423491686233e-06 1.8642690980807e-05
12600 15840 -2978 2.67205844504529e-05 1.7446612957865e-05 4.54269615266094e-06 1.98198513388634e-05
12600 15640 -2978 2.49872408790325e-05 1.44278364479542e-05 3.54079224214365e-06 2.00541829634458e-05
12600 15440 -2978 2.38354028960784e-05 1.14025185937062e-05 2.5724755800693e-06 2.0772370358929e-05
12600 15240 -2978 2.34019167036794e-05 8.52819051250481e-06 1.52892795572393e-06 2.16153616737574e-05
12800 15240 -2978 2.30939597234158e-05 8.28003265021834e-06 6.05924421744021e-07 2.15942950844765e-05
12800 15440 -2978 2.42811162495053e-05 1.14979677749798e-05 1.83952661668081e-06 2.14396007321775e-05
12800 15640 -2978 2.487252844061e-05 1.41461900696158e-05 2.5713083099181e-06 2.04411351680756e-05
12800 15840 -2978 2.65907751148649e-05 1.72170987166464e-05 3.6607299158004e-06 1.98646184820682e-05
12800 16040 -2978 2.69601473586221e-05 1.89399482756853e-05 4.40910529872053e-06 1.86452259235084e-05
12800 16240 -2978 2.85106434269394e-05 2.15695639401674e-05 4.91532232693862e-06 1.79847242534161e-05
12800 16440 -2978 2.95094969755513e-05 2.34799249283969e-05 5.90364928042982e-06 1.67876355368644e-05
12800 16640 -2978 3.03928046053457e-05 2.52398906983435e-05 6.37803909422019e-06 1.5416372067295e-05
12800 16840 -2978 3.09352901385132e-05 2.65317112021148e-05 6.91136909963098e-06 1.42400946877897e-05
12800 17040 -2978 3.19930826271723e-05 2.81118863336742e-05 7.34315484436229e-06 1.32830450916663e-05
13000 17040 -2978 3.1760186198676e-05 2.81320695877075e-05 6.18271120963618e-06 1.33817102862522e-05
13000 16840 -2978 3.06823170029821e-05 2.66360508687794e-05 5.61439646675717e-06 1.40983468266204e-05
13000 16640 -2978 2.99877579995419e-05 2.52402023635805e-05 5.02249507931992e-06 1.54585163909942e-05
13000 16440 -2978 2.91037433260389e-05 2.34262312464416e-05 4.63117305794731e-06 1.66099212113768e-05
13000 16240 -2978 2.83366466052671e-05 2.16599671393633e-05 4.14553461838659e-06 1.77825569547713e-05
13000 16040 -2978 2.75370947342034e-05 1.96200625300407e-05 3.42642592693937e-06 1.89747205227613e-05
13000 15840 -2978 2.65886520977392e-05 1.7382216271013e-05 2.77185613583788e-06 1.9928165782243e-05
13000 15640 -2978 2.50226975783983e-05 1.42461483590305e-05 1.74669456756783e-06 2.0379099342972e-05
13000 15440 -2978 2.44302681118965e-05 1.16310896677896e-05 1.03125150370033e-06 2.14536967333406e-05
13000 15240 -2978 2.39672724135482e-05 8.68966193171218e-06 2.83387173298252e-07 2.23307083398104e-05
13200 15240 -2978 2.39201463024633e-05 8.12589325429872e-06 -4.67439099422336e-07 2.24182653464377e-05
13200 15440 -2978 2.48312499093331e-05 1.14222413040698e-05 2.09903818845305e-07 2.20472065359354e-05
13200 15640 -2978 2.57726970234906e-05 1.45183519963175e-05 1.05623009685223e-06 2.12922723479569e-05
13200 15840 -2978 2.69281947939231e-05 1.73331633936614e-05 1.70743663736153e-06 2.05551247224212e-05
13200 16040 -2978 2.72903649634276e-05 1.93212932609022e-05 2.28898918391769e-06 1.90659957267344e-05
13200 16240 -2978 2.78953139381865e-05 2.1354342661798e-05 2.67710058982266e-06 1.80241272263229e-05
13200 16440 -2978 2.93128964089458e-05 2.36275194846094e-05 3.44265658321092e-06 1.70039505567402e-05
13200 16640 -2978 2.97934036754736e-05 2.50942165628076e-05 4.01940124790417e-06 1.5585972154513e-05
13200 16840 -2978 3.10776508655174e-05 2.70831415094435e-05 4.58015573600278e-06 1.45213380046189e-05
13200 17040 -2978 3.13985243371905e-05 2.80621530637145e-05 5.09529015322914e-06 1.31084230132401e-05
13400 17040 -2978 3.13552256546497e-05 2.82337691150606e-05 3.7617766654439e-06 1.30621703527868e-05
13400 16840 -2978 3.02570722939724e-05 2.65394458174706e-05 3.28233851794175e-06 1.41017493344843e-05
13400 16640 -2978 3.00320614141703e-05 2.54257177710533e-05 2.71185557102672e-06 1.56880758684129e-05
13400 16440 -2978 2.88288433622793e-05 2.36722307093441e-05 1.91950127268615e-06 1.65497684944421e-05
13400 16240 -2978 2.81788482591952e-05 2.17449798323214e-05 1.66099467157619e-06 1.78040604926646e-05
13400 16040 -2978 2.74867839164485e-05 1.96207987889648e-05 1.08280187453261e-06 1.91831330321729e-05
13400 15840 -2978 2.64998508944726e-05 1.71146614924073e-05 5.89097715172329e-07 2.00996704287827e-05
13400 15640 -2978 2.60838714745069e-05 1.47631131522357e-05 1.39636945342318e-07 2.14424575231969e-05
13400 15440 -2978 2.49438316796498e-05 1.14850178891793e-05 -9.78259795291706e-07 2.21714520715177e-05
13400 15240 -2978 2.50258289955533e-05 8.63463477996993e-06 -1.22172046851483e-06 2.34572504404932e-05
13600 15240 -2978 2.51972956661073e-05 8.34195017721504e-06 -2.0472366415288e-06 2.38295179419219e-05
13600 15440 -2978 2.61458060945341e-05 1.1766481523402e-05 -1.65183176593564e-06 2.31740277521312e-05
13600 15640 -2978 2.65227942560902e-05 1.44702152311802e-05 -9.02665039781823e-07 2.23337628915906e-05
13600 15840 -2978 2.72409807882704e-05 1.73318195343018e-05 -5.10254208236802e-07 2.10099668391049e-05
13600 16040 -2978 2.78805780694937e-05 1.96841301284731e-05 -1.25215891790504e-07 1.99037530235946e-05
13600 16240 -2978 2.85563375157388e-05 2.17741062119603e-05 2.77078732678092e-07 1.82820327784866e-05
13600 16440 -2978 2.97637266016756e-05 2.40190074406564e-05 1.2200684735094e-06 1.74697886817157e-05
13600 16640 -2978 3.01411820952066e-05 2.55769300088286e-05 1.48080220509291e-06 1.59147823434323e-05
13600 16840 -2978 3.0273138273432e-05 2.66873406022787e-05 1.98332206685154e-06 1.4153274747543e-05
13600 17040 -2978 3.17240625504708e-05 2.85834397375584e-05 2.85744130474995e-06 1.32664056522772e-05
13800 17040 -2978 3.13219969974455e-05 2.84745829105377e-05 1.33215267218657e-06 1.28349928222597e-05
13800 16840 -2978 3.10285076921847e-05 2.74702220261097e-05 7.90908569493695e-07 1.4375546451658e-05
13800 16640 -2978 3.06894541774899e-05 2.62127557396889e-05 4.99294581936738e-07 1.58034312576055e-05
13800 16440 -2978 2.96612557253875e-05 2.42005484625697e-05 -3.30770659472364e-07 1.71468404112384e-05
13800 16240 -2978 2.9389149072446e-05 2.25059924125671e-05 -7.70827858002122e-07 1.88551307618618e-05
13800 16040 -2978 2.80371822935919e-05 1.97636567801237e-05 -1.28011244189838e-06 1.98931368105113e-05
13800 15840 -2978 2.81284471683318e-05 1.79508491326124e-05 -1.80487018754138e-06 2.16949965208769e-05
13800 15640 -2978 2.74463967984322e-05 1.50501814261079e-05 -2.0802124301099e-06 2.28516215495765e-05
13800 15440 -2978 2.65735622205277e-05 1.17093588452626e-05 -2.5256273937739e-06 2.37550083324313e-05
13800 15240 -2978 2.63801267480228e-05 8.36183295026421e-06 -3.05966107442509e-06 2.48320218883455e-05
14000 15240 -2978 2.76419694209606e-05 8.42939639929682e-06 -4.11843207026686e-06 2.59833138920367e-05
14000 15440 -2978 2.83788827532066e-05 1.23852185551077e-05 -3.66570066317218e-06 2.5325997389853e-05
14000 15640 -2978 2.83652543220584e-05 1.50401673447341e-05 -3.44162412644073e-06 2.38475936912e-05
14000 15840 -2978 2.91914284111417e-05 1.80916356761008e-05 -3.10436432193819e-06 2.25642779767513e-05
14000 16040 -2978 2.9120294293862e-05 2.01304027345031e-05 -2.83357250333211e-06 2.08501628860831e-05
14000 16240 -2978 2.93459184032102e-05 2.21744642145932e-05 -2.42092054484237e-06 1.90225931983441e-05
14000 16440 -2978 3.0254849028048e-05 2.43679940626025e-05 -1.90592067780381e-06 1.77584050763398e-05
14000 16640 -2978 3.10707332623677e-05 2.64081598073244e-05 -1.17423808277454e-06 1.62593832947314e-05
14000 16840 -2978 3.12725291384528e-05 2.76442606709898e-05 -6.08630677676047e-07 1.46085501704365e-05
14000 17040 -2978 3.20595272692323e-05 2.91966989412904e-05 2.03546001482437e-07 1.32410206813365e-05
14200 17040 -2978 3.24022695571911e-05 2.95970212779939e-05 -1.36219333836743e-06 1.32134132925421e-05
14200 16840 -2978 3.17331025325517e-05 2.81663021482527e-05 -1.90808399199159e-06 1.4398854477331e-05
14200 16640 -2978 3.08022024748149e-05 2.63877249993384e-05 -2.89415780189665e-06 1.56752812303603e-05
14200 16440 -2978 3.07675179060349e-05 2.4925836250186e-05 -3.1771190911968e-06 1.7631016895175e-05
14200 16240 -2978 3.06394021651015e-05 2.33101013042033e-05 -3.56829382838623e-06 1.95621936749667e-05
14200 16040 -2978 3.04629403605556e-05 2.0995007917285e-05 -4.36181556447991e-06 2.15668486319482e-05
14200 15840 -2978 2.96608159087946e-05 1.83643980883062e-05 -4.65864899480948e-06 2.281884014979e-05
14200 15640 -2978 3.01846751079194e-05 1.58340458385646e-05 -4.97433428716613e-06 2.51247811615467e-05
14200 15440 -2978 2.97890338815892e-05 1.24674145746976e-05 -5.07306881831028e-06 2.65118690393865e-05
14200 15240 -2978 2.99931649415338e-05 9.25825638510287e-06 -4.92204523444889e-06 2.80456439554691e-05
14400 15240 -2978 3.17727341394331e-05 8.99663917743601e-06 -6.92509235229227e-06 2.96750773228705e-05
14400 15440 -2978 3.17085120423602e-05 1.26867492571473e-05 -6.7183421808295e-06 2.83799519650638e-05
14400 15640 -2978 3.18332889099975e-05 1.62008271478117e-05 -6.67095348052681e-06 2.66990889310837e-05
14400 15840 -2978 3.16063027606299e-05 1.90842383243144e-05 -6.32857482903637e-06 2.45277433544397e-05
14400 16040 -2978 3.11961594007043e-05 2.11043344438076e-05 -6.29603864764795e-06 2.2106149353087e-05
14400 16240 -2978 3.08934708739696e-05 2.31648139283061e-05 -5.78377310006181e-06 1.96383833698928e-05
14400 16440 -2978 3.12622600242779e-05 2.50146652273834e-05 -5.15623980486998e-06 1.7827642980963e-05
14400 16640 -2978 3.12428229156605e-05 2.65650417618453e-05 -4.48228571898108e-06 1.59400974046439e-05
14400 16840 -2978 3.19604980348158e-05 2.84033638089895e-05 -3.50883800744487e-06 1.42667089775205e-05
14400 17040 -2978 3.25368230473875e-05 2.97813664935529e-05 -2.84188091306714e-06 1.28680332452059e-05
14600 17040 -2978 3.29783258712958e-05 3.01301482096315e-05 -4.34312539827079e-06 1.26632138136774e-05
14600 16840 -2978 3.28072666904901e-05 2.91122317165136e-05 -5.11456352073583e-06 1.42350255418569e-05
14600 16640 -2978 3.25641416698169e-05 2.7739026311785e-05 -5.98003406703356e-06 1.59337294679135e-05
14600 16440 -2978 3.20032448627047e-05 2.56932903900743e-05 -6.94234696729109e-06 1.77129672225565e-05
14600 16240 -2978 3.22328400830778e-05 2.40382552817464e-05 -7.38196999952197e-06 2.02167818043381e-05
14600 16040 -2978 3.23412987160659e-05 2.18708207271993e-05 -8.31642573047429e-06 2.21957591846585e-05
14600 15840 -2978 3.25814071536816e-05 1.94117210656404e-05 -8.80199630488642e-06 2.46560728028417e-05
14600 15640 -2978 3.3312589063965e-05 1.66538280453533e-05 -9.06551704916637e-06 2.73896878808737e-05
14600 15440 -2978 3.41045246025e-05 1.36592968208715e-05 -8.67827795865014e-06 3.01121092066169e-05
14600 15240 -2978 3.50207659581254e-05 1.01409541256726e-05 -8.16585380584002e-06 3.24838054999709e-05
14800 15240 -2978 3.90837400191623e-05 1.0968411417678e-05 -1.040471584443e-05 3.5982797563076e-05
14800 15440 -2978 3.75904695351635e-05 1.44217296782881e-05 -1.16103400960565e-05 3.26987968087196e-05
14800 15640 -2978 3.62907418179325e-05 1.77064568456262e-05 -1.17007815511897e-05 2.94379183836281e-05
14800 15840 -2978 3.53311506218623e-05 2.06962588988245e-05 -1.12667532162741e-05 2.62157826982439e-05
14800 16040 -2978 3.38876990163803e-05 2.23252433128655e-05 -1.09553153757006e-05 2.29561160057783e-05
14800 16240 -2978 3.36672105346054e-05 2.46781673505902e-05 -1.00823027426377e-05 2.05813059993088e-05
14800 16440 -2978 3.35199028684695e-05 2.66691296845674e-05 -9.01961587159894e-06 1.83299832064658e-05
14800 16640 -2978 3.34827174871106e-05 2.82037324085832e-05 -7.86547143536154e-06 1.62411886155605e-05
14800 16840 -2978 3.36503046744354e-05 2.98383531868458e-05 -6.79712702333927e-06 1.40487730279565e-05
14800 17040 -2978 3.35133062730629e-05 3.06942552030087e-05 -5.95030526175106e-06 1.23528673290275e-05
15000 17040 -2978 3.4023421935741e-05 3.09534542374313e-05 -7.75230668042786e-06 1.16159011293203e-05
15000 16840 -2978 3.4050253728733e-05 3.007033258304e-05 -8.76178879151121e-06 1.32920412607491e-05
15000 16640 -2978 3.42328177509701e-05 2.89274040423334e-05 -9.84532598021906e-06 1.53927417714149e-05
15000 16440 -2978 3.40971657182264e-05 2.72126778513193e-05 -1.10107039017603e-05 1.7345064824447e-05
15000 16240 -2978 3.51505125066777e-05 2.58873434141278e-05 -1.23605968132615e-05 2.03130408078432e-05
15000 16040 -2978 3.57998110532823e-05 2.36298041902483e-05 -1.34664665888995e-05 2.32201744876802e-05
15000 15840 -2978 3.68331291864673e-05 2.14641542751342e-05 -1.43530292268842e-05 2.62236496061087e-05
15000 15640 -2978 3.89373033834851e-05 1.93780085593462e-05 -1.48782802596688e-05 3.02812359705567e-05
15000 15440 -2978 4.11931508076425e-05 1.58212706558406e-05 -1.51484455820173e-05 3.50724251195788e-05
15000 15240 -2978 4.42692324141241e-05 1.21134095173329e-05 -1.40479264650494e-05 4.01955969035625e-05
15200 15240 -2978 5.02404691285173e-05 1.35613182727247e-05 -1.94363833814859e-05 4.42717654258013e-05
15200 15440 -2978 4.59696983661487e-05 1.77252918966115e-05 -1.97163443341851e-05 3.76478191912174e-05
15200 15640 -2978 4.21420937321694e-05 2.03910511080176e-05 -1.90914834775031e-05 3.14639674648642e-05
15200 15840 -2978 3.93341632247858e-05 2.26872339732945e-05 -1.79175240807235e-05 2.66571879647672e-05
15200 16040 -2978 3.77723384384613e-05 2.46537436805665e-05 -1.66988652516156e-05 2.31174752041698e-05
15200 16240 -2978 3.63705855308944e-05 2.6399720530957e-05 -1.50689612645656e-05 2.00395176112652e-05
15200 16440 -2978 3.59291701727425e-05 2.82547902725637e-05 -1.3403487380594e-05 1.76346590127796e-05
15200 16640 -2978 3.52459742971336e-05 2.95907629877329e-05 -1.19843764510006e-05 1.48379999548197e-05
15200 16840 -2978 3.54902400822024e-05 3.12095272913575e-05 -1.04611584618688e-05 1.3190906509757e-05
15200 17040 -2978 3.49885688460075e-05 3.18880329504609e-05 -9.24880095478147e-06 1.10034502893686e-05
15400 17040 -2978 3.56379585184445e-05 3.23136704564095e-05 -1.10234477077611e-05 1.02363819396123e-05
15400 16840 -2978 3.62503633757325e-05 3.18247367441654e-05 -1.23844483774155e-05 1.21614314299077e-05
15400 16640 -2978 3.6077455197554e-05 3.02787104994059e-05 -1.40561882667243e-05 1.39540379215032e-05
15400 16440 -2978 3.69474922310348e-05 2.91706074178219e-05 -1.57235023286194e-05 1.62952250763774e-05
15400 16240 -2978 3.78805688878619e-05 2.75244021862745e-05 -1.77527025043964e-05 1.90994440354407e-05
15400 16040 -2978 3.92911567650493e-05 2.59640192985535e-05 -1.96237977705896e-05 2.19244394414127e-05
15400 15840 -2978 4.13755316220965e-05 2.41592724509537e-05 -2.16166648231447e-05 2.57591664530337e-05
15400 15640 -2978 4.45280054403858e-05 2.22103257328272e-05 -2.3545627746731e-05 3.0419343136251e-05
15400 15440 -2978 4.93377910376167e-05 1.99176796711981e-05 -2.60602192878723e-05 3.69680793210864e-05
15400 15240 -2978 5.60966690391469e-05 1.65121268704534e-05 -2.7857253819704e-05 4.58566635921597e-05
15600 15240 -2978 5.98719615021639e-05 2.01923836302012e-05 -3.77632866352797e-05 4.18762438297272e-05
15600 15440 -2978 5.29391791224664e-05 2.24795839898288e-05 -3.29684918671846e-05 3.48979211077094e-05
15600 15640 -2978 4.75430393265971e-05 2.40088327266276e-05 -2.90259483121336e-05 2.90070829987526e-05
15600 15840 -2978 4.39111037664554e-05 2.57607352770865e-05 -2.56453397199512e-05 2.44368761740625e-05
15600 16040 -2978 4.15065437341441e-05 2.75524316616356e-05 -2.28235198296607e-05 2.12173900902271e-05
15600 16240 -2978 3.95065921114263e-05 2.8517724968493e-05 -2.0550023149699e-05 1.79669201225042e-05
15600 16440 -2978 3.83501788838269e-05 3.00430668666959e-05 -1.82463159300387e-05 1.53369589112699e-05
15600 16640 -2978 3.76337813374489e-05 3.12914164066315e-05 -1.59472572971135e-05 1.33221857473254e-05
15600 16840 -2978 3.71772428597691e-05 3.24075505509973e-05 -1.44775237068534e-05 1.12209165878594e-05
15600 17040 -2978 3.67960387283418e-05 3.32059562951326e-05 -1.25646855458617e-05 9.62129832431674e-06
15800 17040 -2978 3.80059597585869e-05 3.4211547292769e-05 -1.40303121358156e-05 8.81305759213865e-06
15800 16840 -2978 3.80851766539588e-05 3.30252218693495e-05 -1.61442429125309e-05 1.0029202173464e-05
15800 16640 -2978 3.86525716749819e-05 3.20992949530482e-05 -1.81369934491813e-05 1.16062926566228e-05
15800 16440 -2978 3.93515853962976e-05 3.07824402451515e-05 -2.05045633725822e-05 1.35158003414981e-05
15800 16240 -2978 4.12984147526356e-05 3.01629136241973e-05 -2.29093728177249e-05 1.62071186751127e-05
15800 16040 -2978 4.32594806172559e-05 2.88188653253019e-05 -2.59298999793828e-05 1.89839470125735e-05
15800 15840 -2978 4.54702119326362e-05 2.73896778821945e-05 -2.91435485035181e-05 2.16666573286056e-05
15800 15640 -2978 4.94395077509988e-05 2.64565722979605e-05 -3.31410555653274e-05 2.54241133369506e-05
15800 15440 -2978 5.47406827094256e-05 2.4843617092818e-05 -3.87233699187636e-05 2.95654862746596e-05
15800 15240 -2978 6.21440437390582e-05 2.37277013845742e-05 -4.60470666214824e-05 3.42913716435432e-05
16000 15240 -2978 6.25810054682471e-05 2.594244710356e-05 -5.07432652115822e-05 2.61617967970669e-05
16000 15440 -2978 5.66436645897095e-05 2.72133609317243e-05 -4.28836764022708e-05 2.47458488345146e-05
16000 15640 -2978 5.15696060170771e-05 2.78180333003402e-05 -3.73035780563951e-05 2.21414979733527e-05
16000 15840 -2978 4.78734940575968e-05 2.93469064384699e-05 -3.24224276021123e-05 1.95435387976468e-05
16000 16040 -2978 4.50795170697338e-05 3.02378036305308e-05 -2.88462401069701e-05 1.69036245383322e-05
16000 16240 -2978 4.27316149644704e-05 3.09784719832242e-05 -2.5536432787776e-05 1.44290058910847e-05
16000 16440 -2978 4.0988290032754e-05 3.18866173401475e-05 -2.27912364192307e-05 1.2385588449426e-05
16000 16640 -2978 4.01136762900436e-05 3.30537502914667e-05 -2.01641536764801e-05 1.05840462911874e-05
16000 16840 -2978 3.90986393746368e-05 3.38318394944072e-05 -1.76650776602328e-05 8.71867301128805e-06
16000 17040 -2978 3.87627427132294e-05 3.46608909741044e-05 -1.57506254278123e-05 7.28633365733549e-06
16200 17040 -2978 3.96552635393538e-05 3.51838667541742e-05 -1.71993436031044e-05 6.22705638525076e-06
16200 16840 -2978 4.05204089560746e-05 3.48828494772315e-05 -1.92512446902692e-05 7.36123241245514e-06
16200 16640 -2978 4.13309316308209e-05 3.4174594424665e-05 -2.15579061694443e-05 8.7176744285971e-06
16200 16440 -2978 4.26435452928736e-05 3.34139129593968e-05 -2.441569493711e-05 1.0223571680719e-05
16200 16240 -2978 4.41461843204902e-05 3.22654435560107e-05 -2.75981515161693e-05 1.20900279190391e-05
16200 16040 -2978 4.65137740338297e-05 3.17221837043762e-05 -3.08974665030837e-05 1.41195894852281e-05
16200 15840 -2978 4.90483450268196e-05 3.04376283064485e-05 -3.50048490911722e-05 1.57388296592981e-05
16200 15640 -2978 5.28108844305587e-05 2.99087216556072e-05 -3.94541240185499e-05 1.801561871171e-05
16200 15440 -2978 5.74639686207e-05 2.89831684790552e-05 -4.54479243531823e-05 1.99047029204667e-05
16200 15240 -2978 6.30250475190192e-05 2.84351577945054e-05 -5.22990321964025e-05 2.06494891904295e-05
16400 15240 -2978 6.33577362170296e-05 3.014688943699e-05 -5.31560866758227e-05 1.65423568282276e-05
16400 15440 -2978 5.88643056651798e-05 3.1030244063586e-05 -4.70780842900276e-05 1.62508354168385e-05
16400 15640 -2978 5.44609517843981e-05 3.15768524780869e-05 -4.19765485152602e-05 1.47074886169285e-05
16400 15840 -2978 5.09019806033476e-05 3.21908134445548e-05 -3.71732837930322e-05 1.32873392943293e-05
16400 16040 -2978 4.81135401540627e-05 3.27770498283207e-05 -3.32779302299023e-05 1.15618432187475e-05
16400 16240 -2978 4.59290978866374e-05 3.37227225005627e-05 -2.93877460286021e-05 1.04221112634987e-05
16400 16440 -2978 4.41289278928294e-05 3.43404772207141e-05 -2.6313729532063e-05 8.74791353847831e-06
16400 16640 -2978 4.25412419860702e-05 3.46762323975563e-05 -2.36070814728737e-05 6.99006137784454e-06
16400 16840 -2978 4.15956425591446e-05 3.5644887752831e-05 -2.06567582339048e-05 5.59044061118038e-06
16400 17040 -2978 4.09301462675701e-05 3.62268229573965e-05 -1.84958790540695e-05 4.53821748313203e-06
16600 17040 -2978 4.2110128720902e-05 3.6958222784102e-05 -1.9970413390547e-05 2.92152332564365e-06
16600 16840 -2978 4.31519965283705e-05 3.68297671973705e-05 -2.19894483201206e-05 4.48066609495436e-06
16600 16640 -2978 4.37034518703597e-05 3.58593349978328e-05 -2.44302866570652e-05 5.18763013754506e-06
16600 16440 -2978 4.52296001746423e-05 3.53495596572757e-05 -2.74965605959296e-05 6.37819625454722e-06
16600 16240 -2978 4.71485044135766e-05 3.49326566979289e-05 -3.06729219779372e-05 7.85836521210149e-06
16600 16040 -2978 4.94515107810058e-05 3.42285576835275e-05 -3.45463297367096e-05 8.96709870314226e-06
16600 15840 -2978 5.20573236835979e-05 3.34954521805048e-05 -3.86081689149141e-05 9.93054011184723e-06
16600 15640 -2978 5.55017176788821e-05 3.30895982570946e-05 -4.29895916506648e-05 1.14283867471386e-05
16600 15440 -2978 5.96624131508503e-05 3.30021817982197e-05 -4.81612579599023e-05 1.26549614164978e-05
16600 15240 -2978 6.39972885526463e-05 3.22902838364243e-05 -5.36775431782007e-05 1.31093044793233e-05
16800 15240 -2978 6.48047752072636e-05 3.40967146232724e-05 -5.41957880929112e-05 9.93535939697176e-06
16800 15440 -2978 6.09607740389467e-05 3.43817973136902e-05 -4.94668273627758e-05 9.3349330779165e-06
16800 15640 -2978 5.7222665313059e-05 3.48151540532708e-05 -4.45291943177581e-05 8.69366260850802e-06
16800 15840 -2978 5.36199071416746e-05 3.48058102205396e-05 -4.00442237108946e-05 7.58646244867123e-06
16800 16040 -2978 5.11460902336294e-05 3.56910904347897e-05 -3.60209671258926e-05 6.66276355297305e-06
16800 16240 -2978 4.87823048359528e-05 3.61615654975176e-05 -3.22122994661331e-05 5.86032722392702e-06
16800 16440 -2978 4.67446549620032e-05 3.63205844983459e-05 -2.90931901857257e-05 4.41182434288203e-06
16800 16640 -2978 4.5322630006689e-05 3.68432820439339e-05 -2.61712457872927e-05 3.43499612797928e-06
16800 16840 -2978 4.42584990296294e-05 3.76664779707789e-05 -2.32786922305822e-05 2.7602686491773e-06
16800 17040 -2978 4.289245479419e-05 3.74056978672743e-05 -2.0947619844228e-05 1.29354474089632e-06
17000 17040 -2978 4.41803377278853e-05 3.8489079117775e-05 -2.16907773241401e-05 -1.22933785918576e-07
17000 16840 -2978 4.48995031109233e-05 3.78483713567257e-05 -2.41501459740102e-05 4.86430555368315e-07
17000 16640 -2978 4.61069320925717e-05 3.77815233469009e-05 -2.65132377147675e-05 1.60019760338491e-06
17000 16440 -2978 4.78849115084795e-05 3.73620382025838e-05 -2.96824193298817e-05 2.36602617564495e-06
17000 16240 -2978 5.00566241145503e-05 3.74281765297055e-05 -3.30685399919748e-05 3.41375792913459e-06
17000 16040 -2978 5.21918612586015e-05 3.67384354323149e-05 -3.68475833758712e-05 4.20772079069866e-06
17000 15840 -2978 5.46078846107392e-05 3.61344958171248e-05 -4.06742248982191e-05 4.65563757868949e-06
17000 15640 -2978 5.79992681367808e-05 3.62010519132018e-05 -4.49679106771946e-05 5.59338485245826e-06
17000 15440 -2978 6.18790111143049e-05 3.61455442756414e-05 -4.97256102636456e-05 6.34443463619391e-06
17000 15240 -2978 6.58780574281659e-05 3.59612933844328e-05 -5.48594617396593e-05 6.96712013985962e-06
17200 15240 -2978 6.66897487019092e-05 3.71228288561106e-05 -5.52789011001587e-05 3.79106048727408e-06
17200 15440 -2978 6.32049098756071e-05 3.78490906208754e-05 -5.04914630576968e-05 3.59431910792773e-06
17200 15640 -2978 5.97480928990039e-05 3.77849507778883e-05 -4.61863100454211e-05 3.04520799113015e-06
17200 15840 -2978 5.65030605545432e-05 3.78440665602684e-05 -4.18867445662618e-05 2.43202876199211e-06
17200 16040 -2978 5.362463577886e-05 3.78555170893669e-05 -3.79401388540864e-05 1.76273992542338e-06
17200 16240 -2978 5.14112173310136e-05 3.83511840850115e-05 -3.41290589123964e-05 1.30395179771585e-06
17200 16440 -2978 4.94142335631387e-05 3.84711819142103e-05 -3.10815079733729e-05 5.37623446856742e-07
17200 16640 -2978 4.76078544829642e-05 3.85452628955245e-05 -2.79396882914007e-05 -2.33492301959814e-07
17200 16840 -2978 4.6058778772042e-05 3.8668177805841e-05 -2.49930098131299e-05 -1.24543764994087e-06
17200 17040 -2978 4.53509690903344e-05 3.92460177540779e-05 -2.26607349514961e-05 -1.71801610501916e-06
17400 17040 -2978 4.61338577049877e-05 3.95883324667811e-05 -2.34054817520082e-05 -3.69924585380068e-06
17400 16840 -2978 4.73270474994207e-05 3.96259544566274e-05 -2.57111875936389e-05 -2.86855937057771e-06
17400 16640 -2978 4.86978265752606e-05 3.96914161741734e-05 -2.8241085767746e-05 -2.13760760917558e-06
17400 16440 -2978 5.02683545728404e-05 3.92210260033607e-05 -3.13865913078189e-05 -1.866685576902e-06
17400 16240 -2978 5.24157752684077e-05 3.91897615641356e-05 -3.47786173298955e-05 -1.38281584238575e-06
17400 16040 -2978 5.46370954998574e-05 3.87653577551246e-05 -3.84882808998227e-05 -1.05426569425435e-06
17400 15840 -2978 5.7051901183824e-05 3.85772945582867e-05 -4.21413898840547e-05 -7.78553810268931e-07
17400 15640 -2978 6.02120473302806e-05 3.87342986091971e-05 -4.6279635310173e-05 -2.0383778573887e-07
17400 15440 -2978 6.38923253674186e-05 3.86492260321975e-05 -5.10475797206164e-05 1.0164642786367e-07
17400 15240 -2978 6.79666918938174e-05 3.8895925976336e-05 -5.57298483997584e-05 7.17826196784699e-07
17600 15240 -2978 6.91785013294486e-05 4.05724442228675e-05 -5.59775583148003e-05 -2.42377135053539e-06
17600 15440 -2978 6.54729068919618e-05 4.03476970568299e-05 -5.14940380454063e-05 -2.67000465767705e-06
17600 15640 -2978 6.18763406409315e-05 3.99600573852658e-05 -4.71354224532843e-05 -3.00262200032739e-06
17600 15840 -2978 5.85394998678815e-05 3.97742484211922e-05 -4.28349049016833e-05 -3.31318739543349e-06
17600 16040 -2978 5.61502984146489e-05 4.01157865077257e-05 -3.91330204680562e-05 -3.60724053528247e-06
17600 16240 -2978 5.35902110509296e-05 4.02292776554823e-05 -3.52223324924707e-05 -3.59210712411732e-06
17600 16440 -2978 5.15521483682236e-05 4.00032610222697e-05 -3.23129892349243e-05 -3.88112197915325e-06
17600 16640 -2978 4.96090210948843e-05 3.99395553395152e-05 -2.90447119288146e-05 -4.37638820387656e-06
17600 16840 -2978 4.81571543824317e-05 4.02109806835652e-05 -2.61535443589091e-05 -4.43916859578167e-06
17600 17040 -2978 4.6987672776832e-05 4.01329414024949e-05 -2.38348032645881e-05 -5.39356660336489e-06
17800 17040 -2978 4.81899794173821e-05 4.11109550893307e-05 -2.41906563900411e-05 -6.85387710056966e-06
17800 16840 -2978 4.9425342323503e-05 4.12578754946589e-05 -2.64567517787218e-05 -6.32425486965804e-06
17800 16640 -2978 5.07914221587976e-05 4.11738620698452e-05 -2.9051820538938e-05 -6.00654984993161e-06
17800 16440 -2978 5.25179222932291e-05 4.11692980229855e-05 -3.20987557247281e-05 -5.83083200496912e-06
17800 16240 -2978 5.46812495460198e-05 4.1214775107801e-05 -3.54795039668679e-05 -5.86481240505236e-06
17800 16040 -2978 5.68352940692779e-05 4.0748144313693e-05 -3.92021546810865e-05 -5.70917248906335e-06
17800 15840 -2978 5.95604959730527e-05 4.10988468080759e-05 -4.27171858921647e-05 -5.79478222684702e-06
17800 15640 -2978 6.26245780310889e-05 4.12030031755567e-05 -4.68063997477293e-05 -5.62784093340451e-06
17800 15440 -2978 6.61221838951524e-05 4.13928321152925e-05 -5.12558277249336e-05 -5.49144999633427e-06
17800 15240 -2978 7.00871934974701e-05 4.14453426375985e-05 -5.62126115784049e-05 -5.88502251618775e-06
18000 15240 -2978 7.11197656161711e-05 4.31615505293012e-05 -5.58701515719294e-05 -8.54015973140486e-06
18000 15440 -2978 6.72808046562084e-05 4.23072719797492e-05 -5.15567641854286e-05 -8.87138543557375e-06
18000 15640 -2978 6.38071782053353e-05 4.19353966712952e-05 -4.7372409388423e-05 -8.15426749878679e-06
18000 15840 -2978 6.0805839371418e-05 4.18205856308341e-05 -4.33717403486371e-05 -8.2024909806205e-06
18000 16040 -2978 5.80992075867105e-05 4.18673516139388e-05 -3.94714295566082e-05 -7.81188883632421e-06
18000 16240 -2978 5.57205236848689e-05 4.18099068328738e-05 -3.59988219812513e-05 -7.83084696298465e-06
18000 16440 -2978 5.34770721756683e-05 4.14599394723773e-05 -3.2825944557786e-05 -7.94182439224096e-06
18000 16640 -2978 5.1915145024715e-05 4.18209374472499e-05 -2.97367355115712e-05 -7.89441854134202e-06
18000 16840 -2978 5.04374119955693e-05 4.17540992572903e-05 -2.70770759619773e-05 -8.12839406140847e-06
18000 17040 -2978 4.91296389742169e-05 4.17251964211464e-05 -2.45758387446404e-05 -8.32006123103202e-06
18200 17040 -2978 4.99201974023613e-05 4.21847754567862e-05 -2.46169112659991e-05 -1.0018382582115e-05
18200 16840 -2978 5.14241881127094e-05 4.27677814140916e-05 -2.6908334299922e-05 -9.61558757908642e-06
18200 16640 -2978 5.25694368741527e-05 4.2186052903533e-05 -2.9687395170331e-05 -1.0249900855124e-05
18200 16440 -2978 5.44629099187619e-05 4.27396593019366e-05 -3.23235744945705e-05 -9.73224596213549e-06
18200 16240 -2978 5.65110324791468e-05 4.24014829546213e-05 -3.58408213406801e-05 -1.00683532236144e-05
18200 16040 -2978 5.87144063564297e-05 4.24862227365375e-05 -3.92707018256187e-05 -1.02261434746906e-05
18200 15840 -2978 6.14680161893651e-05 4.29486660733819e-05 -4.27014311626554e-05 -1.05736186169088e-05
18200 15640 -2978 6.43858737763777e-05 4.30117759406566e-05 -4.66466943174601e-05 -1.06685872003436e-05
18200 15440 -2978 6.78075983953095e-05 4.30413384884596e-05 -5.11091447994113e-05 -1.14197971839458e-05
18200 15240 -2978 7.1833527468595e-05 4.3796369060874e-05 -5.58088450878859e-05 -1.17108405968174e-05
18400 15240 -2978 7.25675840343716e-05 4.4983724296093e-05 -5.50668559372425e-05 -1.46351551786065e-05
18400 15440 -2978 6.88618012108623e-05 4.46601249501109e-05 -5.04875769540668e-05 -1.36953659374267e-05
18400 15640 -2978 6.53924540827607e-05 4.36313995048404e-05 -4.68511166870594e-05 -1.35199142070487e-05
18400 15840 -2978 6.24840610538025e-05 4.40355984196067e-05 -4.25058457329869e-05 -1.25085789784789e-05
18400 16040 -2978 6.00173908679045e-05 4.36630559489131e-05 -3.92800205722451e-05 -1.24061836563051e-05
18400 16240 -2978 5.76881789570103e-05 4.34921495094895e-05 -3.59274021163583e-05 -1.2043221736094e-05
18400 16440 -2978 5.54903270450939e-05 4.3026657499373e-05 -3.29238106533885e-05 -1.19020074363798e-05
18400 16640 -2978 5.3518176370103e-05 4.27758914530277e-05 -2.98913867175579e-05 -1.19895277703181e-05
18400 16840 -2978 5.23261505314059e-05 4.3335666552186e-05 -2.70598800070584e-05 -1.13657293037977e-05
18400 17040 -2978 5.1019775967693e-05 4.30475567132235e-05 -2.48910265490413e-05 -1.14176266426221e-05
18600 17040 -2978 5.17191037392997e-05 4.34981967881322e-05 -2.47575183361769e-05 -1.30458412440494e-05
18600 16840 -2978 5.30881142235498e-05 4.3832176335156e-05 -2.68780271299183e-05 -1.31695022722706e-05
18600 16640 -2978 5.44010535644823e-05 4.38590194731951e-05 -2.94059020802379e-05 -1.29706855127588e-05
18600 16440 -2978 5.60928958817296e-05 4.36935019046068e-05 -3.22957320436835e-05 -1.4005698043853e-05
18600 16240 -2978 5.8159246588731e-05 4.36925770714879e-05 -3.56123974695802e-05 -1.42916168132797e-05
18600 16040 -2978 6.03565828794713e-05 4.40339621752501e-05 -3.8681921005249e-05 -1.46314409207553e-05
18600 15840 -2978 6.31170857901723e-05 4.45050262138247e-05 -4.19937347993255e-05 -1.50943324901164e-05
18600 15640 -2978 6.56695322043834e-05 4.46237837895751e-05 -4.55321983769536e-05 -1.56711853276938e-05
18600 15440 -2978 6.93088112872844e-05 4.53132625594735e-05 -4.98724684864283e-05 -1.63259495943785e-05
18600 15240 -2978 7.33449040661507e-05 4.59022205471993e-05 -5.4424285210669e-05 -1.76364985983819e-05
18800 15240 -2978 7.3489223091628e-05 4.65783945173025e-05 -5.32001559212804e-05 -2.0021550508216e-05
18800 15440 -2978 7.00578696349027e-05 4.57838091775775e-05 -4.94097031131387e-05 -1.93522667698562e-05
18800 15640 -2978 6.68686919653821e-05 4.56569707617164e-05 -4.54299909248948e-05 -1.79906019940972e-05
18800 15840 -2978 6.38399989495179e-05 4.51199606731534e-05 -4.16777719780803e-05 -1.73395860437304e-05
18800 16040 -2978 6.14453317232307e-05 4.49037887752056e-05 -3.85077691823244e-05 -1.66155344229192e-05
18800 16240 -2978 5.8937231104194e-05 4.46043776124716e-05 -3.51196634843946e-05 -1.5778860675171e-05
18800 16440 -2978 5.70980196295084e-05 4.44960946142673e-05 -3.23371950015426e-05 -1.54503587111831e-05
18800 16640 -2978 5.55498495064669e-05 4.46372892186046e-05 -2.94978631064296e-05 -1.48571092877537e-05
18800 16840 -2978 5.36755289624885e-05 4.42128241211176e-05 -2.67400647141039e-05 -1.45347009506077e-05
18800 17040 -2978 5.26269740887548e-05 4.43050121888518e-05 -2.43876138702035e-05 -1.42248139539734e-05
19000 17040 -2978 5.3341942321611e-05 4.48158148527145e-05 -2.43181069418788e-05 -1.5666233798489e-05
19000 16840 -2978 5.45256505560782e-05 4.49481518566609e-05 -2.63847779072821e-05 -1.60077060982585e-05
19000 16640 -2978 5.59194099103759e-05 4.48670257031918e-05 -2.89304957985878e-05 -1.66607431136072e-05
19000 16440 -2978 5.76997828997485e-05 4.50978697091341e-05 -3.15453559309244e-05 -1.71527913212776e-05
19000 16240 -2978 5.97559237000019e-05 4.56928220391273e-05 -3.43650645725429e-05 -1.73775363117456e-05
19000 16040 -2978 6.19497416110657e-05 4.58029128089547e-05 -3.75563072413206e-05 -1.82456384282559e-05
19000 15840 -2978 6.43573867953398e-05 4.56288405954838e-05 -4.06844274029136e-05 -1.95759077817202e-05
19000 15640 -2978 6.71608350172792e-05 4.62217249125242e-05 -4.42621929571033e-05 -2.03963840976358e-05
19000 15440 -2978 7.04155078361132e-05 4.67911067605019e-05 -4.8080559797585e-05 -2.12421034686267e-05
19000 15240 -2978 7.38687250922309e-05 4.74933689460158e-05 -5.1932561725378e-05 -2.23937473334372e-05
