# amount of points in x direction: 66 (distance of 200 steps)
# amount of points in y direction: 10 (distance of 200 steps)
# abs. coordinates of point 1: P1 (, , ) (offsets not corrected)
# Offsets of the hall probe have already been corrected for all following coordinates.
#
# X (absolute in steps=10um) Y (absolute in steps=10um) Z (absolute in steps=10um) Babs(in T) Bx By Bz
6000 15240 -2978 4.76605675994989e-05 4.49414136260748e-05 3.01023954898119e-06 -1.5381196603179e-05
6000 15440 -2978 4.78946323314235e-05 4.50263617858291e-05 3.8360705973173e-06 -1.58684313297272e-05
6000 15640 -2978 4.83068030533556e-05 4.52657434791327e-05 4.30653766548494e-06 -1.61577167082578e-05
6000 15840 -2978 4.86639115711476e-05 4.5549018971622e-05 5.009373077075e-06 -1.64615128859878e-05
6000 16040 -2978 4.88493329094667e-05 4.55780518651009e-05 5.84096179436892e-06 -1.66530763357878e-05
6000 16240 -2978 4.92592886297966e-05 4.58458884209394e-05 6.33922467427328e-06 -1.68479900173843e-05
6000 16440 -2978 4.94215068414054e-05 4.58329724669457e-05 7.03603680524975e-06 -1.70973143912852e-05
6000 16640 -2978 4.9605543981186e-05 4.59657939597964e-05 7.78096818644554e-06 -1.70385077670217e-05
6000 16840 -2978 4.97373919173898e-05 4.5978027574718e-05 8.20983620081097e-06 -1.70507310330868e-05
6000 17040 -2978 4.988954331325e-05 4.6002982288599e-05 8.69384396728128e-06 -1.73567227460444e-05
6200 17040 -2978 4.94942136257957e-05 4.56194012612104e-05 8.48763146065176e-06 -1.72640063464642e-05
6200 16840 -2978 4.93555403261273e-05 4.55012920349836e-05 8.13760416861624e-06 -1.73026351295412e-05
6200 16640 -2978 4.8921397516609e-05 4.52161450013518e-05 7.53557477053255e-06 -1.69360344298184e-05
6200 16440 -2978 4.85717575888348e-05 4.49492815509439e-05 6.97877881769091e-06 -1.69186127893627e-05
6200 16240 -2978 4.84058754118341e-05 4.50035686641931e-05 6.23923762212507e-06 -1.67170884720981e-05
6200 16040 -2978 4.79929489575454e-05 4.46969701945782e-05 5.66016507986933e-06 -1.64671995472163e-05
6200 15840 -2978 4.77287957321023e-05 4.4559260211885e-05 4.91345045343041e-06 -1.62798541262746e-05
6200 15640 -2978 4.74552852961448e-05 4.43930183500052e-05 4.23588161830776e-06 -1.62271787822247e-05
6200 15440 -2978 4.70255830870256e-05 4.40906913802028e-05 3.53363638133487e-06 -1.60002314038575e-05
6200 15240 -2978 4.67046064713697e-05 4.40045371353626e-05 2.81714416929753e-06 -1.54808237496763e-05
6400 15240 -2978 4.59232122426314e-05 4.3129055030644e-05 2.28480762762774e-06 -1.55901228729635e-05
6400 15440 -2978 4.62329134051816e-05 4.33014312535524e-05 3.131052231598e-06 -1.58159182220697e-05
6400 15640 -2978 4.67053452172094e-05 4.36496741846204e-05 4.00140873112832e-06 -1.61271182671189e-05
6400 15840 -2978 4.70102275292552e-05 4.38652186319232e-05 4.65749029617291e-06 -1.63131273537874e-05
6400 16040 -2978 4.74501669270745e-05 4.40926470384002e-05 5.31512076035142e-06 -1.66757579836994e-05
6400 16240 -2978 4.75361403451062e-05 4.40425636097789e-05 6.08778425166383e-06 -1.69868165329099e-05
6400 16440 -2978 4.80235154926497e-05 4.4397773206234e-05 6.74258973309771e-06 -1.68589519448578e-05
6400 16640 -2978 4.84875989141034e-05 4.47647298574448e-05 7.39505672268569e-06 -1.71020275205374e-05
6400 16840 -2978 4.86438566134356e-05 4.48095447123051e-05 7.98912412486971e-06 -1.70427488125861e-05
6400 17040 -2978 4.89414805873662e-05 4.50048427432775e-05 8.5827103164047e-06 -1.72039580140263e-05
6600 17040 -2978 4.83080115342061e-05 4.43247380927205e-05 8.37441329145804e-06 -1.72873009294272e-05
6600 16840 -2978 4.81564430788666e-05 4.42135599032044e-05 8.08898068778217e-06 -1.71236986313015e-05
6600 16640 -2978 4.77959486659931e-05 4.40617842823267e-05 7.39589553419501e-06 -1.70275986418128e-05
6600 16440 -2978 4.74160578107775e-05 4.38134941756725e-05 6.69907026318833e-06 -1.69766488522291e-05
6600 16240 -2978 4.70682334648699e-05 4.34986481666565e-05 5.97665629768744e-06 -1.69166887402535e-05
6600 16040 -2978 4.65319375559339e-05 4.31155986636877e-05 5.21552586718462e-06 -1.67052283585072e-05
6600 15840 -2978 4.62532447064491e-05 4.29240270778537e-05 4.62536978395656e-06 -1.65980872288346e-05
6600 15640 -2978 4.58614971568313e-05 4.26938460767269e-05 3.758072821307e-06 -1.64292232096195e-05
6600 15440 -2978 4.54288420952616e-05 4.23604520782828e-05 2.80524639734358e-06 -1.61366218049079e-05
6600 15240 -2978 4.49049903543273e-05 4.20636330619454e-05 2.04490862685452e-06 -1.57080478202552e-05
6800 15240 -2978 4.38104438821099e-05 4.08243864625692e-05 1.48117911323243e-06 -1.59486183151603e-05
6800 15440 -2978 4.44434440827058e-05 4.12791415378451e-05 2.406830882137e-06 -1.62929236460477e-05
6800 15640 -2978 4.50205433618048e-05 4.17212257236242e-05 3.30312016227981e-06 -1.66013742368668e-05
6800 15840 -2978 4.55119641549934e-05 4.20541215017438e-05 4.29032498004381e-06 -1.69763884693384e-05
6800 16040 -2978 4.55930330391699e-05 4.20302316322923e-05 5.14136353315553e-06 -1.68618675023317e-05
6800 16240 -2978 4.61996642377284e-05 4.25704068168998e-05 5.7213992010802e-06 -1.70760279614478e-05
6800 16440 -2978 4.65267317007811e-05 4.27335601523519e-05 6.30631010141224e-06 -1.72861231155693e-05
6800 16640 -2978 4.71379001177255e-05 4.32837155461311e-05 7.18031309405342e-06 -1.72123288661242e-05
6800 16840 -2978 4.76581696193946e-05 4.36717632189393e-05 7.91344309318811e-06 -1.73921474479139e-05
6800 17040 -2978 4.77959030227212e-05 4.37625234052539e-05 8.35069950763136e-06 -1.72825421541929e-05
7000 17040 -2978 4.72094443280146e-05 4.31036745607853e-05 8.21873691119254e-06 -1.74453222863376e-05
7000 16840 -2978 4.68647408223025e-05 4.28352965191007e-05 7.71326960064471e-06 -1.73766157962382e-05
7000 16640 -2978 4.65681563772352e-05 4.25948620513081e-05 7.41307533113286e-06 -1.72804154269397e-05
7000 16440 -2978 4.59538723007696e-05 4.2099884159863e-05 6.4187371628359e-06 -1.71846844218671e-05
7000 16240 -2978 4.55153312881671e-05 4.17667985409498e-05 5.73390470072627e-06 -1.71521928347647e-05
7000 16040 -2978 4.51433025417735e-05 4.14695767760277e-05 5.06799613428302e-06 -1.70121667124331e-05
7000 15840 -2978 4.45978355823692e-05 4.10177395120263e-05 3.98558104404947e-06 -1.70777906514704e-05
7000 15640 -2978 4.41173593478925e-05 4.07079017534852e-05 3.26026456763975e-06 -1.66906802020967e-05
7000 15440 -2978 4.35603507965614e-05 4.0239981226623e-05 2.22060076132493e-06 -1.64835676252842e-05
7000 15240 -2978 4.2868609302918e-05 3.96290104463697e-05 1.2430987326909e-06 -1.62554869577289e-05
7200 15240 -2978 4.19008396115993e-05 3.84817269146442e-05 8.83404163389059e-07 -1.66336950920522e-05
7200 15440 -2978 4.25073412685519e-05 3.90017863735557e-05 1.69909989238022e-06 -1.68631795272231e-05
7200 15640 -2978 4.30736496831472e-05 3.94324710965157e-05 2.96696144206362e-06 -1.70767871700227e-05
7200 15840 -2978 4.3571421374451e-05 3.98902413621545e-05 3.99172679289768e-06 -1.70739311464131e-05
7200 16040 -2978 4.41357057239331e-05 4.02662852108478e-05 4.88174392504152e-06 -1.72093106806278e-05
7200 16240 -2978 4.47550194832887e-05 4.08427162319422e-05 5.66091784229502e-06 -1.73648675233126e-05
7200 16440 -2978 4.52650481565259e-05 4.13088432401419e-05 6.35656365472823e-06 -1.73735769353807e-05
7200 16640 -2978 4.5867923100931e-05 4.16905862018466e-05 7.09204236231744e-06 -1.73844115436077e-05
7200 16840 -2978 4.62544202112528e-05 4.21276529803872e-05 7.66967962589115e-06 -1.74320828039199e-05
7200 17040 -2978 4.66460285870801e-05 4.24026591852307e-05 8.36096091009676e-06 -1.73962642587721e-05
7400 17040 -2978 4.58730506121772e-05 4.15823582336307e-05 8.25691738724709e-06 -1.75022676773369e-05
7400 16840 -2978 4.55504025547198e-05 4.13110815435648e-05 7.79181730560958e-06 -1.73637942932546e-05
7400 16640 -2978 4.49702793878667e-05 4.0834176748991e-05 6.9357278207317e-06 -1.75154707916081e-05
7400 16440 -2978 4.46399652181744e-05 4.06068009436131e-05 6.17730066133663e-06 -1.7486164893955e-05
7400 16240 -2978 4.39835909654483e-05 3.99562374278903e-05 5.58697962062434e-06 -1.76181625649333e-05
7400 16040 -2978 4.33414484169908e-05 3.93628071323037e-05 4.82616576936562e-06 -1.75755080170929e-05
7400 15840 -2978 4.28400329011422e-05 3.89970993101597e-05 3.52014822662204e-06 -1.74185156337917e-05
7400 15640 -2978 4.22347554037356e-05 3.8369433157146e-05 2.91007899450051e-06 -1.74114472568035e-05
7400 15440 -2978 4.15498184162124e-05 3.77594943568111e-05 1.66380618096264e-06 -1.72580342255533e-05
7400 15240 -2978 4.08233785091251e-05 3.71134415045381e-05 3.38270974365969e-07 -1.70958891957998e-05
7600 15240 -2978 3.97720343845671e-05 3.56546815037727e-05 3.62603731126001e-07 -1.76955856457353e-05
7600 15440 -2978 4.0480840742064e-05 3.63712166398764e-05 1.51213740063758e-06 -1.76684227772057e-05
7600 15640 -2978 4.10056156560633e-05 3.67990739569068e-05 2.69411374823903e-06 -1.78239316679537e-05
7600 15840 -2978 4.20408948104344e-05 3.78654416948557e-05 3.75761595362565e-06 -1.78752757757902e-05
7600 16040 -2978 4.25030141295305e-05 3.84000780433416e-05 4.62958124386205e-06 -1.7577669583261e-05
7600 16240 -2978 4.31376003728359e-05 3.89670947566628e-05 5.62258986965753e-06 -1.75952824689448e-05
7600 16440 -2978 4.39156623055932e-05 3.97018138095737e-05 6.26097630802542e-06 -1.77985856495798e-05
7600 16640 -2978 4.42874171473966e-05 4.01667664572597e-05 6.82184142433107e-06 -1.75364109240472e-05
7600 16840 -2978 4.49502319281763e-05 4.06854242831469e-05 7.76897354051471e-06 -1.74603164754808e-05
7600 17040 -2978 4.55672462910687e-05 4.12096482440829e-05 8.15436067152769e-06 -1.7571325905621e-05
7800 17040 -2978 4.51836029912113e-05 4.02084282562137e-05 8.89882728457451e-06 -1.87174059525132e-05
7800 16840 -2978 4.43761410729494e-05 4.00712362527847e-05 7.53376902081072e-06 -1.76183824539185e-05
7800 16640 -2978 4.37159448621162e-05 3.93711309954524e-05 7.04026548657566e-06 -1.76012815237045e-05
7800 16440 -2978 4.30489973467545e-05 3.86020958796144e-05 6.60082453768701e-06 -1.78752197660506e-05
7800 16240 -2978 4.24292954690741e-05 3.81075044721365e-05 5.54586700070649e-06 -1.80525247938931e-05
7800 16040 -2978 4.17198080417492e-05 3.74033280909061e-05 4.7379834492458e-06 -1.79997628740966e-05
7800 15840 -2978 4.07786570861589e-05 3.6414480343461e-05 3.75319828609645e-06 -1.79139302521944e-05
7800 15640 -2978 3.99754809780391e-05 3.56504544615746e-05 2.71887813754711e-06 -1.78763798587024e-05
7800 15440 -2978 3.93317298006191e-05 3.49089430049062e-05 1.53631706082069e-06 -1.80552041605115e-05
7800 15240 -2978 3.85533749288831e-05 3.39651903286576e-05 -3.88918923727033e-09 -1.82094307877123e-05
8000 15240 -2978 3.72167755318683e-05 3.21384572088718e-05 -2.04394958275316e-08 -1.86697446592152e-05
8000 15440 -2978 3.83001041916993e-05 3.33661754801869e-05 1.26504658399972e-06 -1.87615556940436e-05
8000 15640 -2978 3.90029305204467e-05 3.42307499572635e-05 2.81762245977006e-06 -1.84889379628003e-05
8000 15840 -2978 3.98036394211467e-05 3.51903333291411e-05 3.66503529869624e-06 -1.81506094187498e-05
8000 16040 -2978 4.06262857789718e-05 3.59531674236059e-05 4.66392015456222e-06 -1.82949586249888e-05
8000 16240 -2978 4.14736536231633e-05 3.68614439889789e-05 5.51564255682751e-06 -1.80254422128201e-05
8000 16440 -2978 4.2215062790941e-05 3.76215061917901e-05 6.34184668492526e-06 -1.78352821320295e-05
8000 16640 -2978 4.30148323384086e-05 3.84796708673239e-05 7.1881663557142e-06 -1.78210529647768e-05
8000 16840 -2978 4.35844223474063e-05 3.90436407700181e-05 7.74875096790492e-06 -1.78202467747033e-05
8000 17040 -2978 4.43143376961845e-05 3.96382357180118e-05 8.50065533164889e-06 -1.77660280652344e-05
8200 17040 -2978 4.33879486314696e-05 3.87392208054662e-05 8.4922921769321e-06 -1.75973813794553e-05
8200 16840 -2978 4.29728046066437e-05 3.8367619805038e-05 7.59204908646643e-06 -1.78324276693165e-05
8200 16640 -2978 4.23422891670278e-05 3.76403507143259e-05 7.26768786180765e-06 -1.787371821329e-05
8200 16440 -2978 4.14535816062625e-05 3.67138189300895e-05 6.54303315002471e-06 -1.81079428046942e-05
8200 16240 -2978 4.072499872929e-05 3.57441855296493e-05 6.26015853276476e-06 -1.8459072265774e-05
8200 16040 -2978 3.98164857087428e-05 3.49321028441191e-05 5.00233667320572e-06 -1.84660818763077e-05
8200 15840 -2978 3.90711372675242e-05 3.40601014047861e-05 3.98172114444605e-06 -1.87245602458715e-05
8200 15640 -2978 3.77985176549222e-05 3.2713760048151e-05 2.71695485405508e-06 -1.89022924527526e-05
8200 15440 -2978 3.71785763427135e-05 3.17269633337855e-05 1.37256351949327e-06 -1.91545991115272e-05
8200 15240 -2978 3.60349237747504e-05 3.03350610211492e-05 1.72524378462185e-07 -1.9399538654834e-05
8400 15240 -2978 3.49948045636734e-05 2.86476712301373e-05 2.12533077792841e-07 -2.01451223678887e-05
8400 15440 -2978 3.58706004361787e-05 2.99020618349314e-05 1.82545918666801e-06 -1.97132128477097e-05
8400 15640 -2978 3.69893139541752e-05 3.13192365169525e-05 2.98410287276784e-06 -1.9301812697202e-05
8400 15840 -2978 3.77411440606927e-05 3.25251809880137e-05 4.11276722652838e-06 -1.8719473335892e-05
8400 16040 -2978 3.89215325817995e-05 3.3767486602068e-05 5.0136086025741e-06 -1.87131608277559e-05
8400 16240 -2978 3.9782889026912e-05 3.47937364503741e-05 5.95912493159994e-06 -1.83978549353778e-05
8400 16440 -2978 4.04667947429009e-05 3.56582381054759e-05 6.44770710589364e-06 -1.80132896788418e-05
8400 16640 -2978 4.15065559215232e-05 3.66832504048944e-05 7.19695148617029e-06 -1.80286490283906e-05
8400 16840 -2978 4.21924237014928e-05 3.74043410569429e-05 7.94777251500636e-06 -1.78783616609871e-05
8400 17040 -2978 4.29097253879872e-05 3.80896591842175e-05 8.40903243329376e-06 -1.78700973149389e-05
8600 17040 -2978 4.22542386128252e-05 3.73607076779008e-05 8.65363766252995e-06 -1.77210706993938e-05
8600 16840 -2978 4.16240938498843e-05 3.66744702607393e-05 8.01997730508447e-06 -1.79785534441471e-05
8600 16640 -2978 4.08507665196039e-05 3.58674315884709e-05 7.67517817532644e-06 -1.81127813570201e-05
8600 16440 -2978 3.99704905214658e-05 3.49030454829335e-05 6.69893587986007e-06 -1.83119709044695e-05
8600 16240 -2978 3.89573625965289e-05 3.37729814127088e-05 5.88641507830471e-06 -1.84461024701595e-05
8600 16040 -2978 3.78523971721113e-05 3.25270592495799e-05 5.36012302152813e-06 -1.86531542055309e-05
8600 15840 -2978 3.70175855517103e-05 3.13561105206609e-05 4.42634354461916e-06 -1.91694647483528e-05
8600 15640 -2978 3.57138203212794e-05 2.97228384539485e-05 3.60628095301217e-06 -1.94685534611344e-05
8600 15440 -2978 3.46779532161039e-05 2.81228237226605e-05 2.24467932473635e-06 -2.00544809214771e-05
8600 15240 -2978 3.34757452992906e-05 2.6457402702421e-05 7.25358704135033e-07 -2.06330629885197e-05
8800 15240 -2978 3.19549441959605e-05 2.41366414874792e-05 1.27527254053621e-06 -2.07433259859681e-05
8800 15440 -2978 3.3126384402785e-05 2.6115857116878e-05 2.77616282437793e-06 -2.03566791675985e-05
8800 15640 -2978 3.44116922162568e-05 2.80430507585406e-05 3.78840982949623e-06 -1.96924264840782e-05
8800 15840 -2978 3.56659978411814e-05 2.96926113441587e-05 4.627835122752e-06 -1.92336300760508e-05
8800 16040 -2978 3.68522606399561e-05 3.11834741607308e-05 5.61248614871874e-06 -1.88196719624102e-05
8800 16240 -2978 3.80137914977912e-05 3.26383463665843e-05 6.29732263553888e-06 -1.84059401601553e-05
8800 16440 -2978 3.91171640640949e-05 3.38265700116754e-05 6.85448145866394e-06 -1.8301347117871e-05
8800 16640 -2978 3.9905460806805e-05 3.47859619855881e-05 7.63845657464117e-06 -1.81033866368234e-05
8800 16840 -2978 4.10694377854053e-05 3.60596466809511e-05 8.23026766255498e-06 -1.78656965903938e-05
8800 17040 -2978 4.17033133972437e-05 3.67018057703972e-05 8.7943377327174e-06 -1.77427006214857e-05
9000 17040 -2978 4.10202199206753e-05 3.5905977152288e-05 8.77168684173375e-06 -1.77052962537855e-05
9000 16840 -2978 4.03645670381403e-05 3.52970808818936e-05 8.21535439416766e-06 -1.78750474862754e-05
9000 16640 -2978 3.94449501666895e-05 3.42529979497194e-05 7.98479141201824e-06 -1.7869363989681e-05
9000 16440 -2978 3.81891897538013e-05 3.286651853472e-05 7.06870131427422e-06 -1.81454496532679e-05
9000 16240 -2978 3.69649262447765e-05 3.13578216731548e-05 6.57897088956088e-06 -1.83579373881221e-05
9000 16040 -2978 3.58855698323695e-05 3.00652416497469e-05 5.58043138426729e-06 -1.87806856185198e-05
9000 15840 -2978 3.46117655583579e-05 2.85408475659788e-05 5.0422411931213e-06 -1.8920098811388e-05
9000 15640 -2978 3.32342602662701e-05 2.64466954618692e-05 4.44606228766497e-06 -1.97609627880156e-05
9000 15440 -2978 3.1865273925965e-05 2.42939497418702e-05 3.26918950830986e-06 -2.03776533640921e-05
9000 15240 -2978 3.03260427552495e-05 2.18386632241309e-05 2.13809094401222e-06 -2.09302511960268e-05
9200 15240 -2978 2.84373668781848e-05 1.94491726607084e-05 2.91056323655357e-06 -2.06693297587335e-05
9200 15440 -2978 3.00486140423794e-05 2.23061673492193e-05 3.68819357236498e-06 -1.97927090674639e-05
9200 15640 -2978 3.18443398133301e-05 2.48219528533518e-05 4.52086691324075e-06 -1.93923911489546e-05
9200 15840 -2978 3.33949881673175e-05 2.69931150265038e-05 5.28955176332965e-06 -1.88623763024807e-05
9200 16040 -2978 3.4889083976543e-05 2.89147202298045e-05 6.03401202708483e-06 -1.86166501790285e-05
9200 16240 -2978 3.61594958656337e-05 3.05189765170217e-05 6.59315986325964e-06 -1.81983130723238e-05
9200 16440 -2978 3.74223201699558e-05 3.18568516373634e-05 7.30746615771204e-06 -1.8201411396265e-05
9200 16640 -2978 3.84949961927422e-05 3.31996813938022e-05 7.72841811459512e-06 -1.7912688922137e-05
9200 16840 -2978 3.94994589943584e-05 3.42910513281822e-05 8.38327908236533e-06 -1.78658522330225e-05
9200 17040 -2978 4.04833346331662e-05 3.52662719637156e-05 9.14310633763671e-06 -1.78116249553859e-05
9400 17040 -2978 3.98845984936168e-05 3.46088219806552e-05 8.98998509626836e-06 -1.74920645803213e-05
9400 16840 -2978 3.91814229916262e-05 3.39029045552015e-05 8.47963679675013e-06 -1.77956611663103e-05
9400 16640 -2978 3.78395742234212e-05 3.24429153427482e-05 7.88954532891512e-06 -1.781697024405e-05
9400 16440 -2978 3.68919112013986e-05 3.12161855250597e-05 7.48629967262968e-06 -1.81801592558622e-05
9400 16240 -2978 3.53460512194839e-05 2.95352501645684e-05 6.9184125806205e-06 -1.8235953129828e-05
9400 16040 -2978 3.40348096583637e-05 2.79594543650746e-05 6.32718079537153e-06 -1.83925425373018e-05
9400 15840 -2978 3.23750912845735e-05 2.58272981382907e-05 5.64966275589541e-06 -1.86443394348025e-05
9400 15640 -2978 3.09257692253286e-05 2.37495839893818e-05 5.21251947479323e-06 -1.90945906043053e-05
9400 15440 -2978 2.8617217803469e-05 2.07765114530921e-05 4.32193867582828e-06 -1.94224286153913e-05
9400 15240 -2978 2.68600337130238e-05 1.75892240814865e-05 3.45832100327243e-06 -2.00134080946445e-05
9600 15240 -2978 2.52365157457939e-05 1.59621208328754e-05 3.86932146977051e-06 -1.9127769626677e-05
9600 15440 -2978 2.72415068062463e-05 1.92448933981359e-05 4.5233626820991e-06 -1.89163790903986e-05
9600 15640 -2978 2.93518428511995e-05 2.21123393252492e-05 5.35339202149771e-06 -1.85591715164483e-05
9600 15840 -2978 3.13726804276313e-05 2.46750782951713e-05 5.9914838927798e-06 -1.83644704669714e-05
9600 16040 -2978 3.31491567997157e-05 2.69124871268869e-05 6.53542679641396e-06 -1.82173771373928e-05
9600 16240 -2978 3.45247278157293e-05 2.85078108645976e-05 7.11240819841623e-06 -1.81710279509425e-05
9600 16440 -2978 3.57650804860316e-05 3.00802762135863e-05 7.54462059726938e-06 -1.79820474162698e-05
9600 16640 -2978 3.73942478587664e-05 3.17844987362623e-05 8.05062649026513e-06 -1.7904323451221e-05
9600 16840 -2978 3.8423611373474e-05 3.29980456382036e-05 8.65157308010384e-06 -1.77217287681997e-05
9600 17040 -2978 3.94239649867919e-05 3.40300867632032e-05 9.02553510572761e-06 -1.7670784316957e-05
9800 17040 -2978 3.86312713008832e-05 3.32232033088803e-05 9.00974068138748e-06 -1.76280062682927e-05
9800 16840 -2978 3.786331277386e-05 3.23871502429247e-05 8.66069307271392e-06 -1.75927949547768e-05
9800 16640 -2978 3.6891093443596e-05 3.12284354791045e-05 8.28280602674931e-06 -1.77678276188672e-05
9800 16440 -2978 3.51539620109868e-05 2.9400986596942e-05 7.70129789598287e-06 -1.76396211981773e-05
9800 16240 -2978 3.39364594049062e-05 2.79060650914908e-05 7.41723181586713e-06 -1.78989678174257e-05
9800 16040 -2978 3.24335252671901e-05 2.59126759395003e-05 6.76498491317034e-06 -1.82948562726378e-05
9800 15840 -2978 3.04444376552421e-05 2.37623150199652e-05 6.24297491554171e-06 -1.81489771157503e-05
9800 15640 -2978 2.85244482058066e-05 2.13167455606163e-05 5.69269636273384e-06 -1.81440002731979e-05
9800 15440 -2978 2.63726140665378e-05 1.8218744315207e-05 4.98942437930964e-06 -1.81128067746758e-05
9800 15240 -2978 2.41611264552839e-05 1.47438939791173e-05 4.63753532711416e-06 -1.84693099744618e-05
10000 15240 -2978 2.24845263205496e-05 1.35621658470482e-05 4.93430173047818e-06 -1.72416428402066e-05
10000 15440 -2978 2.54929620153519e-05 1.70742330309004e-05 5.46657476457767e-06 -1.80658019222319e-05
10000 15640 -2978 2.77735688246478e-05 2.00284283272922e-05 6.14837301708758e-06 -1.80258100926876e-05
10000 15840 -2978 3.00640862710479e-05 2.30745124965906e-05 6.79739423142746e-06 -1.80049003474414e-05
10000 16040 -2978 3.17573300659138e-05 2.52725391052663e-05 7.02226416021585e-06 -1.78985676169395e-05
10000 16240 -2978 3.31825296497807e-05 2.706057099998e-05 7.31731789093465e-06 -1.78804807588458e-05
10000 16440 -2978 3.46282899685584e-05 2.87505346462131e-05 7.54977117013186e-06 -1.76781828328967e-05
10000 16640 -2978 3.63293375466987e-05 3.05993933603168e-05 8.26333391107619e-06 -1.76606230810285e-05
10000 16840 -2978 3.73891220539377e-05 3.18655572235584e-05 8.61056654155254e-06 -1.75141728259623e-05
10000 17040 -2978 3.81889867346999e-05 3.27658720314503e-05 9.01946287229657e-06 -1.74196907933801e-05
10200 17040 -2978 3.77832383432894e-05 3.22005218788981e-05 9.18413652013988e-06 -1.75997610539198e-05
10200 16840 -2978 3.67801890134499e-05 3.11789062321186e-05 8.79630198795348e-06 -1.741118844226e-05
10200 16640 -2978 3.54800088432518e-05 2.9726782605052e-05 8.42470726557076e-06 -1.75520378723741e-05
10200 16440 -2978 3.4207272657944e-05 2.83560215495527e-05 7.76120211975649e-06 -1.76230927929282e-05
10200 16240 -2978 3.26653349119252e-05 2.6505796123296e-05 7.1808118140325e-06 -1.75676580294967e-05
10200 16040 -2978 3.08702220785358e-05 2.45234375335276e-05 6.61809768946842e-06 -1.73327443040907e-05
10200 15840 -2978 2.91603556838026e-05 2.24881113953888e-05 5.96168691944331e-06 -1.75803719684482e-05
10200 15640 -2978 2.69279891030246e-05 1.99119419269264e-05 5.47309997165576e-06 -1.7341274086386e-05
10200 15440 -2978 2.43615208322799e-05 1.66374133620411e-05 4.69134171376936e-06 -1.70461396444589e-05
10200 15240 -2978 2.17050215207707e-05 1.32372307218611e-05 3.82722300020396e-06 -1.66933318153024e-05
10400 15240 -2978 2.13159359865072e-05 1.27829574886709e-05 3.41271232244617e-06 -1.67334823124111e-05
10400 15440 -2978 2.37776763384633e-05 1.59642217606306e-05 4.60323002166115e-06 -1.70097557008266e-05
10400 15640 -2978 2.61215744406656e-05 1.89646945632994e-05 5.21429986515432e-06 -1.72230247408152e-05
10400 15840 -2978 2.84522283505122e-05 2.17252803370357e-05 5.91780320135877e-06 -1.74334986396134e-05
10400 16040 -2978 3.03537447357277e-05 2.38353530019522e-05 6.77613526722416e-06 -1.74775593206286e-05
10400 16240 -2978 3.19767434303991e-05 2.58988172523677e-05 7.05983966030181e-06 -1.74540290385485e-05
10400 16440 -2978 3.35097747738315e-05 2.74972907416522e-05 7.78970066271722e-06 -1.74964159429073e-05
10400 16640 -2978 3.50235425858501e-05 2.92013277336955e-05 8.31512254942209e-06 -1.74391061402857e-05
10400 16840 -2978 3.65257172400244e-05 3.07740398272872e-05 8.93647738266736e-06 -1.74112573750317e-05
10400 17040 -2978 3.75036623703038e-05 3.19051202014089e-05 9.17332602478564e-06 -1.74958004243672e-05
10600 17040 -2978 3.69815801450873e-05 3.1328930772841e-05 9.1847052918747e-06 -1.73372331820428e-05
10600 16840 -2978 3.6026685366726e-05 3.02959750667214e-05 8.66444085910916e-06 -1.74634607359767e-05
10600 16640 -2978 3.47086502957023e-05 2.88841869160533e-05 8.23004241380841e-06 -1.73971421048045e-05
10600 16440 -2978 3.3226528301054e-05 2.72367399223149e-05 7.86657731607557e-06 -1.73460638523102e-05
10600 16240 -2978 3.15997381861965e-05 2.54567981138825e-05 7.09224473917857e-06 -1.73261348195374e-05
10600 16040 -2978 3.00995740206601e-05 2.35938878282905e-05 6.68549365829676e-06 -1.73380493596196e-05
10600 15840 -2978 2.81367738080572e-05 2.14864319674671e-05 5.87120503187179e-06 -1.71045777387917e-05
10600 15640 -2978 2.61234714762118e-05 1.89417838230729e-05 5.23004180728458e-06 -1.70269282534719e-05
10600 15440 -2978 2.35575717050957e-05 1.59588831476867e-05 4.24689244254114e-06 -1.69187750555575e-05
10600 15240 -2978 2.07522095467087e-05 1.23701451886445e-05 2.98700929540064e-06 -1.64908686187118e-05
10800 15240 -2978 2.10690917023982e-05 1.25663143005222e-05 2.69176068958041e-06 -1.6695771753788e-05
10800 15440 -2978 2.29522587200287e-05 1.52793878726661e-05 3.90061923612666e-06 -1.6836164239794e-05
10800 15640 -2978 2.5506683439717e-05 1.8569003354758e-05 4.9950252182316e-06 -1.67616672441363e-05
10800 15840 -2978 2.73837527286507e-05 2.0576240375638e-05 5.75745051028207e-06 -1.71076965481043e-05
10800 16040 -2978 2.9342845709567e-05 2.30393133163452e-05 6.60391342034564e-06 -1.712324077636e-05
10800 16240 -2978 3.09559515808668e-05 2.47959270328283e-05 7.12794699706137e-06 -1.71062945276499e-05
10800 16440 -2978 3.27945521314322e-05 2.67440877221525e-05 7.59341874532402e-06 -1.73340800404549e-05
10800 16640 -2978 3.45017810216706e-05 2.85728857070208e-05 8.16105990391225e-06 -1.74145310111344e-05
10800 16840 -2978 3.58495256130241e-05 3.01100391745567e-05 8.77575944643468e-06 -1.74099862761796e-05
10800 17040 -2978 3.66768376550518e-05 3.10868699923158e-05 8.87558746896684e-06 -1.73044913373888e-05
11000 17040 -2978 3.65164367309675e-05 3.07093946114182e-05 9.22841869760305e-06 -1.74348330385983e-05
11000 16840 -2978 3.53495941874641e-05 2.96307912953198e-05 8.63199111726135e-06 -1.72365526072681e-05
11000 16640 -2978 3.39821791591633e-05 2.80970182605088e-05 8.27371561527252e-06 -1.7346271712333e-05
11000 16440 -2978 3.25259042822819e-05 2.65565247200429e-05 7.80828426359221e-06 -1.73400606922805e-05
11000 16240 -2978 3.08063635116366e-05 2.45661293081939e-05 7.20957481721416e-06 -1.72411982789636e-05
11000 16040 -2978 2.91732692416626e-05 2.26601149328053e-05 6.41725862864405e-06 -1.72673857100308e-05
11000 15840 -2978 2.72308061779596e-05 2.05285808183253e-05 5.79471175605431e-06 -1.69585640821606e-05
11000 15640 -2978 2.51856052070064e-05 1.80878788419068e-05 4.89385310630314e-06 -1.68283555470407e-05
11000 15440 -2978 2.32199874583389e-05 1.53917203918099e-05 3.84240062895697e-06 -1.68868875168264e-05
11000 15240 -2978 2.10275220966443e-05 1.23144957181066e-05 2.65874162552609e-06 -1.68559657335281e-05
11200 15240 -2978 2.09912039877643e-05 1.23029339704663e-05 2.58446831480978e-06 -1.68940532915294e-05
11200 15440 -2978 2.28681383912625e-05 1.50240923706442e-05 3.6996746857476e-06 -1.68531635776162e-05
11200 15640 -2978 2.49618597018302e-05 1.75333480462432e-05 4.73616647650488e-06 -1.71243940964341e-05
11200 15840 -2978 2.69163042925926e-05 2.00323795862496e-05 5.81510706571862e-06 -1.70533135980368e-05
11200 16040 -2978 2.87162435060202e-05 2.21349087432027e-05 6.21636341116391e-06 -1.7157335203141e-05
11200 16240 -2978 3.06356337553361e-05 2.42888387776911e-05 6.98930583428592e-06 -1.73136871159077e-05
11200 16440 -2978 3.20259718285787e-05 2.58884779922664e-05 7.71148706413805e-06 -1.71151667200029e-05
11200 16640 -2978 3.37169428873857e-05 2.77079125083983e-05 8.14372679125518e-06 -1.74006763100624e-05
11200 16840 -2978 3.48382590461486e-05 2.90739745274186e-05 8.56621093675494e-06 -1.71480100825429e-05
11200 17040 -2978 3.60446706439198e-05 3.02522945478558e-05 9.0195803353563e-06 -1.7357292804867e-05
11400 17040 -2978 3.58084631679329e-05 2.99696079716086e-05 9.03073768224567e-06 -1.74816800802946e-05
11400 16840 -2978 3.46877915800488e-05 2.88348412588239e-05 8.60118077974767e-06 -1.73171635903418e-05
11400 16640 -2978 3.3344710293435e-05 2.74121745601296e-05 8.19629739411175e-06 -1.71249262616038e-05
11400 16440 -2978 3.17686786582636e-05 2.56899402663112e-05 7.44752584816888e-06 -1.71255476884544e-05
11400 16240 -2978 3.02475073863312e-05 2.38857213929296e-05 6.92202794086188e-06 -1.70912181027234e-05
11400 16040 -2978 2.86616247318696e-05 2.20775613449514e-05 6.25219338107854e-06 -1.71776334755123e-05
11400 15840 -2978 2.68376418008723e-05 1.99228331074119e-05 5.59262745315209e-06 -1.71856959443539e-05
11400 15640 -2978 2.50604604667197e-05 1.76922165080905e-05 4.83156279847026e-06 -1.70782948434353e-05
11400 15440 -2978 2.27404665060896e-05 1.47411439884454e-05 3.58602696669186e-06 -1.69719916209579e-05
11400 15240 -2978 2.08628605168358e-05 1.1855083309114e-05 2.68592755229474e-06 -1.69997744783759e-05
11600 15240 -2978 2.07359623882865e-05 1.16007087472826e-05 2.67564087883511e-06 -1.7062330018729e-05
11600 15440 -2978 2.26545023485503e-05 1.4332131344825e-05 3.49533197418532e-06 -1.73318301551044e-05
11600 15640 -2978 2.45638614943192e-05 1.69656756967306e-05 4.53140431514475e-06 -1.70481420755386e-05
11600 15840 -2978 2.66179938403872e-05 1.9598079841584e-05 5.44826077576727e-06 -1.71557451039553e-05
11600 16040 -2978 2.81895860693597e-05 2.15519711151719e-05 6.30218360433355e-06 -1.72019581887871e-05
11600 16240 -2978 2.99572117013949e-05 2.36178863942623e-05 6.92413702094927e-06 -1.7184676989913e-05
11600 16440 -2978 3.14278144611535e-05 2.53520293980837e-05 7.37946357112378e-06 -1.69612012263387e-05
11600 16640 -2978 3.29698601203703e-05 2.70925516970456e-05 7.9386797202751e-06 -1.70288779195398e-05
11600 16840 -2978 3.41898479375705e-05 2.82554952539504e-05 8.66003446280956e-06 -1.71751677654684e-05
11600 17040 -2978 3.5826952695509e-05 3.00005053952336e-05 9.01640392746776e-06 -1.72032370641828e-05
11800 17040 -2978 3.5358853708956e-05 2.94971637316048e-05 8.83056272659451e-06 -1.74084972850978e-05
11800 16840 -2978 3.42790711487847e-05 2.83121446855366e-05 8.59894838370383e-06 -1.74246446751058e-05
11800 16640 -2978 3.29101598487344e-05 2.68421651795506e-05 8.08271410036832e-06 -1.72408387996256e-05
11800 16440 -2978 3.15146735430668e-05 2.5244988642633e-05 7.52288351301104e-06 -1.72994630150497e-05
11800 16240 -2978 2.98570383070612e-05 2.33824273720384e-05 7.03009455744177e-06 -1.71989338509738e-05
11800 16040 -2978 2.81375610023951e-05 2.13749162144959e-05 6.23135152086616e-06 -1.7188615873456e-05
11800 15840 -2978 2.64572945707621e-05 1.93409019596875e-05 5.65692261559889e-06 -1.71164928264916e-05
11800 15640 -2978 2.45550116522079e-05 1.69183309562504e-05 4.63508171052672e-06 -1.71922425813973e-05
11800 15440 -2978 2.26643861483328e-05 1.44599126875401e-05 3.60648710769965e-06 -1.70756720304489e-05
11800 15240 -2978 2.09643175946115e-05 1.14969127327204e-05 2.49064125891891e-06 -1.72627093344927e-05
12000 15240 -2978 2.07018142944736e-05 1.10078306999058e-05 2.69452950261075e-06 -1.73831168785691e-05
12000 15440 -2978 2.22678264267292e-05 1.3717435516417e-05 3.53296803236299e-06 -1.71333675272763e-05
12000 15640 -2978 2.43138927334258e-05 1.65796907767654e-05 4.60424102749676e-06 -1.71677857190371e-05
12000 15840 -2978 2.59985078266877e-05 1.89219693988562e-05 5.42099108430557e-06 -1.69851211048663e-05
12000 16040 -2978 2.7867041701414e-05 2.10531766414642e-05 6.01599543215707e-06 -1.72378526926041e-05
12000 16240 -2978 2.95339410114596e-05 2.30701860748231e-05 6.77971042320132e-06 -1.72337847277522e-05
12000 16440 -2978 3.10029208028723e-05 2.48709733486176e-05 7.27195156132802e-06 -1.70954073406756e-05
12000 16640 -2978 3.28226331333005e-05 2.66594450771809e-05 8.12022978626192e-06 -1.73118744213134e-05
12000 16840 -2978 3.42082602202244e-05 2.82934436574578e-05 8.56642068643123e-06 -1.7313716378063e-05
12000 17040 -2978 3.53689102521852e-05 2.95134451538324e-05 8.94981470983476e-06 -1.7263144666329e-05
12200 17040 -2978 3.50453863657138e-05 2.90754761323333e-05 8.95882323570549e-06 -1.74382173344493e-05
12200 16840 -2978 3.40674272261937e-05 2.81156376935542e-05 8.51806236151606e-06 -1.72494384981692e-05
12200 16640 -2978 3.2460546404542e-05 2.63427229076624e-05 7.81839400902391e-06 -1.73963663764298e-05
12200 16440 -2978 3.11378424996582e-05 2.48408346623182e-05 7.2196272034198e-06 -1.72946381233633e-05
12200 16240 -2978 2.95648381918468e-05 2.3009060356766e-05 6.88560253800824e-06 -1.72357025407255e-05
12200 16040 -2978 2.77219710774809e-05 2.10322163589299e-05 5.96130826184526e-06 -1.71128284186125e-05
12200 15840 -2978 2.60415787303994e-05 1.89704975858331e-05 5.45178396208212e-06 -1.7076538104564e-05
12200 15640 -2978 2.43181962035813e-05 1.65529077295214e-05 4.5761193628714e-06 -1.72172890976071e-05
12200 15440 -2978 2.2149399681857e-05 1.36668106727302e-05 3.68680845394556e-06 -1.69452365599573e-05
12200 15240 -2978 2.05399381992397e-05 1.08302319701761e-05 2.77853915790547e-06 -1.70005894768983e-05
12400 15240 -2978 2.04330045758217e-05 1.07731988988817e-05 2.8014556483613e-06 -1.68853868693113e-05
12400 15440 -2978 2.2158595764203e-05 1.35866754148155e-05 3.52737707443885e-06 -1.69439521618187e-05
12400 15640 -2978 2.40467477334105e-05 1.62547450773418e-05 4.45920173928607e-06 -1.7028051353991e-05
12400 15840 -2978 2.58011075485328e-05 1.86690189614892e-05 5.09875394008123e-06 -1.70195826031268e-05
12400 16040 -2978 2.75424793320764e-05 2.06443606652319e-05 5.93992919567973e-06 -1.72601044215262e-05
12400 16240 -2978 2.93360186337195e-05 2.26664308570325e-05 6.64439440378919e-06 -1.74097202681005e-05
12400 16440 -2978 3.08787983654714e-05 2.45453000068665e-05 7.1034601777792e-06 -1.72785349451005e-05
12400 16640 -2978 3.23527657870682e-05 2.61020800098777e-05 7.82747790776193e-06 -1.74127900749445e-05
12400 16840 -2978 3.37868443726998e-05 2.77593027278781e-05 8.25291517749429e-06 -1.72380617856979e-05
12400 17040 -2978 3.50658647999608e-05 2.91053314097226e-05 8.76063229516149e-06 -1.75075814500451e-05
12600 17040 -2978 3.48386806343992e-05 2.88579474464059e-05 8.74062366224826e-06 -1.74749909117818e-05
12600 16840 -2978 3.36142646891082e-05 2.74526676423848e-05 8.3275207169354e-06 -1.74919785931706e-05
12600 16640 -2978 3.24864490529334e-05 2.63211455978453e-05 7.7525528781116e-06 -1.74063290134072e-05
12600 16440 -2978 3.10141969528897e-05 2.45920066908002e-05 7.24342977814376e-06 -1.74541211351752e-05
12600 16240 -2978 2.90311526627481e-05 2.25145393610001e-05 6.44732893211767e-06 -1.71959110870957e-05
12600 16040 -2978 2.75400297143742e-05 2.06519752107561e-05 6.02291624527424e-06 -1.72054731696844e-05
12600 15840 -2978 2.58924921370308e-05 1.87038140036166e-05 5.20930054364726e-06 -1.70633979849517e-05
12600 15640 -2978 2.385736938683e-05 1.62312368452549e-05 4.47572045883862e-06 -1.69718693569303e-05
12600 15440 -2978 2.15968520965103e-05 1.329485735856e-05 3.50093922347878e-06 -1.69313019998372e-05
12600 15240 -2978 2.0199576192162e-05 1.07015192676336e-05 2.65612892603531e-06 -1.69246962405741e-05
12800 15240 -2978 2.00795640842792e-05 1.02839209511876e-05 2.53968735304079e-06 -1.68670306168497e-05
12800 15440 -2978 2.17290206544321e-05 1.34613994732499e-05 3.40508237326867e-06 -1.67136613838375e-05
12800 15640 -2978 2.38889117693493e-05 1.62369194831699e-05 4.35805710952263e-06 -1.69397527240217e-05
12800 15840 -2978 2.55274101148931e-05 1.82588973641396e-05 5.37895576679148e-06 -1.71034987308085e-05
12800 16040 -2978 2.74568719668207e-05 2.06014507636428e-05 5.8127954932861e-06 -1.70419171489775e-05
12800 16240 -2978 2.90295550164377e-05 2.23943561911583e-05 6.48182156635448e-06 -1.73278275839984e-05
12800 16440 -2978 3.05755757636808e-05 2.42089118212462e-05 7.07691130694002e-06 -1.72910959012806e-05
12800 16640 -2978 3.2239256241174e-05 2.59253108650446e-05 7.6980771208182e-06 -1.73986577689648e-05
12800 16840 -2978 3.37036165472503e-05 2.75664099045098e-05 8.32332528475672e-06 -1.76049473360181e-05
12800 17040 -2978 3.47411300911298e-05 2.86445070654154e-05 8.74363831523806e-06 -1.75105476379395e-05
13000 17040 -2978 3.48015828870843e-05 2.86787802353501e-05 8.71259397920221e-06 -1.76298221871257e-05
13000 16840 -2978 3.35908237085446e-05 2.75148423723877e-05 8.16375283244997e-06 -1.74536536671221e-05
13000 16640 -2978 3.24039889673235e-05 2.61094236597419e-05 7.63335919519886e-06 -1.75695619024336e-05
13000 16440 -2978 3.0806809145258e-05 2.42434328310192e-05 7.21111991209909e-06 -1.74226025417447e-05
13000 16240 -2978 2.89079659340997e-05 2.24556524381042e-05 6.34256936097518e-06 -1.71995538659394e-05
13000 16040 -2978 2.73632918614771e-05 2.04508375227451e-05 5.74590102653019e-06 -1.71411654390395e-05
13000 15840 -2978 2.55466827775788e-05 1.82590129226446e-05 5.13491291413084e-06 -1.71249247826636e-05
13000 15640 -2978 2.36709656400166e-05 1.5926097355783e-05 4.2685462833615e-06 -1.695193618536e-05
13000 15440 -2978 2.17197073589287e-05 1.32320460584015e-05 3.28513421280513e-06 -1.69075881801546e-05
13000 15240 -2978 1.97391303319667e-05 1.01765477042645e-05 2.39602908581401e-06 -1.67238687537611e-05
13200 15240 -2978 1.95872655320181e-05 1.02826031120494e-05 2.24227481211892e-06 -1.67133941277862e-05
13200 15440 -2978 2.14516074122947e-05 1.29317194707692e-05 3.2046579881353e-06 -1.6696687117219e-05
13200 15640 -2978 2.34038961607115e-05 1.57642766237259e-05 4.14263989320534e-06 -1.6644240282476e-05
13200 15840 -2978 2.53294562979671e-05 1.81702064871788e-05 4.81992763793096e-06 -1.69762554802e-05
13200 16040 -2978 2.75287221928952e-05 2.05167236626148e-05 5.58361658081413e-06 -1.73528712131083e-05
13200 16240 -2978 2.90302756620734e-05 2.23557900451124e-05 6.23960549011826e-06 -1.73532222062349e-05
13200 16440 -2978 3.06618840932614e-05 2.42669186331332e-05 6.98815280292183e-06 -1.75165620110929e-05
13200 16640 -2978 3.2090709776505e-05 2.57970362976193e-05 7.38395674340427e-06 -1.76094163767993e-05
13200 16840 -2978 3.35397211853445e-05 2.72938133776188e-05 8.05467578349635e-06 -1.76097655557096e-05
13200 17040 -2978 3.481748543064e-05 2.86887910328805e-05 8.56053688097745e-06 -1.77743570655584e-05
13400 17040 -2978 3.46277550369513e-05 2.84722036570311e-05 8.51804682705552e-06 -1.76573924012482e-05
13400 16840 -2978 3.37338800151198e-05 2.7508304271847e-05 8.02725619077682e-06 -1.78750071823597e-05
13400 16640 -2978 3.20722661182615e-05 2.57401250340044e-05 7.47344951238483e-06 -1.79247036725283e-05
13400 16440 -2978 3.07660289902285e-05 2.43534702956677e-05 6.93772401660681e-06 -1.75588525943458e-05
13400 16240 -2978 2.89809171907241e-05 2.22962745018303e-05 6.25864635268226e-06 -1.74240939617157e-05
13400 16040 -2978 2.74299734187282e-05 2.05156654603779e-05 5.51659933826886e-06 -1.72292675189674e-05
13400 15840 -2978 2.54990407426513e-05 1.83360157683492e-05 4.6141620563576e-06 -1.70983148664236e-05
13400 15640 -2978 2.36005507477924e-05 1.58987928293645e-05 3.90556904972618e-06 -1.69223139211536e-05
13400 15440 -2978 2.14749578407608e-05 1.31047950107604e-05 2.89590065731318e-06 -1.66902849785984e-05
13400 15240 -2978 1.9379762387522e-05 1.01494430154562e-05 2.21400442059166e-06 -1.63603845033795e-05
13600 15240 -2978 1.91807446706478e-05 9.99956243578345e-06 1.75521436447161e-06 -1.6141873581335e-05
13600 15440 -2978 2.12039051919853e-05 1.29677851032466e-05 2.66733438509982e-06 -1.64396698065102e-05
13600 15640 -2978 2.32963164738565e-05 1.55230976417661e-05 3.63366638682783e-06 -1.70235076509416e-05
13600 15840 -2978 2.55114124445368e-05 1.82950276918709e-05 4.40310086664977e-06 -1.71013741642237e-05
13600 16040 -2978 2.72883544734408e-05 2.05089245922863e-05 5.04355939570814e-06 -1.72800697498024e-05
13600 16240 -2978 2.90635396183348e-05 2.23358149118721e-05 5.9130470356904e-06 -1.76291859559715e-05
13600 16440 -2978 3.05911689160275e-05 2.40657364577055e-05 6.54331439733505e-06 -1.77798953615129e-05
13600 16640 -2978 3.22601167226028e-05 2.58295121602714e-05 7.09572931891307e-06 -1.78619968555868e-05
13600 16840 -2978 3.34466584094144e-05 2.72870761454105e-05 7.80400343518704e-06 -1.77879568226635e-05
13600 17040 -2978 3.47906199604095e-05 2.86777543015778e-05 8.28486123029143e-06 -1.78699389994144e-05
13800 17040 -2978 3.49148187363017e-05 2.86386697888374e-05 8.26929742470384e-06 -1.81947856172919e-05
13800 16840 -2978 3.38457718300534e-05 2.74589024819434e-05 7.7508928310126e-06 -1.81825555749238e-05
13800 16640 -2978 3.25118389639435e-05 2.615161504969e-05 7.19088586978614e-06 -1.79272553771734e-05
13800 16440 -2978 3.08807172767012e-05 2.45198153741658e-05 6.64217782020569e-06 -1.76819278746843e-05
13800 16240 -2978 2.93716472603788e-05 2.2773506231606e-05 5.74049880262464e-06 -1.75741871334612e-05
13800 16040 -2978 2.7230203357403e-05 2.0417933255434e-05 4.92651064367965e-06 -1.73297856114805e-05
13800 15840 -2978 2.54212874039408e-05 1.82720226757228e-05 4.25893723737681e-06 -1.71140640452504e-05
13800 15640 -2978 2.35634719658039e-05 1.5961650762707e-05 3.43828013083839e-06 -1.68257626518607e-05
13800 15440 -2978 2.11481242235123e-05 1.30421402007341e-05 2.40930733159348e-06 -1.65247714556754e-05
13800 15240 -2978 1.90573061405628e-05 1.01533360891044e-05 1.56547555043903e-06 -1.61102002523839e-05
14000 15240 -2978 1.89478058254352e-05 1.01744490899146e-05 1.10295631425106e-06 -1.59063194785267e-05
14000 15440 -2978 2.11134007288965e-05 1.30822023302317e-05 1.89003504784978e-06 -1.64638828970492e-05
14000 15640 -2978 2.33349584776015e-05 1.58801721576601e-05 2.84278934616304e-06 -1.67622681446373e-05
14000 15840 -2978 2.57174879696037e-05 1.86068970002234e-05 3.8857266427367e-06 -1.73226354792714e-05
14000 16040 -2978 2.75243111052931e-05 2.05840735509992e-05 4.83015550905839e-06 -1.76029251739383e-05
14000 16240 -2978 2.91495699377754e-05 2.24467018209398e-05 5.5742184878327e-06 -1.78110291063786e-05
14000 16440 -2978 3.08979491160144e-05 2.45001899711788e-05 6.19947157334536e-06 -1.78260586559772e-05
14000 16640 -2978 3.25556858014579e-05 2.60519774369895e-05 7.10280864406377e-06 -1.81856333129108e-05
14000 16840 -2978 3.39270580911661e-05 2.75611493997276e-05 7.58929332438857e-06 -1.82192973978817e-05
14000 17040 -2978 3.50672570513402e-05 2.87766972370446e-05 8.23106340598315e-06 -1.83427823595703e-05
14200 17040 -2978 3.51768826066105e-05 2.88829837813974e-05 8.21700477506965e-06 -1.85041351690888e-05
14200 16840 -2978 3.42189119103344e-05 2.78800785131753e-05 7.62981952959672e-06 -1.84065834768117e-05
14200 16640 -2978 3.27491966923313e-05 2.6272117536515e-05 7.15732151689008e-06 -1.83613565135747e-05
14200 16440 -2978 3.13094117953352e-05 2.48337536901236e-05 6.21096280496567e-06 -1.80274203829467e-05
14200 16240 -2978 2.94419210118128e-05 2.27772078476846e-05 5.55879765050486e-06 -1.78291599079967e-05
14200 16040 -2978 2.76770135380777e-05 2.08716997653246e-05 4.49572724636528e-06 -1.75211174227297e-05
14200 15840 -2978 2.56818361636871e-05 1.86270508095622e-05 3.66237326947885e-06 -1.72774637751281e-05
14200 15640 -2978 2.36182996601064e-05 1.61467985473573e-05 2.63125186447723e-06 -1.7110196441412e-05
14200 15440 -2978 2.12305175083536e-05 1.33379361759871e-05 1.59177478394304e-06 -1.64408206995577e-05
14200 15240 -2978 1.87098497074777e-05 1.03017144538462e-05 4.99175290809944e-07 -1.56663025207818e-05
14400 15240 -2978 1.89384732727909e-05 1.06238338816911e-05 -2.54745932612423e-07 -1.5705566149205e-05
14400 15440 -2978 2.12780095793864e-05 1.3514646327123e-05 8.50690471650523e-07 -1.63046609647572e-05
14400 15640 -2978 2.36226801669082e-05 1.63406760208309e-05 1.87548507006795e-06 -1.69963780231774e-05
14400 15840 -2978 2.60136093351573e-05 1.88370903395116e-05 3.16479925520253e-06 -1.7659443475306e-05
14400 16040 -2978 2.80400501080033e-05 2.09824053049088e-05 4.26135272043757e-06 -1.79893876053393e-05
14400 16240 -2978 2.9643982186628e-05 2.29210306555033e-05 5.17174919717945e-06 -1.81815581060946e-05
14400 16440 -2978 3.14270012030267e-05 2.47731277607381e-05 6.09488868550398e-06 -1.83182789608836e-05
14400 16640 -2978 3.29978861703313e-05 2.6415633905679e-05 6.77142617665231e-06 -1.85346593111753e-05
14400 16840 -2978 3.44129325195504e-05 2.80342398732901e-05 7.32420781580731e-06 -1.85657560899854e-05
14400 17040 -2978 3.55135167609348e-05 2.90808617919684e-05 8.03021414577961e-06 -1.87121527530253e-05
14600 17040 -2978 3.57415596533388e-05 2.93222164362669e-05 8.06898692063987e-06 -1.89160197600722e-05
14600 16840 -2978 3.46995305749489e-05 2.81949507370591e-05 7.37798427371308e-06 -1.87693472057581e-05
14600 16640 -2978 3.32684892046625e-05 2.68092588484287e-05 6.62104154704139e-06 -1.85614028275013e-05
14600 16440 -2978 3.16280152630932e-05 2.49450988136232e-05 5.93452034378424e-06 -1.8516340430826e-05
14600 16240 -2978 3.00468658679315e-05 2.30970148406923e-05 5.06688005622709e-06 -1.85383057594299e-05
14600 16040 -2978 2.84444469568975e-05 2.133383975178e-05 3.86106545770781e-06 -1.83961499556899e-05
14600 15840 -2978 2.64013139498071e-05 1.91051091477275e-05 3.02407223393311e-06 -1.79136312231422e-05
14600 15640 -2978 2.41821698374112e-05 1.67652286663651e-05 1.62682944785411e-06 -1.76062697321177e-05
14600 15440 -2978 2.18689741617085e-05 1.40026154983789e-05 3.98718135927993e-07 -1.68897538818419e-05
14600 15240 -2978 1.9251669266496e-05 1.10545482710004e-05 -8.98286978979741e-07 -1.5733815882355e-05
14800 15240 -2978 1.98159629431498e-05 1.124250392057e-05 -2.08938550124094e-06 -1.61837251950055e-05
14800 15440 -2978 2.23448264603056e-05 1.44536297637969e-05 -7.40694560930024e-07 -1.69805894978344e-05
14800 15640 -2978 2.45823025739892e-05 1.69710615053773e-05 1.12562657611306e-06 -1.79121370501816e-05
14800 15840 -2978 2.69070029494336e-05 1.95264976806939e-05 2.32798694696248e-06 -1.84089104831219e-05
14800 16040 -2978 2.87682209688256e-05 2.15008610635996e-05 3.70235152049463e-06 -1.86962245106697e-05
14800 16240 -2978 3.05725266063593e-05 2.35524514690042e-05 4.65748826169875e-06 -1.89280008450151e-05
14800 16440 -2978 3.2102982458749e-05 2.53032261244953e-05 5.67038837075234e-06 -1.89847060665488e-05
14800 16640 -2978 3.35144648987932e-05 2.68340467959642e-05 6.56832533888519e-06 -1.89773174487054e-05
14800 16840 -2978 3.49871407549163e-05 2.8450652346015e-05 7.2255954714492e-06 -1.91641915626824e-05
14800 17040 -2978 3.59967016529967e-05 2.94573963060975e-05 7.89043123740703e-06 -1.90837081260979e-05
15000 17040 -2978 3.63587617284622e-05 2.97963862121105e-05 7.75133728142828e-06 -1.94388917088509e-05
15000 16840 -2978 3.52640151936065e-05 2.85280113816261e-05 7.29357791319489e-06 -1.94037897177041e-05
15000 16640 -2978 3.41454875953372e-05 2.73179876096547e-05 6.48784940317273e-06 -1.94222807362676e-05
15000 16440 -2978 3.26032698472255e-05 2.56387251317501e-05 5.53390798298642e-06 -1.93674608282745e-05
15000 16240 -2978 3.11629894928916e-05 2.40196005925536e-05 4.61363321904719e-06 -1.91925150305033e-05
15000 16040 -2978 2.93320221774836e-05 2.19365093708038e-05 3.60938495718437e-06 -1.91808134950697e-05
15000 15840 -2978 2.7683266938483e-05 2.00162619501352e-05 2.17034627121302e-06 -1.90000558681786e-05
15000 15640 -2978 2.55967687358801e-05 1.7672011397779e-05 6.62095204325396e-07 -1.851714091748e-05
15000 15440 -2978 2.31137173529341e-05 1.47179424446076e-05 -1.14916061851727e-06 -1.77383315265179e-05
15000 15240 -2978 2.09016160922508e-05 1.19184058792889e-05 -3.42031172001225e-06 -1.67792871166021e-05
15200 15240 -2978 2.25374668081109e-05 1.27957706209272e-05 -4.28097038855776e-06 -1.81020930372179e-05
15200 15440 -2978 2.44102535118541e-05 1.51896992251277e-05 -2.00403369200558e-06 -1.90397513434291e-05
15200 15640 -2978 2.63755415323317e-05 1.79255690127611e-05 -4.88521162824327e-08 -1.93478882610798e-05
15200 15840 -2978 2.83218769640168e-05 2.01723143011332e-05 1.80157881265041e-06 -1.97329956442118e-05
15200 16040 -2978 3.00321478234328e-05 2.22994153983891e-05 3.18877221167713e-06 -1.9854129858315e-05
15200 16240 -2978 3.16183444295169e-05 2.42085934430361e-05 4.44346859351208e-06 -1.99132220260799e-05
15200 16440 -2978 3.31519312006957e-05 2.59681509397924e-05 5.51663731550798e-06 -1.98768893741071e-05
15200 16640 -2978 3.45645949370414e-05 2.76269937865436e-05 6.47733926819637e-06 -1.97358687035739e-05
15200 16840 -2978 3.57529686884613e-05 2.8882293920964e-05 7.09066746383905e-06 -1.97811860814691e-05
15200 17040 -2978 3.67132013895474e-05 3.00736187249422e-05 7.9125489871949e-06 -1.96013033650816e-05
15400 17040 -2978 3.7186220445477e-05 3.027661447227e-05 7.92323504574597e-06 -2.01899269297719e-05
15400 16840 -2978 3.63447579913802e-05 2.94717452712357e-05 7.32422840641811e-06 -2.00135825909674e-05
15400 16640 -2978 3.52489504533575e-05 2.81021134182811e-05 6.49019059538841e-06 -2.02641840577126e-05
15400 16440 -2978 3.39864645884142e-05 2.67083066366613e-05 5.55441529490054e-06 -2.03119927421212e-05
15400 16240 -2978 3.28007049433494e-05 2.51535325087607e-05 4.5219531559851e-06 -2.05684600993991e-05
15400 16040 -2978 3.09378123165515e-05 2.30751374699175e-05 3.34064144451986e-06 -2.04396287612617e-05
15400 15840 -2978 2.95061879577524e-05 2.12483849711716e-05 1.70609592511755e-06 -2.03634254187346e-05
15400 15640 -2978 2.78930637363486e-05 1.87603773623705e-05 -1.70606000699081e-07 -2.05744735822082e-05
15400 15440 -2978 2.60625957957863e-05 1.60424775183201e-05 -2.60915033737911e-06 -2.04110583513975e-05
15400 15240 -2978 2.46514673295493e-05 1.34042272549123e-05 -5.55667127808556e-06 -1.99540281035006e-05
15600 15240 -2978 2.69684281836714e-05 1.40322550721467e-05 -5.83130442583934e-06 -2.22797626778483e-05
15600 15440 -2978 2.79088735495887e-05 1.67214991748333e-05 -2.92782743298449e-06 -2.22913933992386e-05
15600 15640 -2978 2.92632016766901e-05 1.95376534238458e-05 -3.03346335530478e-07 -2.18945922702551e-05
15600 15840 -2978 3.06208914118981e-05 2.16561611518264e-05 1.52318617027481e-06 -2.14645958654582e-05
15600 16040 -2978 3.18664936148085e-05 2.35560271888971e-05 3.4191471751692e-06 -2.11871760971844e-05
15600 16240 -2978 3.3262449429098e-05 2.5410705562681e-05 4.5482880276395e-06 -2.11042238734663e-05
15600 16440 -2978 3.46246083175808e-05 2.69848754368722e-05 5.60847687884234e-06 -2.10235590562224e-05
15600 16640 -2978 3.56588388833582e-05 2.83599426411092e-05 6.61667253752239e-06 -2.03826437555253e-05
15600 16840 -2978 3.67739490755364e-05 2.96088768467307e-05 7.40340529289097e-06 -2.04797519519925e-05
15600 17040 -2978 3.77302095791203e-05 3.08380967080593e-05 7.98138255858794e-06 -2.02207328937948e-05
15800 17040 -2978 3.8372598874598e-05 3.13669360354543e-05 7.89348625764251e-06 -2.0563638407737e-05
15800 16840 -2978 3.74802092664836e-05 3.02372567355633e-05 7.56030507059768e-06 -2.08686256147921e-05
15800 16640 -2978 3.63794449265357e-05 2.89449948072433e-05 6.70534644974396e-06 -2.10013131015003e-05
15800 16440 -2978 3.54294788684678e-05 2.76173244453967e-05 5.95110096503049e-06 -2.14084673337638e-05
15800 16240 -2978 3.40915016817333e-05 2.60329647324979e-05 4.86160277738236e-06 -2.16900984719396e-05
15800 16040 -2978 3.31720302910826e-05 2.45560341477394e-05 3.57237333070225e-06 -2.20141529329121e-05
15800 15840 -2978 3.18112044846879e-05 2.25362039059401e-05 2.12295888526569e-06 -2.23329538963735e-05
15800 15640 -2978 3.07862727902479e-05 2.04547258727253e-05 1.87888936758554e-07 -2.29097124040127e-05
15800 15440 -2978 2.98650936945494e-05 1.78101533204317e-05 -2.45497341534065e-06 -2.39657169207931e-05
15800 15240 -2978 2.9765642380084e-05 1.50440583191812e-05 -5.84193164785392e-06 -2.50814413689077e-05
16000 15240 -2978 3.21836734718199e-05 1.65077406205237e-05 -4.58905913797207e-06 -2.7243785969913e-05
16000 15440 -2978 3.18233313141434e-05 1.89749830439687e-05 -1.68245941014402e-06 -2.55235039964318e-05
16000 15640 -2978 3.21500991901349e-05 2.11035307757556e-05 6.54330776161487e-07 -2.43241523131728e-05
16000 15840 -2978 3.30799210528672e-05 2.34349207915366e-05 2.48381499482639e-06 -2.33596611768007e-05
16000 16040 -2978 3.41579397470884e-05 2.51319451145828e-05 3.96318142686505e-06 -2.27822555191815e-05
16000 16240 -2978 3.51892608691243e-05 2.67815966121852e-05 5.19596843537875e-06 -2.22268323302269e-05
16000 16440 -2978 3.61663739259761e-05 2.82900841161609e-05 5.96351946727373e-06 -2.16559813581407e-05
16000 16640 -2978 3.72760057325543e-05 2.96283009126782e-05 7.08592203119769e-06 -2.1446574036032e-05
16000 16840 -2978 3.81193384760802e-05 3.06553408950567e-05 7.96140158548951e-06 -2.13516564071179e-05
16000 17040 -2978 3.89045569257434e-05 3.17660119384527e-05 8.27386819012463e-06 -2.08812868446112e-05
16200 17040 -2978 3.95077791372359e-05 3.21998934745789e-05 8.33206477854401e-06 -2.12815099544823e-05
16200 16840 -2978 3.87672209602415e-05 3.13180627971887e-05 8.06320388801396e-06 -2.14244538508356e-05
16200 16640 -2978 3.79010291847361e-05 3.02175006717443e-05 7.27093346137553e-06 -2.16897157020867e-05
16200 16440 -2978 3.71233178878077e-05 2.89866146482527e-05 6.62770760850981e-06 -2.22839847244322e-05
16200 16240 -2978 3.61976906347188e-05 2.76609524264932e-05 5.57718701777048e-06 -2.25619289800525e-05
16200 16040 -2978 3.51930910824124e-05 2.6047878831625e-05 4.48563981277403e-06 -2.32739694193006e-05
16200 15840 -2978 3.43541865094195e-05 2.42701814211905e-05 3.18546135254292e-06 -2.41144663095474e-05
16200 15640 -2978 3.38060732206575e-05 2.25490688607097e-05 1.95768988866712e-06 -2.51672980301082e-05
16200 15440 -2978 3.32807888199732e-05 2.01507734917104e-05 -2.47571788720052e-07 -2.65422856621444e-05
16200 15240 -2978 3.41845269930791e-05 1.78652438372374e-05 -2.6278809924188e-06 -2.90260088518262e-05
16400 15240 -2978 3.53762129343289e-05 1.9436025287956e-05 -1.38887891807826e-08 -2.95142708197236e-05
16400 15440 -2978 3.51825208065165e-05 2.17512462437153e-05 1.47703096223631e-06 -2.7429366517812e-05
16400 15640 -2978 3.52428104748018e-05 2.35702407136559e-05 2.82061085359237e-06 -2.59286464266479e-05
16400 15840 -2978 3.55898100347512e-05 2.54274811781943e-05 4.19349966896698e-06 -2.45450373627245e-05
16400 16040 -2978 3.63031206069624e-05 2.68886454477906e-05 5.26652130088769e-06 -2.38155635073781e-05
16400 16240 -2978 3.71080544971717e-05 2.84402200244367e-05 6.07169489352964e-06 -2.31418390572071e-05
16400 16440 -2978 3.78119919006584e-05 2.95825793519616e-05 6.94725542841479e-06 -2.24205665513873e-05
16400 16640 -2978 3.86647957212809e-05 3.07388731241226e-05 7.54449941241182e-06 -2.20836423896253e-05
16400 16840 -2978 3.95118187761261e-05 3.19505163803697e-05 8.26544826664031e-06 -2.17262673042715e-05
16400 17040 -2978 4.01779691414881e-05 3.27329745739699e-05 8.68417586944997e-06 -2.16095648147166e-05
16600 17040 -2978 4.07150361484672e-05 3.32279714643955e-05 9.03446688037366e-06 -2.15485583208501e-05
16600 16840 -2978 3.9923384466247e-05 3.22541940286756e-05 8.69938236661255e-06 -2.19073463976383e-05
16600 16640 -2978 3.90639649773342e-05 3.11861236095428e-05 8.04294063802809e-06 -2.2136741746217e-05
16600 16440 -2978 3.85541095100642e-05 3.02234325781465e-05 7.19663479784503e-06 -2.27580601349473e-05
16600 16240 -2978 3.778135750153e-05 2.89274574108422e-05 6.56424465682358e-06 -2.33996554352343e-05
16600 16040 -2978 3.74003887722195e-05 2.78822315298021e-05 6.17021904326975e-06 -2.42601681500673e-05
16600 15840 -2978 3.64933214927716e-05 2.6294900752604e-05 4.92879779986106e-06 -2.4750914838165e-05
16600 15640 -2978 3.61589497197991e-05 2.47810112126172e-05 4.18037370586535e-06 -2.6053516048938e-05
16600 15440 -2978 3.61065376005013e-05 2.30124796666205e-05 3.1393788713649e-06 -2.74927167110145e-05
16600 15240 -2978 3.63391087521346e-05 2.11395576894283e-05 2.27278625388135e-06 -2.94700588434935e-05
16800 15240 -2978 3.71164712109673e-05 2.26820591129363e-05 4.57085001037922e-06 -2.89442195594311e-05
16800 15440 -2978 3.6933300009303e-05 2.43047849573195e-05 4.91294652575743e-06 -2.7545433100313e-05
16800 15640 -2978 3.73013834465044e-05 2.59758839458227e-05 5.50645038438961e-06 -2.62275515496731e-05
16800 15840 -2978 3.74309027012182e-05 2.7255485996604e-05 6.07956872042269e-06 -2.49620949104428e-05
16800 16040 -2978 3.84026209139922e-05 2.87942697331309e-05 6.73760710051283e-06 -2.45021429546177e-05
16800 16240 -2978 3.86641257484676e-05 2.99038363322616e-05 7.29718767432496e-06 -2.3397141803056e-05
16800 16440 -2978 3.94518450228945e-05 3.09865374714136e-05 7.84695683978498e-06 -2.31558339446783e-05
16800 16640 -2978 3.98906109029787e-05 3.18184252977371e-05 8.36952218413353e-06 -2.25584791302681e-05
16800 16840 -2978 4.07591914350991e-05 3.29809899702668e-05 8.89335371553898e-06 -2.21503574177623e-05
16800 17040 -2978 4.12766937615511e-05 3.36835419014096e-05 9.20012198295444e-06 -2.18217033669353e-05
17000 17040 -2978 4.17286534145577e-05 3.41980964243412e-05 9.50715784542262e-06 -2.19404800869524e-05
17000 16840 -2978 4.13659207850063e-05 3.34891839697957e-05 9.13499038759619e-06 -2.24306959435344e-05
17000 16640 -2978 4.06397166715232e-05 3.26140498444438e-05 8.71691555157304e-06 -2.27509182617068e-05
17000 16440 -2978 4.02299191510654e-05 3.17236660048366e-05 8.39755485020578e-06 -2.33066825196147e-05
17000 16240 -2978 3.96042869220894e-05 3.07141164839268e-05 7.91077204607427e-06 -2.36234815530479e-05
17000 16040 -2978 3.90096900139386e-05 2.96094423569739e-05 7.56396486237645e-06 -2.42450670003891e-05
17000 15840 -2978 3.85968700598283e-05 2.84775947853923e-05 6.8683188855648e-06 -2.50761209018528e-05
17000 15640 -2978 3.81659411907715e-05 2.72141330242157e-05 6.56670307600871e-06 -2.59562933668494e-05
17000 15440 -2978 3.79474140594509e-05 2.56806986518204e-05 6.33585498621687e-06 -2.71485755890608e-05
17000 15240 -2978 3.78643413367328e-05 2.4375825189054e-05 6.12394998688251e-06 -2.82733590230346e-05
17200 15240 -2978 3.8440398728473e-05 2.55917340666056e-05 7.51041352702305e-06 -2.76901855133474e-05
17200 15440 -2978 3.87076376223457e-05 2.70460811592639e-05 7.52901001181454e-06 -2.66477900110185e-05
17200 15640 -2978 3.89312215851167e-05 2.82881572395563e-05 7.6176303406246e-06 -2.57336066924036e-05
17200 15840 -2978 3.94510936056744e-05 2.94502769000828e-05 7.81672386080027e-06 -2.50117355361581e-05
17200 16040 -2978 4.01131567402904e-05 3.0708599448204e-05 8.21274161618203e-06 -2.44859592728317e-05
17200 16240 -2978 4.04691900961913e-05 3.17218520268798e-05 8.35432544909418e-06 -2.36404862292111e-05
17200 16440 -2978 4.0888834680988e-05 3.24929669126868e-05 8.79288091510534e-06 -2.32118320688605e-05
17200 16640 -2978 4.14695294848616e-05 3.34131829813123e-05 9.11972293257713e-06 -2.28321715481579e-05
17200 16840 -2978 4.17884365502137e-05 3.40153395086527e-05 9.59355903416872e-06 -2.2410990677774e-05
17200 17040 -2978 4.22806556128959e-05 3.47345152795315e-05 9.90853644255549e-06 -2.20292742848396e-05
17400 17040 -2978 4.30376766311016e-05 3.55304409861565e-05 9.8976530265063e-06 -2.22431621663272e-05
17400 16840 -2978 4.2553960384274e-05 3.48133032917977e-05 9.88476376142353e-06 -2.25585250593722e-05
17400 16640 -2978 4.2331900372101e-05 3.4226742118597e-05 9.46719912439585e-06 -2.30097861327231e-05
17400 16440 -2978 4.15194085394603e-05 3.31798664182425e-05 9.24419635348023e-06 -2.32633343599737e-05
17400 16240 -2978 4.10823696880419e-05 3.22530585378408e-05 8.97094778995961e-06 -2.37649815566838e-05
17400 16040 -2978 4.05866881739319e-05 3.14953027293086e-05 8.67841278016567e-06 -2.4083403300494e-05
17400 15840 -2978 4.04288398199214e-05 3.05661778971553e-05 8.52902191784233e-06 -2.50490647144616e-05
17400 15640 -2978 3.97266328121569e-05 2.93231274187565e-05 8.45532723423094e-06 -2.5521691929549e-05
17400 15440 -2978 3.98080699620172e-05 2.85059809796512e-05 8.49086615722626e-06 -2.62102582938969e-05
17400 15240 -2978 3.91845689578201e-05 2.70961882174015e-05 8.43180945888162e-06 -2.68776135370135e-05
17600 15240 -2978 4.00246173668518e-05 2.85646206513047e-05 9.56717591267079e-06 -2.63908277191222e-05
17600 15440 -2978 4.0181205222181e-05 2.93836628198624e-05 9.44484069664031e-06 -2.57278953008354e-05
17600 15640 -2978 4.06149334355587e-05 3.0469951108098e-05 9.33317511994392e-06 -2.5115146856755e-05
17600 15840 -2978 4.09899526255738e-05 3.15387180447579e-05 9.10691595356911e-06 -2.46583434902132e-05
17600 16040 -2978 4.13783456829881e-05 3.23266298472881e-05 9.36967406980693e-06 -2.40607592239976e-05
17600 16240 -2978 4.20508231293325e-05 3.32612721696496e-05 9.44468052498996e-06 -2.39345249086618e-05
17600 16440 -2978 4.23245123387661e-05 3.40618885457516e-05 9.5205210596323e-06 -2.32336358577013e-05
17600 16640 -2978 4.27227028634114e-05 3.46925910189748e-05 9.98662401922047e-06 -2.29636816382408e-05
17600 16840 -2978 4.30697673121131e-05 3.52058909609914e-05 1.00861773798242e-05 -2.2697322640568e-05
17600 17040 -2978 4.35717778217503e-05 3.59185814931989e-05 1.03216786785051e-05 -2.22868724055588e-05
17800 17040 -2978 4.42283901881224e-05 3.66222861930728e-05 1.0447491443716e-05 -2.24901884198189e-05
17800 16840 -2978 4.38678346086465e-05 3.610825843364e-05 1.03757275324315e-05 -2.27286041453481e-05
17800 16640 -2978 4.32859544772932e-05 3.54464444741607e-05 1.01687958259135e-05 -2.28637564629316e-05
17800 16440 -2978 4.3144184572247e-05 3.49814290329814e-05 1.0129276972264e-05 -2.30535249263048e-05
17800 16240 -2978 4.26022980418601e-05 3.40876575857401e-05 9.8697457080707e-06 -2.35771079398692e-05
17800 16040 -2978 4.21975135505708e-05 3.32773267403245e-05 1.00840438818559e-05 -2.39073573164642e-05
17800 15840 -2978 4.17762133500735e-05 3.2443982116878e-05 9.6788567584008e-06 -2.45154800601304e-05
17800 15640 -2978 4.12705865026981e-05 3.14813955128193e-05 9.81561131682247e-06 -2.46878020912409e-05
17800 15440 -2978 4.0985946435524e-05 3.07345697805286e-05 9.88043855130672e-06 -2.51342863813043e-05
17800 15240 -2978 4.07073025696475e-05 2.97119413688779e-05 1.02136769900098e-05 -2.58351603709161e-05
18000 15240 -2978 4.1323722552777e-05 3.08843376040459e-05 1.05917431693524e-05 -2.53302726596594e-05
18000 15440 -2978 4.18483444051709e-05 3.17898288890719e-05 1.03321860842407e-05 -2.49837306104601e-05
18000 15640 -2978 4.20708076610808e-05 3.27471872866154e-05 1.02938593160361e-05 -2.45532796047628e-05
18000 15840 -2978 4.2542712629021e-05 3.34418297559023e-05 1.0303664852865e-05 -2.40785542950034e-05
18000 16040 -2978 4.28445003766613e-05 3.41553010046482e-05 1.01669204626232e-05 -2.3761181909591e-05
18000 16240 -2978 4.31842024661829e-05 3.47615573853254e-05 1.01935146506876e-05 -2.33889970481396e-05
18000 16440 -2978 4.3551703974678e-05 3.52608034908772e-05 1.0412008870393e-05 -2.34588473923504e-05
18000 16640 -2978 4.38978817712023e-05 3.60646728649735e-05 1.04664621204138e-05 -2.27100055366755e-05
18000 16840 -2978 4.44384044042777e-05 3.68086557686329e-05 1.04656173866242e-05 -2.26440608538687e-05
18000 17040 -2978 4.45868368342071e-05 3.70517242476344e-05 1.07339950781316e-05 -2.23764460198581e-05
18200 17040 -2978 4.52997497992842e-05 3.77259938642383e-05 1.10283765597269e-05 -2.25209153741598e-05
18200 16840 -2978 4.49108983578092e-05 3.72852328419685e-05 1.09008586909622e-05 -2.24797809198499e-05
18200 16640 -2978 4.4690434642063e-05 3.68322014287114e-05 1.07695825081319e-05 -2.29561514891684e-05
18200 16440 -2978 4.41931232677937e-05 3.62299652695656e-05 1.055406636931e-05 -2.30850920751691e-05
18200 16240 -2978 4.39646018997306e-05 3.5723508618772e-05 1.0725566804409e-05 -2.33533396832645e-05
18200 16040 -2978 4.36004492149857e-05 3.50160373225808e-05 1.05485957441852e-05 -2.37403333969414e-05
18200 15840 -2978 4.31240955943364e-05 3.42791801467538e-05 1.06911803428084e-05 -2.38977857120335e-05
18200 15640 -2978 4.27198050544397e-05 3.36499195098877e-05 1.06281854268163e-05 -2.41438979953527e-05
18200 15440 -2978 4.25135335725612e-05 3.29261310175061e-05 1.06052176002413e-05 -2.45780113004148e-05
18200 15240 -2978 4.19241249414244e-05 3.19577907919884e-05 1.07190818209201e-05 -2.47987768650055e-05
18400 15240 -2978 4.27494188143398e-05 3.32653536126018e-05 1.11545019587502e-05 -2.44234752655029e-05
18400 15440 -2978 4.29703475195882e-05 3.38274133503437e-05 1.09047509841621e-05 -2.40838348008692e-05
18400 15640 -2978 4.35015022473786e-05 3.45634111389518e-05 1.09237392470241e-05 -2.40557776726782e-05
18400 15840 -2978 4.38413275151475e-05 3.51489455550909e-05 1.08971585445106e-05 -2.37418091855943e-05
18400 16040 -2978 4.4157382893129e-05 3.58758426383138e-05 1.07145361620933e-05 -2.3410336971283e-05
18400 16240 -2978 4.43046309333163e-05 3.61745964661241e-05 1.07245427295566e-05 -2.32379908300936e-05
18400 16440 -2978 4.48555935976539e-05 3.68136497884989e-05 1.0865158719942e-05 -2.3059985537082e-05
18400 16640 -2978 4.49755180782119e-05 3.7283568315208e-05 1.09190002568066e-05 -2.27819155268371e-05
18400 16840 -2978 4.53156488740544e-05 3.77680919617414e-05 1.10126891490072e-05 -2.25512132793665e-05
18400 17040 -2978 4.56395263751142e-05 3.80889195054769e-05 1.1105654751882e-05 -2.24165782146156e-05
18600 17040 -2978 4.63059676763734e-05 3.87473667636514e-05 1.14302751477808e-05 -2.26325655058026e-05
18600 16840 -2978 4.59845362942266e-05 3.84385269880295e-05 1.13183204196393e-05 -2.25597944445908e-05
18600 16640 -2978 4.56939490599361e-05 3.80416029468179e-05 1.12435753811151e-05 -2.26949320174754e-05
18600 16440 -2978 4.53169567683874e-05 3.74923610091209e-05 1.11857164744288e-05 -2.28502181358635e-05
18600 16240 -2978 4.50511561084379e-05 3.70348544642329e-05 1.10631640609354e-05 -2.31279677450657e-05
18600 16040 -2978 4.48548384810356e-05 3.66547274067998e-05 1.11113457363099e-05 -2.34709746688604e-05
18600 15840 -2978 4.43343402765339e-05 3.59103287681937e-05 1.10239919973537e-05 -2.36377821341157e-05
18600 15640 -2978 4.39749109331546e-05 3.53816924318671e-05 1.12904447242618e-05 -2.35468573309481e-05
18600 15440 -2978 4.38661955947332e-05 3.4878252863884e-05 1.13053389582783e-05 -2.40941276215017e-05
18600 15240 -2978 4.32574085123052e-05 3.41966123133898e-05 1.13065347783268e-05 -2.4005065638572e-05
18800 15240 -2978 4.43276130568321e-05 3.54018381983042e-05 1.18268810510635e-05 -2.390663497895e-05
18800 15440 -2978 4.44898973547595e-05 3.58701398894191e-05 1.14766347697005e-05 -2.36848239451647e-05
18800 15640 -2978 4.46029136949868e-05 3.61394482031465e-05 1.13788710702211e-05 -2.35827484615147e-05
18800 15840 -2978 4.50084857797946e-05 3.67541265636683e-05 1.12872414607555e-05 -2.3346785467118e-05
18800 16040 -2978 4.52989419612097e-05 3.71269924715161e-05 1.11838700342923e-05 -2.345183339715e-05
18800 16240 -2978 4.56320191099098e-05 3.76967887952924e-05 1.14283895082772e-05 -2.31056782267988e-05
18800 16440 -2978 4.57275240168627e-05 3.78987524062395e-05 1.12132216971368e-05 -2.29990147165954e-05
18800 16640 -2978 4.641633619432e-05 3.87126492336392e-05 1.14945014324039e-05 -2.28841318786144e-05
18800 16840 -2978 4.6401674640975e-05 3.89029676914215e-05 1.13782769925892e-05 -2.27605516389012e-05
18800 17040 -2978 4.67544103690451e-05 3.92994437143206e-05 1.15628239084035e-05 -2.25091864690185e-05
19000 17040 -2978 4.7147694087534e-05 3.97413783147931e-05 1.1618386477232e-05 -2.25481363162398e-05
19000 16840 -2978 4.69806037193253e-05 3.94719707742333e-05 1.16463626585901e-05 -2.26606020629406e-05
19000 16640 -2978 4.67407360498085e-05 3.91881808266044e-05 1.14287335593253e-05 -2.26577840857208e-05
19000 16440 -2978 4.6535437517661e-05 3.88210486620665e-05 1.1424935400486e-05 -2.30325360409915e-05
19000 16240 -2978 4.635934983011e-05 3.85949050411582e-05 1.15376195646822e-05 -2.29624026827514e-05
19000 16040 -2978 4.61142587734806e-05 3.82181305512786e-05 1.14671533685178e-05 -2.30635264664888e-05
19000 15840 -2978 4.56324890055366e-05 3.76300135552883e-05 1.14236213956028e-05 -2.32126935645938e-05
19000 15640 -2978 4.54741765106002e-05 3.7284062743187e-05 1.17456051278859e-05 -2.32344605028629e-05
19000 15440 -2978 4.50692979628046e-05 3.66808226779103e-05 1.15653269272298e-05 -2.35009237714112e-05
19000 15240 -2978 4.48287389721521e-05 3.62008783966303e-05 1.19196856115013e-05 -2.35226553827524e-05
