# amount of points in x direction: 66 (distance of 200 steps)
# amount of points in y direction: 15 (distance of 200 steps)
# abs. coordinates of point 1: P1 (, , ) (offsets not corrected)
# Offsets of the hall probe have already been corrected for all following coordinates.
#
# X (absolute in steps=10um) Y (absolute in steps=10um) Z (absolute in steps=10um) Babs(in T) Bx By Bz
6000 7040 -2778 0.000415426049183346 -9.28378859311342e-05 -0.000153834679 -0.000374569919168949
6000 7240 -2778 0.000433324392179358 -0.000100609797418118 -0.000137787474960089 -0.000398324376940727
6000 7440 -2778 0.000449205300293760 -0.000107294674441218 -0.000118655401080847 -0.000419550881147385
6000 7640 -2778 0.000463832257546201 -0.0001135494621 -9.59200077652931e-05 -0.000439301194429398
6000 7840 -2778 0.000474894913646217 -0.0001185574218 -7.08211706578732e-05 -0.000454349386096001
6000 8040 -2778 0.000484078935980678 -0.0001229727481 -4.50233080685139e-05 -0.000466028991818428
6000 8240 -2778 0.000490540794516677 -0.000125986391425133 -1.66318206004798e-05 -0.000473753397941589
6000 8440 -2778 0.000493331428670784 -0.000127652802735567 1.22280953098089e-05 -0.000476503823995590
6000 8640 -2778 0.000492696987528658 -0.0001278117921 4.13378184586763e-05 -0.000474070208191872
6000 8840 -2778 0.000488237918040841 -0.000126809454411268 7.00379801243544e-05 -0.000466286349177361
6000 9040 -2778 0.000481322554149827 -0.000124529381781816 9.638784968853e-05 -0.000455050205826759
6000 9240 -2778 0.000470769221228185 -0.000121005024433136 0.000121671952664852 -0.000438419691562653
6000 9440 -2778 0.000457734612626269 -0.0001162822017 0.000143793898493052 -0.000418847614526749
6000 9640 -2778 0.0004428338235 -0.000111110108554363 0.000162615096956491 -0.000396626611888409
6000 9840 -2778 0.000425124326611008 -0.000104347824767232 0.000179159349143505 -0.000371258379399776
6200 9840 -2778 0.000473854312220505 -0.000129204721599817 0.000205846587657928 -0.0004066738215
6200 9640 -2778 0.000493674742267380 -0.000137092995554209 0.000188471597671509 -0.000435324875354767
6200 9440 -2778 0.000511750868412101 -0.000143657609134912 0.000167024719566107 -0.000461971743464470
6200 9240 -2778 0.000526962810025723 -0.000149251984775066 0.000142478166282177 -0.000484885161995888
6200 9040 -2778 0.000540845374424698 -0.000154341671884060 0.000112233891338110 -0.000506047714352608
6200 8840 -2778 0.000549000057555369 -0.000157168383240700 8.19325059503317e-05 -0.000519730699539185
6200 8640 -2778 0.000554253856474820 -0.000158529593586922 4.9533346965909e-05 -0.000528664855480194
6200 8440 -2778 0.000555464745019517 -0.0001586162365 1.52959584388882e-05 -0.000532063737511635
6200 8240 -2778 0.000552258457966354 -0.000156599160969257 -1.91664806082845e-05 -0.000529123276948929
6200 8040 -2778 0.000544634150427832 -0.000152944049268961 -5.14405848607421e-05 -0.0005203628391
6200 7840 -2778 0.000534266283925789 -0.000148226263791323 -8.22170634120703e-05 -0.000506665364265442
6200 7640 -2778 0.000519941245093151 -0.000141641709327698 -0.000110499752253294 -0.000488092526555061
6200 7440 -2778 0.000502594982660237 -0.000133855451881886 -0.000137333520680666 -0.000464652391552925
6200 7240 -2778 0.000482931405938781 -0.000125384917378426 -0.000159900736629963 -0.0004379482423
6200 7040 -2778 0.000461497394978441 -0.000116157993793488 -0.000178959067881107 -0.000409127364397049
6400 7040 -2778 0.0005150534234 -0.000143876918375492 -0.000208820983767510 -0.000448492978811264
6400 7240 -2778 0.000540450601067913 -0.000154946050375700 -0.000188197734832764 -0.000482444517970085
6400 7440 -2778 0.000564280502478311 -0.000165180107951164 -0.000163716780424118 -0.000514177730321884
6400 7640 -2778 0.000585412763213290 -0.000174681364685297 -0.000133125017225742 -0.000542841866970062
6400 7840 -2778 0.000602660869549961 -0.000182525071144104 -0.000100170134574175 -0.000565553415894508
6400 8040 -2778 0.000616277687274935 -0.000189218562364578 -6.43938146680594e-05 -0.000582913922190666
6400 8240 -2778 0.000625381767927205 -0.0001933095484 -2.58287196829915e-05 -0.000594223938941956
6400 8440 -2778 0.000629725296630346 -0.000195682841926813 1.37518701385707e-05 -0.000598324938416481
6400 8640 -2778 0.000629192782020359 -0.000196024816274643 5.33217209130526e-05 -0.000595546033382416
6400 8840 -2778 0.000623090330157098 -0.0001948202174 9.24817483723164e-05 -0.000584579993367195
6400 9040 -2778 0.000612946937041903 -0.000190992354154587 0.000128354562580585 -0.000568176621913910
6400 9240 -2778 0.000597390428450683 -0.000185091849178076 0.000162888037025928 -0.000544291711449623
6400 9440 -2778 0.000578756155127795 -0.000178175105392933 0.000191771262526512 -0.000516401149988174
6400 9640 -2778 0.000556750994684194 -0.0001696072098 0.000216873353481293 -0.000483971863627434
6400 9840 -2778 0.0005313724776 -0.000159741244137287 0.000237494133114815 -0.0004477007724
6600 9840 -2778 0.000597788928442236 -0.000195199707031250 0.000275339687466621 -0.000493252411961555
6600 9640 -2778 0.000626228370289390 -0.0002067096799 0.000253733859360218 -0.0005340221703
6600 9440 -2778 0.000653256158326882 -0.0002176007108 0.000225402651011944 -0.000573306822061539
6600 9240 -2778 0.000675493052671448 -0.000226106701552868 0.000192300851732492 -0.000606916079521179
6600 9040 -2778 0.000695612451134530 -0.000234007508099079 0.000151582618981600 -0.0006372910465
6600 8840 -2778 0.000707247594845848 -0.000238132387876511 0.000109982604950666 -0.000656885084152222
6600 8640 -2778 0.000715127334690267 -0.000240254968762398 6.46357538402081e-05 -0.000670419471383095
6600 8440 -2778 0.0007158565075 -0.000240190795421600 1.81992678791285e-05 -0.000674304820299148
6600 8240 -2778 0.000711313925840234 -0.000237606391489506 -3.03381430916488e-05 -0.000669926198482513
6600 8040 -2778 0.000700080366284829 -0.000232336414694786 -7.51909909546375e-05 -0.000656248073935509
6600 7840 -2778 0.000684332529586844 -0.000225064519047737 -0.000116913127332926 -0.000635637333869934
6600 7640 -2778 0.000663558971619039 -0.000215202441990376 -0.000155654262334108 -0.000608089012980461
6600 7440 -2778 0.000638004403450913 -0.000203748923569918 -0.0001913462449 -0.000573462754726410
6600 7240 -2778 0.000608750016983301 -0.000190699307262898 -0.000220754043757915 -0.000534379558682442
6600 7040 -2778 0.000577068111580687 -0.000176538439422846 -0.000244349201440811 -0.000492196176052093
6800 7040 -2778 0.000649887102753938 -0.000215632008254528 -0.000287870255351067 -0.000541376162648201
6800 7240 -2778 0.000687729385860063 -0.000233189103782177 -0.000262487439513206 -0.000591350060582161
6800 7440 -2778 0.000722451796654386 -0.000248826754152775 -0.000230071078598499 -0.000638244985222816
6800 7640 -2778 0.000754816260371257 -0.000263733331382275 -0.000188767998725176 -0.000681594115614891
6800 7840 -2778 0.000780252454533281 -0.000275304293572903 -0.000143186263650656 -0.000715811289310455
6800 8040 -2778 0.000800307609616391 -0.000285252681136131 -9.42172456383705e-05 -0.000741886209130287
6800 8240 -2778 0.000814614070960954 -0.000291607161283493 -4.05860593169928e-05 -0.000759548629045486
6800 8440 -2778 0.000821360663733285 -0.000295234143257141 1.48462454341352e-05 -0.000766233626842499
6800 8640 -2778 0.000821006021443140 -0.000295929811656475 7.0187579780817e-05 -0.000762644559621811
6800 8840 -2778 0.000811626367474349 -0.0002930328682 0.000125406974792480 -0.000746454055666923
6800 9040 -2778 0.000797078359212427 -0.000287415513575077 0.000175413350552320 -0.000722561110734939
6800 9240 -2778 0.000773738752744249 -0.000278257008135319 0.000222690870523453 -0.000686777013182640
6800 9440 -2778 0.000746403201933244 -0.000267303917467594 0.000262034308969975 -0.000645893017053604
6800 9640 -2778 0.000713361429134395 -0.000253585306465626 0.000295085191369057 -0.000597789160490036
6800 9840 -2778 0.000676644363735417 -0.000238213735044002 0.000321401021838188 -0.000545459740638733
7000 9840 -2778 0.000768604677735803 -0.000289957638978958 0.0003763543654 -0.000604270656347275
7000 9640 -2778 0.000810797540884604 -0.000308102041125298 0.000348300188779831 -0.000664193317532539
7000 9440 -2778 0.000850905671664792 -0.000325003144264221 0.000310843460321426 -0.000722146135449410
7000 9240 -2778 0.000884158481736275 -0.000338760243833065 0.0002656819908 -0.0007722477113
7000 9040 -2778 0.000913945497225970 -0.000350892117619514 0.000209219483196735 -0.0008176267805
7000 8840 -2778 0.000931633300881620 -0.000357938173115254 0.0001506153627 -0.000846948762178421
7000 8640 -2778 0.000943041410058795 -0.000361397644639015 8.67376788556576e-05 -0.000866533747196198
7000 8440 -2778 0.000944094016544120 -0.000361206505060196 2.10742495320737e-05 -0.000871998288869858
7000 8240 -2778 0.000937326214533865 -0.000357172631263733 -4.73473092466593e-05 -0.000865166116714478
7000 8040 -2778 0.0009199153468 -0.000349087963938713 -0.000110995027244091 -0.000843837628126144
7000 7840 -2778 0.0008954675454 -0.000337513653337956 -0.000169067900478840 -0.000812027335882187
7000 7640 -2778 0.000864232578214447 -0.000322898094832897 -0.000222660683035850 -0.000770229231476784
7000 7440 -2778 0.000825796484719018 -0.0003046273806 -0.000271480853378773 -0.000717916771411896
7000 7240 -2778 0.000782418173885486 -0.000284923771262169 -0.000310833052992821 -0.000658970875024796
7000 7040 -2778 0.000735294303948629 -0.000262712587416172 -0.000340667441487312 -0.000596425394296646
7200 7040 -2778 0.000835809787215125 -0.0003193922559 -0.000405169082880020 -0.000657581700325012
7200 7240 -2778 0.000892943757977906 -0.000346407906115055 -0.000373213036835194 -0.000733647015690804
7200 7440 -2778 0.000945764539522219 -0.000371305762767792 -0.000329456569433212 -0.000805100663065911
7200 7640 -2778 0.000993381140434944 -0.000393763516068459 -0.000272994174242020 -0.0008701573677
7200 7840 -2778 0.00103306549863657 -0.000412891925930977 -0.000209195386052132 -0.000923485478878021
7200 8040 -2778 0.00106287412744675 -0.000427088694214821 -0.000139718122929335 -0.000963180642843246
7200 8240 -2778 0.00108495929456023 -0.000437417692065239 -6.34380849450826e-05 -0.000990791802883148
7200 8440 -2778 0.00109477025449683 -0.000442553264141083 1.59195967279375e-05 -0.00100130679702759
7200 8640 -2778 0.00109469019995865 -0.000443544820547104 9.51037942469121e-05 -0.000996324485063553
7200 8840 -2778 0.00108078539228234 -0.000438867050290108 0.000173471252620220 -0.000972370213031769
7200 9040 -2778 0.00105920305114326 -0.000430474709868431 0.000244088452517986 -0.000936495304346084
7200 9240 -2778 0.00102501482952314 -0.000416113106369972 0.000310272292613983 -0.000883893078327179
7200 9440 -2778 0.000983983010589905 -0.000399027263998985 0.000364860610544682 -0.000822067604064942
7200 9640 -2778 0.000934095024674180 -0.0003776038928 0.000409860433459282 -0.000749651089549065
7200 9840 -2778 0.000877763307667962 -0.000352639018476009 0.000443442822098732 -0.000670427185058594
7400 9840 -2778 0.00100911301919607 -0.000429730122566223 0.000525768583416939 -0.000746487967133522
7400 9640 -2778 0.00107373648327879 -0.000459092751741409 0.000489275914549828 -0.000838100906610489
7400 9440 -2778 0.00113345881412659 -0.000484773158431053 0.000438785113930702 -0.000925952648162842
7400 9240 -2778 0.00118409842823702 -0.000506544396519661 0.0003756125912 -0.00100224437952042
7400 9040 -2778 0.00122848035652029 -0.000525455358386040 0.0002953558216 -0.00107043243193626
7400 8840 -2778 0.00125561617202653 -0.000536862310767174 0.000211252298712730 -0.00111531753826141
7400 8640 -2778 0.00127190658998923 -0.000542025852918625 0.000119598075866699 -0.00114460603594780
7400 8440 -2778 0.00127357481174213 -0.000541741891384125 2.47985239885747e-05 -0.00115236093783379
7400 8240 -2778 0.0012624570736 -0.000535678270936012 -7.46706973463297e-05 -0.00114098756074905
7400 8040 -2778 0.00123647533055718 -0.000523638047933578 -0.000165680555820465 -0.00110776660203934
7400 7840 -2778 0.00119990166706656 -0.000505806252717972 -0.000248971018671990 -0.00105921550083160
7400 7640 -2778 0.00115236197463222 -0.000482642595887184 -0.000326107509732246 -0.000994301840066910
7400 7440 -2778 0.00109450082747547 -0.000455143498539925 -0.000393270098328590 -0.000914446004152298
7400 7240 -2778 0.00102813617132087 -0.000423830131769180 -0.000446154124140739 -0.000823510529279709
7400 7040 -2778 0.000957027151196789 -0.000389255193769932 -0.000484809740066528 -0.000727272615671158
7600 7040 -2778 0.00110211613594814 -0.000474713295459747 -0.000583842546582222 -0.0008053940612
7600 7240 -2778 0.00118843245377938 -0.000517381683468819 -0.000541842459321022 -0.000922344851493835
7600 7440 -2778 0.00126957747582056 -0.000556463920116425 -0.000482040650725365 -0.00103431365442276
7600 7640 -2778 0.00134207264352855 -0.000591274019360542 -0.000402517793715000 -0.00113558432459831
7600 7840 -2778 0.00140148473876148 -0.000619878196597099 -0.000310071631789208 -0.00121807227396965
7600 8040 -2778 0.00144697857567073 -0.000642071840167046 -0.000209565562516451 -0.0012796298542
7600 8240 -2778 0.00148001874856860 -0.000657378316879273 -9.85417959690094e-05 -0.00132229496479034
7600 8440 -2778 0.00149584154659869 -0.000665829761266708 1.65327301155776e-05 -0.00133928429079056
7600 8640 -2778 0.00149544974672911 -0.000666640044450760 0.000132092143118382 -0.00133195749449730
7600 8840 -2778 0.00147558435247208 -0.000660053604483605 0.000245498850762844 -0.00129657243847847
7600 9040 -2778 0.00144248502073018 -0.000646398368358612 0.000348927018642426 -0.00124171565318108
7600 9240 -2778 0.00139073665989262 -0.000624395834445953 0.000444094430565834 -0.00116062846589088
7600 9440 -2778 0.00132894479106118 -0.000597866586089134 0.000521358841538429 -0.00106624908041954
7600 9640 -2778 0.00125414868021534 -0.000564654790520668 0.000583197590947151 -0.000955924946784973
7600 9840 -2778 0.00116824366847547 -0.000525313559651375 0.000627259401559830 -0.000833685109853745
7800 9840 -2778 0.0013616780859 -0.000643341921687126 0.000753107128739357 -0.000934277879953384
7800 9640 -2778 0.00145881366667532 -0.000688166717529297 0.000705148980498314 -0.00107579217243195
7800 9440 -2778 0.00155096861417092 -0.000729175287365913 0.000633755605340004 -0.00121343128705025
7800 9240 -2778 0.00162799943527309 -0.000762399554729462 0.000542523447394371 -0.0013321555767
7800 9040 -2778 0.00169408044049554 -0.000790613870382309 0.000426124963998795 -0.00143629321813583
7800 8840 -2778 0.00173388551363738 -0.000807138413190842 0.000303260124146938 -0.00150431926059723
7800 8640 -2778 0.00175955504324860 -0.000815998761415482 0.000167001916557550 -0.00154992366814613
7800 8440 -2778 0.00176103657682688 -0.000815320781946182 2.86291178539395e-05 -0.00156066723585129
7800 8240 -2778 0.00174434316451342 -0.000806276172041893 -0.000117364140897989 -0.0015422737751
7800 8040 -2778 0.00170448899993645 -0.000788107806444168 -0.000251128069758415 -0.00149041020178795
7800 7840 -2778 0.00164929767814918 -0.000761557811141014 -0.000372595513582230 -0.00141499780988693
7800 7640 -2778 0.00157789597803233 -0.000726866267681122 -0.000484845066547394 -0.00131374063181877
7800 7440 -2778 0.00148899675797939 -0.000684231699228287 -0.000582477910637856 -0.00118729011225700
7800 7240 -2778 0.00138819867758690 -0.000635545448064804 -0.000656136024236679 -0.00104516824555397
7800 7040 -2778 0.0012788262607 -0.000580575341939926 -0.000706711451768875 -0.000893662491083145
8000 7040 -2778 0.00149742527804078 -0.000713464127779007 -0.000863029132366180 -0.000994196687936783
8000 7240 -2778 0.00163105581484391 -0.000781234259128571 -0.000806770685076713 -0.0011827139883
8000 7440 -2778 0.00175515686151766 -0.000841805712938309 -0.000721067436337471 -0.0013608822515
8000 7640 -2778 0.00186523044024124 -0.000894178301095963 -0.000604986693263054 -0.00152122107338905
8000 7840 -2778 0.00195503840198400 -0.000936891595125198 -0.000467440373659134 -0.00165101638984680
8000 8040 -2778 0.00202297685438591 -0.000969267673730850 -0.0003189818086 -0.00174664305305481
8000 8240 -2778 0.00207192303915719 -0.000991789831638336 -0.000154283184438944 -0.00181232327938080
8000 8440 -2778 0.00209606337371798 -0.00100388741302490 1.61484172027558e-05 -0.00183995406389237
8000 8640 -2778 0.00209542750247633 -0.00100514597392082 0.000187270875811577 -0.00182914170646667
8000 8840 -2778 0.00206560845796983 -0.000995180090427399 0.000356640688836575 -0.00177449364233017
8000 9040 -2778 0.00201718139762373 -0.000975518857717514 0.000508654135346413 -0.00169063576936722
8000 9240 -2778 0.0019397363491 -0.000942926294088364 0.000650373931884766 -0.00156540118074417
8000 9440 -2778 0.0018473570305 -0.000903538204431534 0.000763576047420502 -0.00141870552086830
8000 9640 -2778 0.00173345379852641 -0.000852579450130463 0.000852224669933319 -0.0012461726334
8000 9840 -2778 0.00160117708054270 -0.000791047896862030 0.000911853923559189 -0.0010520855143
8200 9840 -2778 0.00190196275767887 -0.000978359642744064 0.00111309872531891 -0.00119210445475578
8200 9640 -2778 0.00205429861923735 -0.00104888918614388 0.00104422495603561 -0.00142462926173210
8200 9440 -2778 0.00219073159375726 -0.00110827462077141 0.000939853878259659 -0.00163941846227646
8200 9240 -2778 0.00230552417313919 -0.00115677552223206 0.0008026981039 -0.00182564989519119
8200 9040 -2778 0.00240307565072905 -0.00119734083414078 0.000628337757945061 -0.00198661216402054
8200 8840 -2778 0.00246089408087923 -0.00122036680102348 0.000443570735096931 -0.00209059638071060
8200 8640 -2778 0.00249679265126758 -0.00123162695956230 0.000241417437613010 -0.00215848788022995
8200 8440 -2778 0.00249959056987196 -0.00123122125101090 3.36422351039946e-05 -0.00217506676864624
8200 8240 -2778 0.00247560383867756 -0.00121858125209808 -0.000181970155477524 -0.00214695735263824
8200 8040 -2778 0.00241784815173202 -0.00119348523902893 -0.000383037548899651 -0.00206775112867355
8200 7840 -2778 0.00233624142906224 -0.0011554231832 -0.000566073786973953 -0.00194948089838028
8200 7640 -2778 0.00222935356766927 -0.00110573193526268 -0.000732990855455399 -0.00179235852479935
8200 7440 -2778 0.00209665708007269 -0.00104262080693245 -0.000880747850418091 -0.00159101063728333
8200 7240 -2778 0.00194212586055934 -0.000968420622348786 -0.000991106704235077 -0.00136120779705048
8200 7040 -2778 0.0017731710902 -0.000882307399988175 -0.00106192379641533 -0.00111264873957634
8400 7040 -2778 0.00212732313444692 -0.00109907025885582 -0.00131830616021156 -0.00125650704026222
8400 7240 -2778 0.00233178223814057 -0.00120215809512138 -0.00123374629211426 -0.00157172630214691
8400 7440 -2778 0.00251782092095329 -0.00129079995012283 -0.00110202006292343 -0.00186035872888565
8400 7640 -2778 0.00267982870436021 -0.00136571840071678 -0.000921894784927368 -0.00211338712501526
8400 7840 -2778 0.00280919830334952 -0.00142392373991013 -0.000714985373377800 -0.00231437677049637
8400 8040 -2778 0.002908648826 -0.00146792460751533 -0.000486739189147949 -0.00246341938543320
8400 8240 -2778 0.00297810531025200 -0.00149773498964310 -0.000238809082925320 -0.00256260853481293
8400 8440 -2778 0.00301141285175157 -0.00151365215086937 1.66016400833614e-05 -0.00260330346202850
8400 8640 -2778 0.00301093354969065 -0.001516471457 0.000270089293956757 -0.00258706153059006
8400 8840 -2778 0.00296923945084706 -0.00150337218189240 0.000524457368135452 -0.00250611714839935
8400 9040 -2778 0.00290089046072477 -0.00147764699649811 0.000754853903889656 -0.00237925504493713
8400 9240 -2778 0.0027915941788 -0.00143443048286438 0.0009697367618 -0.00218975292253494
8400 9440 -2778 0.00265646949386175 -0.00137975081348419 0.001144168262 -0.0019601234703
8400 9640 -2778 0.00248616225874491 -0.0013068366332 0.00128142645907402 -0.00168318478345871
8400 9840 -2778 0.00228833185289028 -0.00121742219161987 0.00137083878278732 -0.00136901070952415
8600 9840 -2778 0.00279162026365898 -0.00152254635524750 0.00170727203512192 -0.00160050099349022
8600 9640 -2778 0.00301403991885189 -0.00162001884889603 0.00159382388949394 -0.00197939465904236
8600 9440 -2778 0.00320930216411287 -0.00169880305337906 0.00142460338759422 -0.00232038655281067
8600 9240 -2778 0.00336870202997881 -0.00176018802404404 0.0012079680922 -0.0026058830986
8600 9040 -2778 0.0035041526121 -0.00181122435283661 0.000936928791522980 -0.00284965351581573
8600 8840 -2778 0.00358184831458257 -0.00183860554599762 0.000655929606080055 -0.00300293420791626
8600 8640 -2778 0.00362980626212374 -0.00185114598131180 0.000352790597975254 -0.00310245966291428
8600 8440 -2778 0.00363255757219818 -0.00184931642723084 4.60727390646935e-05 -0.00312628606224060
8600 8240 -2778 0.00360092356585966 -0.0018340573287 -0.000281433513462544 -0.00308604591989517
8600 8040 -2778 0.00352246641527391 -0.00180306614685059 -0.000584397831559181 -0.00296872607517243
8600 7840 -2778 0.00340921964385688 -0.00175551706743240 -0.000864878088235855 -0.00279220043325424
8600 7640 -2778 0.00326035511521326 -0.00169070742034912 -0.00112736009335518 -0.00255031561088562
8600 7440 -2778 0.00307248887804164 -0.00160809165048599 -0.00135633286905289 -0.00223933888387680
8600 7240 -2778 0.00284694952001284 -0.00150557315397263 -0.00153508222532272 -0.00186673005008697
8600 7040 -2778 0.00259633191721231 -0.00138136577391624 -0.00165331707763672 -0.0014488998115
8800 7040 -2778 0.00322818112922056 -0.00175044862031937 -0.00209412828922272 -0.00172335169744492
8800 7240 -2778 0.00351641032151024 -0.00188720391035080 -0.00193536520004272 -0.00224847103738785
8800 7440 -2778 0.00377364017849099 -0.00199828960895538 -0.00170618111038208 -0.00270827065134049
8800 7640 -2778 0.00399050916001804 -0.00208734360647202 -0.00141485658454895 -0.00309198539447784
8800 7840 -2778 0.00416081286926450 -0.00215582881069183 -0.00108655078935623 -0.00338883066177368
8800 8040 -2778 0.0042890035821 -0.00220635928726196 -0.000738248835563660 -0.0036037808218
8800 8240 -2778 0.00437879369353101 -0.00223914513444900 -0.000365533546268940 -0.00374525702095032
8800 8440 -2778 0.0044218500117 -0.00225760765647888 1.74126664192736e-05 -0.00380193228244782
8800 8640 -2778 0.0044226203559 -0.00226200494194031 0.000394118355095387 -0.00378002769279480
8800 8840 -2778 0.00436896019863176 -0.00224958234119415 0.000774036409974098 -0.00366443176269531
8800 9040 -2778 0.00428229937281767 -0.00222297520065308 0.00112822202825546 -0.00348168869304657
8800 9240 -2778 0.00413968717053310 -0.00217486906909943 0.00146418643403053 -0.00320334577751160
8800 9440 -2778 0.00396288905118682 -0.00211281897354126 0.0017464141674 -0.00286192327404022
8800 9640 -2778 0.00373726295037894 -0.00202742366266251 0.00198064421939850 -0.00243592613363266
8800 9840 -2778 0.00346355000348109 -0.00191517867517471 0.00214620092725754 -0.0019292721033
9000 9840 -2778 0.00435577745022358 -0.00240836772251129 0.00271439463615418 -0.00240945792531967
9000 9640 -2778 0.00462877740147268 -0.00251098809194565 0.00248076271438599 -0.00299401471185684
9000 9440 -2778 0.00486698866621892 -0.00259072754144669 0.00217537038993835 -0.00349899638175964
9000 9240 -2778 0.00505696848038499 -0.00264881508874893 0.00181738432741165 -0.00390570871448517
9000 9040 -2778 0.00521875554769453 -0.00269688743686676 0.00139269117808342 -0.00424550701427460
9000 8840 -2778 0.005309291942 -0.00272090759611130 0.000965133824586868 -0.00445575576972962
9000 8640 -2778 0.00536558338189729 -0.00272917988824844 0.000512151981472969 -0.00459129230117798
9000 8440 -2778 0.0053674707165 -0.00272510459947586 5.80679475739598e-05 -0.004623937747
9000 8240 -2778 0.0053306055114 -0.00270931905651093 -0.000425004155695438 -0.00457081038665772
9000 8040 -2778 0.00523673308966412 -0.00267943166399002 -0.000878171639442444 -0.00441296408462524
9000 7840 -2778 0.00509951238011136 -0.00263106296253204 -0.00130498477101326 -0.00416837885379791
9000 7640 -2778 0.00491951064445494 -0.00256595349597931 -0.0017174241786 -0.00382987229919434
9000 7440 -2778 0.00468831151057062 -0.00247967426061630 -0.00209501307582855 -0.00338189090061188
9000 7240 -2778 0.00440739244933305 -0.00236983270502090 -0.00241693343114853 -0.0028231318469
9000 7040 -2778 0.00408991143001779 -0.00222896062517166 -0.00266450190639496 -0.0021574703083
9200 7040 -2778 0.00523123356745372 -0.00282262468004227 -0.00337350093841553 -0.00283205586338043
9200 7240 -2778 0.00554355683351646 -0.00294778580665588 -0.00302656367015839 -0.00358851516532898
9200 7440 -2778 0.00582880491823362 -0.00304707464551926 -0.00260896216058731 -0.0042289028511
9200 7640 -2778 0.00607080464134446 -0.00312384098625183 -0.00212737949514389 -0.00475039097499847
9200 7840 -2778 0.00625906823832925 -0.0031815421648 -0.00161307028675079 -0.00514400227737427
9200 8040 -2778 0.00639995203697682 -0.00322325215053558 -0.0010897418034 -0.00542082877254486
9200 8240 -2778 0.00649807535936442 -0.003250241683 -0.000539716879248619 -0.00560043147468567
9200 8440 -2778 0.00654405995596142 -0.00326624502563477 1.77862546572032e-05 -0.00567054420852661
9200 8640 -2778 0.00654735830564401 -0.00327324557304382 0.000565407581448555 -0.00564216965961456
9200 8840 -2778 0.00649091011124575 -0.00326950647735596 0.00112348486685753 -0.00549360236835480
9200 9040 -2778 0.00639856472644072 -0.00325280154323578 0.00165423853445053 -0.00525560225296021
9200 9240 -2778 0.0062458984948 -0.00321885983753204 0.00217643514156342 -0.00489133471965790
9200 9440 -2778 0.00605498799445998 -0.00317332666587830 0.00264237698984146 -0.00442890217304230
9200 9640 -2778 0.00581356343438378 -0.00310582631349564 0.003062564435 -0.00384299846458435
9200 9840 -2778 0.00552187743044208 -0.00301001360893250 0.00341947880935669 -0.00312141511297226
9400 9840 -2778 0.00698133128065794 -0.00371051589679718 0.00425258940601349 -0.00410944867992401
9400 9640 -2778 0.0072312303796 -0.00377314550304413 0.00377850512313843 -0.00487648127937317
9400 9440 -2778 0.00745806936544272 -0.00381538284111023 0.00324172483825684 -0.00552771803569794
9400 9240 -2778 0.0076406052127 -0.00384158820724487 0.00265926153612137 -0.00604560800457001
9400 9040 -2778 0.00779421019088504 -0.00386141243076325 0.00201178985977173 -0.00646465873718262
9400 8840 -2778 0.00787614387613165 -0.00386587609195709 0.00138139589023590 -0.00672189400482178
9400 8640 -2778 0.00793170390259466 -0.00386150960254669 0.000722442084670067 -0.00689044958496094
9400 8440 -2778 0.00792926427217741 -0.0038527723627 7.86017206907272e-05 -0.00692987926292419
9400 8240 -2778 0.00789786424318950 -0.00384210466098785 -0.000608004348278046 -0.0068734868946
9400 8040 -2778 0.00780527872427063 -0.0038258727684 -0.00126253108572960 -0.00668480189323425
9400 7840 -2778 0.00766888517971086 -0.0037970883789 -0.00189266892671585 -0.00638868434047699
9400 7640 -2778 0.00749269226378725 -0.00375579282474518 -0.00251842249011993 -0.00597282572174072
9400 7440 -2778 0.00726113152238715 -0.00369923437786102 -0.00313444148015976 -0.00540402135372162
9400 7240 -2778 0.00697961093315108 -0.00362315581989288 -0.00369931964397431 -0.00468003684329987
9400 7040 -2778 0.00667163899421352 -0.00351817310619354 -0.00420176023292542 -0.00380644314289093
9600 7040 -2778 0.00841032812657155 -0.00429872250461578 -0.00513771487236023 -0.00508488585662842
9600 7240 -2778 0.00872054303035315 -0.00437763521289826 -0.00449437328529358 -0.00605730304527283
9600 7440 -2778 0.00899071558219100 -0.00442428386116028 -0.00379525167083740 -0.00684513086891174
9600 7640 -2778 0.00920379991129506 -0.00444964232826233 -0.00303524845123291 -0.00746310141944885
9600 7840 -2778 0.0093634994417 -0.00446465357685089 -0.00227321804475784 -0.0079104426136
9600 8040 -2778 0.00948217074407307 -0.00447307826328278 -0.00152221418738365 -0.00822076682281494
9600 8240 -2778 0.00956211373184272 -0.00447637400054932 -0.0007504914391 -0.00841620295715332
9600 8440 -2778 0.00960082143691059 -0.00448400890827179 2.11088363373929e-05 -0.00848942495536804
9600 8640 -2778 0.00960544041191696 -0.00449418756961823 0.000782045940876007 -0.00845311585998535
9600 8840 -2778 0.0095578564751 -0.00450895891666412 0.00156985494112968 -0.00827985806274414
9600 9040 -2778 0.00949174507007132 -0.00452263219642639 0.00232751731109619 -0.00801448563003540
9600 9240 -2778 0.00937303171435674 -0.00453288762664795 0.00309746206283569 -0.00759686659431458
9600 9440 -2778 0.00921815153404218 -0.00453977665615082 0.00382959891319275 -0.00704911259841919
9600 9640 -2778 0.00900903647434574 -0.00453127746105194 0.00453580295562744 -0.00632927224445343
9600 9840 -2778 0.00874743433068740 -0.00449718840217590 0.00519110430145264 -0.00541903358173371
9800 9840 -2778 0.0109069542956 -0.00537530856704712 0.0062646905775 -0.00712892036819458
9800 9640 -2778 0.0110996937378715 -0.00534405525112152 0.0054481771183 -0.00805987845039368
9800 9440 -2778 0.0112516528503100 -0.0052934182558 0.00457234791278839 -0.00881317947959900
9800 9240 -2778 0.0113542804681984 -0.00523848025035858 0.00368511485958099 -0.00937517501258850
9800 9040 -2778 0.0114413861129442 -0.00519183589649200 0.00274361430263519 -0.00981954854011535
9800 8840 -2778 0.0114734037194250 -0.00515393345069885 0.00186496814107895 -0.0100794804954529
9800 8640 -2778 0.0115007425983 -0.00512061388015747 0.000974576552629471 -0.0102516403617859
9800 8440 -2778 0.0114927986901688 -0.00510668024253845 0.000109716699361801 -0.0102953485069275
9800 8240 -2778 0.011483439968 -0.00510906331157684 -0.000816494228243828 -0.0102516509513855
9800 8040 -2778 0.0114277824835518 -0.00512734763908386 -0.00170008324384689 -0.0100706551971436
9800 7840 -2778 0.0113471520688988 -0.00514733274364471 -0.00258136543512344 -0.00977711622619629
9800 7640 -2778 0.0112373662455737 -0.0051726238861 -0.00348414929676056 -0.00934924725723267
9800 7440 -2778 0.0110782124172543 -0.00519848139858246 -0.00441491747474671 -0.00873137973594666
9800 7240 -2778 0.0108511154291676 -0.00521472234344482 -0.00533023292541504 -0.00788320322799683
9800 7040 -2778 0.0105535260709651 -0.00518917282199860 -0.00620404493331909 -0.00677902345275879
10000 7040 -2778 0.0132585723971659 -0.0062046789236 -0.00741553398132324 -0.00907227978134155
10000 7240 -2778 0.0134698250468469 -0.00612097586345672 -0.00629182830715179 -0.0102153328132629
10000 7440 -2778 0.0135899247649569 -0.00600965214061737 -0.00516131346035004 -0.0110412954635620
10000 7640 -2778 0.0136444211319258 -0.00590400742816925 -0.0040442917881 -0.0116170834655762
10000 7840 -2778 0.0136671217239 -0.00581864261245728 -0.00297596300601959 -0.0120036965160370
10000 8040 -2778 0.0136794904571463 -0.00575630175209045 -0.00195811569595337 -0.0122541970329285
10000 8240 -2778 0.0136903672078 -0.00571097395229340 -0.000951924790859223 -0.0124052655410767
10000 8440 -2778 0.0136962102841812 -0.00569863844871521 3.62557676100114e-05 -0.0124539831962585
10000 8640 -2778 0.0137071244761873 -0.00571424476909638 0.00101563094902039 -0.0124177760448456
10000 8840 -2778 0.0137059387768659 -0.00576504996109009 0.0020369392209 -0.0122664667892456
10000 9040 -2778 0.0137218901658580 -0.00583507051658630 0.00305219220209122 -0.0120376962871552
10000 9240 -2778 0.0137242872469628 -0.00593406838035584 0.00413727916526795 -0.0116628832283
10000 9440 -2778 0.0137249128383770 -0.00605728916454315 0.0052150263319 -0.0111571303997
10000 9640 -2778 0.0136921663525376 -0.00619682068252563 0.00633582492446899 -0.0104361534652710
10000 9840 -2778 0.0135901875076738 -0.00633579782295227 0.00747784224891663 -0.00941224845504761
10200 9840 -2778 0.0169291664188673 -0.00731421105384827 0.00880767797279358 -0.0124720119743347
10200 9640 -2778 0.0167270125339953 -0.00701428400611877 0.00735387306213379 -0.0132858315200806
10200 9440 -2778 0.0165286463902 -0.00675065999984741 0.005981593647 -0.0138507154808
10200 9240 -2778 0.0163579363717549 -0.0065408349018 0.00470627174472809 -0.0142353092842102
10200 9040 -2778 0.0162366481888469 -0.00637746867847443 0.00344665468215942 -0.0145282156105
10200 8840 -2778 0.0161367408474715 -0.00627127988815308 0.00232362363672256 -0.0146856517143250
10200 8640 -2778 0.0160906820923273 -0.00619550362873078 0.00121529495978355 -0.0148002987518311
10200 8440 -2778 0.0160689177171102 -0.00617371709346771 0.000155541992992163 -0.0148348494873
10200 8240 -2778 0.0161092359071533 -0.00619606096649170 -0.000974950066328049 -0.0148380002441406
10200 8040 -2778 0.0161613274668 -0.00627045473861694 -0.0020753869028 -0.0147501067581177
10200 7840 -2778 0.0162412363089101 -0.00637832844352722 -0.00319644340229034 -0.0145897874526978
10200 7640 -2778 0.016363505322 -0.00653059672927856 -0.00440661342048645 -0.0143421536369324
10200 7440 -2778 0.0165079369291621 -0.00674020127296448 -0.00572969123268127 -0.0139374330139160
10200 7240 -2778 0.0166480500321666 -0.00700809730529785 -0.00716463415145874 -0.0132932352981567
10200 7040 -2778 0.0167292001180955 -0.00729901003265381 -0.00871159683418274 -0.0122757188720703
10400 7040 -2778 0.0209963040657521 -0.0082829916439 -0.0098749966526 -0.0165749860610962
10400 7240 -2778 0.0203527281693995 -0.00773114315414429 -0.00794768213653565 -0.0170668033103943
10400 7440 -2778 0.0198139189584789 -0.0073018068943 -0.00627985804653168 -0.0173159099769592
10400 7640 -2778 0.0193723205483270 -0.0069789508171 -0.00477930874156952 -0.0174281661720276
10400 7840 -2778 0.0190506606643792 -0.00675207060813904 -0.00344573813629150 -0.0174770321311951
10400 8040 -2778 0.0188356446977882 -0.00659948525238037 -0.00224002640676498 -0.0174989200401306
10400 8240 -2778 0.0186952453879 -0.00649818826293945 -0.00106427728986740 -0.0174971579818726
10400 8440 -2778 0.0186364973185281 -0.00646421399116516 7.52215064056218e-05 -0.0174793395614624
10400 8640 -2778 0.0186591105671595 -0.00648306493568420 0.00119853306722641 -0.0174552872161865
10400 8840 -2778 0.0187492507496404 -0.00657481247711182 0.00238899764108658 -0.0173955531921387
10400 9040 -2778 0.0189386580516733 -0.00671146466445923 0.00360448149967194 -0.0173386353874207
10400 9240 -2778 0.0192255194912706 -0.00692551400947571 0.00496370988464356 -0.0172342519302368
10400 9440 -2778 0.0196289002141 -0.0072178853302 0.00641477187442780 -0.0170903371429443
10400 9640 -2778 0.0201738932062716 -0.00760776377105713 0.00805667455673218 -0.0168563316802979
10400 9840 -2778 0.0208814754089495 -0.00812506024932862 0.0100160028915405 -0.0164216857643127
10600 9840 -2778 0.0250540823722405 -0.00847674950027466 0.0106929452018738 -0.0210118996009827
10600 9640 -2778 0.0237236228681586 -0.00784714033508301 0.00853500444602966 -0.0206978276786804
10600 9440 -2778 0.0227747986263140 -0.00737472780227661 0.00674173291206360 -0.0204659199562
10600 9240 -2778 0.0221026904240626 -0.00703218610572815 0.00520690672683716 -0.0202966900215149
10600 9040 -2778 0.0216351848653162 -0.00677962055587769 0.00376762796211243 -0.0201967979583740
10600 8840 -2778 0.0213355724503509 -0.00662791440963745 0.00253554728364945 -0.0201207335700989
10600 8640 -2778 0.0211792314557808 -0.00652251764678955 0.0013374971776 -0.0201053612213135
10600 8440 -2778 0.0211368911006993 -0.00649645051002502 0.0002135952343 -0.0201124592666626
10600 8240 -2778 0.0212435164146292 -0.00652666184616089 -0.000987241956472397 -0.0201915839271545
10600 8040 -2778 0.0214579044315927 -0.00663856261634827 -0.00217079660511017 -0.0202898092193604
10600 7840 -2778 0.0217988737330475 -0.00681089749145508 -0.00339660800457001 -0.0204267303047180
10600 7640 -2778 0.0223196945585815 -0.0070598954277 -0.00475346926975250 -0.0206326315917969
10600 7440 -2778 0.0230754035594 -0.00743457325744629 -0.00631250454616547 -0.0209108755683899
10600 7240 -2778 0.0241371300108 -0.00798278095626831 -0.00815627475738525 -0.0212696529502869
10600 7040 -2778 0.0256386537130217 -0.00875981061744690 -0.0104276735935211 -0.0217264196777344
10800 7040 -2778 0.0295806693900938 -0.00831427019119263 -0.00988684419822693 -0.0266108236007690
10800 7240 -2778 0.0275462298507928 -0.00760821416664124 -0.00779867228889465 -0.0253000111999512
10800 7440 -2778 0.0261452683780211 -0.00711225791358948 -0.00609325770187378 -0.0244103063583374
10800 7640 -2778 0.0251301081043504 -0.00676246291923523 -0.00460527416419983 -0.0237635156631470
10800 7840 -2778 0.0244329422221557 -0.00652794420814514 -0.00329402126979828 -0.0233133592300415
10800 8040 -2778 0.0239768090900104 -0.00636864220523834 -0.00212014934635162 -0.0230177732200623
10800 8240 -2778 0.0236854476200888 -0.00626342829895020 -0.000975694922447205 -0.0228214316787720
10800 8440 -2778 0.0235589520817487 -0.0062298130064 0.000137183218747377 -0.0227198530120850
10800 8640 -2778 0.0235942103581448 -0.00625216275215149 0.00122943996119499 -0.0227173220901489
10800 8840 -2778 0.0237833649656149 -0.00635030792236328 0.0023932796297 -0.0227946887969971
10800 9040 -2778 0.0241504410675527 -0.00649160188293457 0.0035872124834 -0.0229830556182861
10800 9240 -2778 0.0247367315177 -0.00671869907379150 0.00493513751983643 -0.0232896841239929
10800 9440 -2778 0.0255831539958573 -0.0070336572647 0.00640251030635834 -0.0237511300010681
10800 9640 -2778 0.0268086001803190 -0.00747165918922424 0.00812802555084229 -0.0244242789878845
10800 9840 -2778 0.0286138114695763 -0.00808965799903870 0.0103039930000305 -0.0254376775588989
11000 9840 -2778 0.0309815001536823 -0.00700203941535950 0.00888809965324402 -0.0288410565948486
11000 9640 -2778 0.0292171314206148 -0.00663442297935486 0.00729832106399536 -0.0275025613174438
11000 9440 -2778 0.0279307292516438 -0.00633628837871552 0.00589752431964874 -0.0265560858535767
11000 9240 -2778 0.0269974975005590 -0.00610367472839356 0.00462459324073792 -0.0258888876953125
11000 9040 -2778 0.0263281512449 -0.0059201747694 0.00339091570949555 -0.0254286126556396
11000 8840 -2778 0.0259110538930323 -0.00581263273715973 0.00231565376806259 -0.0251444379425
11000 8640 -2778 0.0256819469423762 -0.0057293504486 0.00126601561927795 -0.0250028281593323
11000 8440 -2778 0.0256284568343 -0.00570717751693726 0.000269116611719131 -0.0249837387733459
11000 8240 -2778 0.0257704156603128 -0.00571797861003876 -0.000790612929582596 -0.0251154522285461
11000 8040 -2778 0.0260843811948467 -0.00579473022556305 -0.00182215294027328 -0.0253675306854248
11000 7840 -2778 0.0265870821653 -0.00590442787265778 -0.00288823886919022 -0.0257617690734863
11000 7640 -2778 0.0273194397142623 -0.00606230609512329 -0.00401992717075348 -0.0263353235397339
11000 7440 -2778 0.0284010724883927 -0.00628967715549469 -0.00529233187866211 -0.0271827316818237
11000 7240 -2778 0.0299064647543140 -0.00660413686943054 -0.00671609958076477 -0.0283814671478271
11000 7040 -2778 0.0320003220249956 -0.00698963518142700 -0.00832421031951904 -0.0301029638442993
11200 7040 -2778 0.0331572819701931 -0.0053598465147 -0.00639439674377441 -0.0320903269424438
11200 7240 -2778 0.0314570848734958 -0.00530628597545624 -0.00540620695781708 -0.0305303755645752
11200 7440 -2778 0.0301392665155872 -0.00521114612007141 -0.00441122920227051 -0.0293552420578
11200 7640 -2778 0.0291188210411543 -0.0051251701498 -0.00342324442386627 -0.0284605839080811
11200 7840 -2778 0.0283743312374659 -0.00505432280254364 -0.00248415595817566 -0.0278079443359375
11200 8040 -2778 0.0278625489534428 -0.00500333407211304 -0.00157896137642860 -0.0273641218261719
11200 8240 -2778 0.0275356448113913 -0.00496434170341492 -0.000679510792970657 -0.0270748005218506
11200 8440 -2778 0.0273936172819120 -0.00495778765678406 0.0002062513222 -0.0269407447052
11200 8640 -2778 0.0274311404731489 -0.00497434236431122 0.0010818147633 -0.0269543695983887
11200 8840 -2778 0.0276484716015489 -0.00503147580528259 0.00199739643096924 -0.0271128329849243
11200 9040 -2778 0.0280531141906959 -0.00509838382148743 0.00292019860124588 -0.0274309339675903
11200 9240 -2778 0.0286848293082715 -0.00519756947422028 0.00391828702354431 -0.0279384592742920
11200 9440 -2778 0.0295558981761440 -0.00531524504375458 0.00491854427051544 -0.0286552547073364
11200 9640 -2778 0.0307292037818 -0.00544699978923798 0.00596604459571838 -0.0296465992355347
11200 9840 -2778 0.0322869238764325 -0.00557563250446320 0.00703966890907288 -0.0310103724136353
11400 9840 -2778 0.0329677175727329 -0.00418827464771271 0.00532655436897278 -0.0322634864654541
11400 9640 -2778 0.0317769362686788 -0.00425271778964996 0.00475461541175842 -0.0311306843338
11400 9440 -2778 0.0307838964217556 -0.00425774492645264 0.0040622839508 -0.0302165269851685
11400 9240 -2778 0.0300064446640487 -0.00423785079669952 0.00332911906051636 -0.0295175323333740
11400 9040 -2778 0.0294094660330308 -0.00420161501026154 0.0025296073184 -0.0289975992736816
11400 8840 -2778 0.0290260498997365 -0.00417982446289062 0.00178951852798462 -0.0286679310379
11400 8640 -2778 0.0288074552514408 -0.00414680780124664 0.00103568458533287 -0.0284886754455566
11400 8440 -2778 0.0287572870620377 -0.00413423318958282 0.000308761427879334 -0.0284567777709961
11400 8240 -2778 0.0288878342979406 -0.00411760626029968 -0.000465683303833008 -0.0285884854812622
11400 8040 -2778 0.0291815537543714 -0.00412463931369782 -0.00119979679822922 -0.0288636608505249
11400 7840 -2778 0.0296394388683290 -0.00412578784847260 -0.00192922122669220 -0.0292887649688721
11400 7640 -2778 0.0302797263815702 -0.00411938509845734 -0.00265229063034058 -0.0298823536376953
11400 7440 -2778 0.0311632378665393 -0.00409409928321838 -0.00338373691749573 -0.0307058409805298
11400 7240 -2778 0.0322783701269513 -0.00403124609375000 -0.00406464228343964 -0.0317699320297241
11400 7040 -2778 0.0336246932211946 -0.00388335755634308 -0.00463444451808930 -0.0330765997695923
11600 7040 -2778 0.0337789601390381 -0.00271044990301132 -0.00323186735343933 -0.0335147943878174
11600 7240 -2778 0.0327857079592876 -0.00292017675399780 -0.00294202200508118 -0.0325237898330689
11600 7440 -2778 0.0319234969256737 -0.00305098024225235 -0.00252736071538925 -0.0316769990158
11600 7640 -2778 0.0311825182678269 -0.00314065264987946 -0.00202060050582886 -0.0309583632659912
11600 7840 -2778 0.0306138658424786 -0.00319607833623886 -0.00147906535887718 -0.0304106269378662
11600 8040 -2778 0.0302019814023746 -0.00323164674854279 -0.000916105357170105 -0.0300147957916260
11600 8240 -2778 0.0299305790690521 -0.00325000225067139 -0.000329766149878502 -0.0297510904083252
11600 8440 -2778 0.0298123551689272 -0.00326666814136505 0.000260931654453278 -0.0296320932922363
11600 8640 -2778 0.0298449894131425 -0.00327471241092682 0.000845421715497971 -0.0296527387237549
11600 8840 -2778 0.0300314274995928 -0.0032903728857 0.00144951080656052 -0.0298154181671143
11600 9040 -2778 0.0303640856236384 -0.00328579728889465 0.00202937786245346 -0.0301168466949463
11600 9240 -2778 0.0308653540195187 -0.00327253712558746 0.00261650431537628 -0.0305805967636108
11600 9440 -2778 0.0315171393543607 -0.00323360445976257 0.00314276523065567 -0.0311941160202
11600 9640 -2778 0.0323226002231354 -0.00315408115625381 0.00359859552764892 -0.0319664256286621
11600 9840 -2778 0.0332889903520560 -0.00301122618007660 0.00393713170051575 -0.0329204067230225
11800 9840 -2778 0.0334476731079151 -0.00206675021743774 0.00286922050571442 -0.0332592905731201
11800 9640 -2778 0.0327188841316341 -0.00222887637281418 0.0027116290245 -0.0325303318557739
11800 9440 -2778 0.0320669782738511 -0.00233736068105698 0.0024394568181 -0.0318891782073975
11800 9240 -2778 0.0315160412573121 -0.00240607279586792 0.00208692693185806 -0.0313553997726441
11800 9040 -2778 0.0310711113202 -0.00244334494829178 0.00165625858449936 -0.0309305808486938
11800 8840 -2778 0.0307754030453457 -0.00246769593477249 0.00122760236787796 -0.0306512606658936
11800 8640 -2778 0.0305979766873989 -0.00246563164949417 0.000771099605083466 -0.0304887286529541
11800 8440 -2778 0.0305587653938878 -0.00246137366485596 0.000327243564188480 -0.0304575821075440
11800 8240 -2778 0.0306567917931487 -0.0024355908885 -0.000144445866554976 -0.0305596960601807
11800 8040 -2778 0.0308880404870836 -0.00240938157463074 -0.0005856019138 -0.0307883581237793
11800 7840 -2778 0.0312381082232337 -0.00236253076839447 -0.00100607998323441 -0.0311331870498657
11800 7640 -2778 0.0317061328491852 -0.00228968969964981 -0.00139228044772148 -0.0315919165649414
11800 7440 -2778 0.0323072687107133 -0.00218135306167603 -0.00174116898536682 -0.0321885830230713
11800 7240 -2778 0.0330205362910893 -0.00202953613376617 -0.00201019262504578 -0.0328979723587
11800 7040 -2778 0.0338045991010976 -0.00181519429683685 -0.00215987879276276 -0.0336874616470337
12000 7040 -2778 0.0337797544309637 -0.00113582343864441 -0.00134588539075851 -0.0337338154830933
12000 7240 -2778 0.0331762350625729 -0.00130399451065063 -0.0012787748835 -0.0331249552612305
12000 7440 -2778 0.0326146077537889 -0.00142997420668602 -0.0011274285984 -0.0325628810348511
12000 7640 -2778 0.0321052963942198 -0.00153042437958717 -0.000904278420448303 -0.0320566926269531
12000 7840 -2778 0.0316945393077339 -0.00160283725142479 -0.000639309624314308 -0.0316481315841675
12000 8040 -2778 0.0313851497951590 -0.00165213080358505 -0.000346408944964409 -0.0313397206802368
12000 8240 -2778 0.0311798274113253 -0.00168108032274246 -3.18939609160534e-05 -0.0311340001678467
12000 8440 -2778 0.0310903718482909 -0.00169992990493774 0.000293409092783928 -0.0310423416900635
12000 8640 -2778 0.0311168965960689 -0.00170381107234955 0.000613772860884667 -0.0310643583297729
12000 8840 -2778 0.0312650976790515 -0.00170200037765503 0.000946889220714569 -0.0312045013504
12000 9040 -2778 0.0315195449503487 -0.00167624922752380 0.00125233264374733 -0.0314507030410767
12000 9240 -2778 0.0318927503457417 -0.00163350500917435 0.00154540167403221 -0.0318133764266968
12000 9440 -2778 0.0323542789955746 -0.00156636362791061 0.00178291424894333 -0.0322683683929443
12000 9640 -2778 0.0329049415655817 -0.00146561502718925 0.00196251913499832 -0.0328139197387695
12000 9840 -2778 0.0335165705270426 -0.00132369067573547 0.00205344825887680 -0.0334266052093506
12200 9840 -2778 0.0335475594232804 -0.000725213015794754 0.00141200896263123 -0.0335098872375488
12200 9640 -2778 0.0330493469174164 -0.0008286212449 0.0013767673552 -0.033010499794
12200 9440 -2778 0.0325830712613427 -0.000906619354248047 0.00128296851706505 -0.0325451773071289
12200 9240 -2778 0.0321732047842272 -0.000962844156980514 0.00114005306863785 -0.0321381984634399
12200 9040 -2778 0.0318268229735 -0.0009979572215 0.000947192466497421 -0.0317968994216919
12200 8840 -2778 0.0315933281266499 -0.00102268084645271 0.000753662721395493 -0.0315677650299
12200 8640 -2778 0.0314494335967932 -0.00102790561175346 0.000540913732051849 -0.0314278189926148
12200 8440 -2778 0.0314159944791960 -0.00102745043563843 0.000331534588336945 -0.0313972898330689
12200 8240 -2778 0.0314910899835862 -0.00100795510029793 0.0001071700004 -0.0314747722702
12200 8040 -2778 0.0316712023811751 -0.000985997848033905 -9.58248565196991e-05 -0.0316554306869507
12200 7840 -2778 0.0319409427153418 -0.000948801062822342 -0.000284379438638687 -0.0319262542266846
12200 7640 -2778 0.0322928740329879 -0.000894849799156189 -0.000448598601460457 -0.0322771433334351
12200 7440 -2778 0.0327316928057183 -0.000819854020833969 -0.0005862598226 -0.0327149540252686
12200 7240 -2778 0.0332275578396938 -0.000724484457492828 -0.000676289042115212 -0.0332127739791870
12200 7040 -2778 0.033746499483 -0.000602743741154671 -0.000706940139293671 -0.0337353492660522
12400 7040 -2778 0.0337222442082308 -0.000162765807956457 -0.000181000628888607 -0.0337214729995728
12400 7240 -2778 0.0332638691326941 -0.000224452985286713 -0.000173325541824102 -0.0332632382812500
12400 7440 -2778 0.0328243144679360 -0.000272612768888474 -0.000136890079766512 -0.0328232167282105
12400 7640 -2778 0.0324205058424708 -0.000313851348936558 -7.38135575205088e-05 -0.0324189026336670
12400 7840 -2778 0.0320847822355934 -0.000345777799248695 5.89283487230568e-06 -0.0320839368667602
12400 8040 -2778 0.0318293801894 -0.000368613075137139 9.91170275956392e-05 -0.0318276344757
12400 8240 -2778 0.0316567625292212 -0.000381382447898388 0.000200891027271748 -0.0316533943634
12400 8440 -2778 0.0315835799520856 -0.000390209232270718 0.000309899025559425 -0.0315796488571167
12400 8640 -2778 0.0316093406043298 -0.0003910365684 0.000418313629448414 -0.0316037686767578
12400 8840 -2778 0.0317392884478167 -0.000390081740081310 0.000530692726254463 -0.0317323583221436
12400 9040 -2778 0.0319557593351651 -0.000376580559790134 0.000632821571230888 -0.0319469877548218
12400 9240 -2778 0.0322680142839959 -0.000355647705197334 0.000729233463048935 -0.0322586983795166
12400 9440 -2778 0.0326477296998404 -0.000324151629030704 0.000804962225794792 -0.0326361948776245
12400 9640 -2778 0.0330829724782 -0.0002805302059 0.000857578865051270 -0.0330715693130493
12400 9840 -2778 0.0335568335147573 -0.000223051033914089 0.000881504534482956 -0.0335454116287232
12600 9840 -2778 0.0335617239387187 0.000232769124984741 0.000402911313652992 -0.0335587982559204
12600 9640 -2778 0.0331148221486276 0.000221717077970505 0.000401100024342537 -0.0331117645111
12600 9440 -2778 0.0326889293214554 0.000212277783751488 0.0003947982577 -0.0326858558502197
12600 9240 -2778 0.0323113302048431 0.000205725133031607 0.000383453723669052 -0.0323078347625732
12600 9040 -2778 0.0319876787138510 0.000204734023094177 0.000362416397511959 -0.0319850607528687
12600 8840 -2778 0.0317686835270396 0.000199994334936142 0.000350868450820446 -0.0317661132965
12600 8640 -2778 0.0316316013640967 0.000201424247682095 0.000335785456240177 -0.0316289827270508
12600 8440 -2778 0.0315978179334 0.000200497279793024 0.000324732139229774 -0.0315955130996704
12600 8240 -2778 0.0316617583222420 0.000206303805619478 0.0003100281431 -0.0316595379409790
12600 8040 -2778 0.0318273284772406 0.000206595366925001 0.0003018033517 -0.0318249456710816
12600 7840 -2778 0.0320746685508509 0.000209988955855370 0.000295949378490448 -0.0320731539688110
12600 7640 -2778 0.0323975160295791 0.000215318976759911 0.000292377023935318 -0.0323960714263916
12600 7440 -2778 0.0327969606418766 0.000221485645234585 0.0002895565347 -0.0327937323760986
12600 7240 -2778 0.0332444894028595 0.000227432664752007 0.000290396858453751 -0.0332424430465698
12600 7040 -2778 0.0337100103502607 0.000233812288999558 0.000292896173775196 -0.0337077641525269
12800 7040 -2778 0.0337107118836730 0.000625977897763252 0.000760044367551804 -0.0336961807785
12800 7240 -2778 0.0332189877904851 0.000677853466510773 0.000744960623979569 -0.0332046498107910
12800 7440 -2778 0.0327545302040693 0.0007194974662 0.000704303415775299 -0.0327391377105713
12800 7640 -2778 0.0323251072778565 0.000750055044293404 0.000644376761913300 -0.0323099792098999
12800 7840 -2778 0.0319752566794969 0.000771610965728760 0.000571256869792938 -0.0319616508712769
12800 8040 -2778 0.0317107692715279 0.0007864204874 0.000489973971486091 -0.0316969418411255
12800 8240 -2778 0.0315341624231233 0.0007969875642 0.000403469952523708 -0.0315211868438721
12800 8440 -2778 0.0314601936498727 0.000801878950715065 0.000315505881667137 -0.0314483899536133
12800 8640 -2778 0.0314886856885946 0.000803462514877319 0.000228661249697208 -0.0314775271377564
12800 8840 -2778 0.0316293214344111 0.000796107667922974 0.000147386627197266 -0.0316186029205322
12800 9040 -2778 0.0318558024024593 0.000789033881068230 7.25171500444412e-05 -0.0318458505554199
12800 9240 -2778 0.0321878439283153 0.000772512202262878 9.77266387517739e-06 -0.0321792201690674
12800 9440 -2778 0.0325902594698651 0.000751662791371346 -3.85772771425545e-05 -0.0325815672912598
12800 9640 -2778 0.0330490296349352 0.000723064350843430 -6.86030321642757e-05 -0.0330412872314453
12800 9840 -2778 0.0335572026539925 0.000682498762726784 -7.09461587071419e-05 -0.0335487734832764
13000 9840 -2778 0.0335337236360910 0.00117051900625229 -0.000589075557231903 -0.0335088686370850
13000 9640 -2778 0.0329744780332507 0.00125030790877342 -0.0005611711384 -0.032945075531
13000 9440 -2778 0.0324527321819127 0.00131119448971748 -0.0004859196943 -0.0324229660644531
13000 9240 -2778 0.0320023327040745 0.00135442173957825 -0.000370242004930973 -0.0319715148391724
13000 9040 -2778 0.0316212531845 0.00138946566081047 -0.000224909088432789 -0.0315896324844360
13000 8840 -2778 0.0313674960990306 0.00140521456003189 -5.73889192193747e-05 -0.0313361654586792
13000 8640 -2778 0.0312062068571806 0.00141485338163376 0.000122515484094620 -0.0311735886001587
13000 8440 -2778 0.0311664908252647 0.00141225179481506 0.000308978849291801 -0.0311330925064
13000 8240 -2778 0.0312346644148524 0.00140609752368927 0.000500961404442787 -0.0311989773635864
13000 8040 -2778 0.0314225012602215 0.00138592628693581 0.000686666012048721 -0.0313846564178467
13000 7840 -2778 0.0317093220192925 0.00135377776527405 0.000860573063850403 -0.0316679267883301
13000 7640 -2778 0.0320898216223724 0.00131072363805771 0.00101753326368332 -0.0320483520355225
13000 7440 -2778 0.0325683739788936 0.00124884959793091 0.00114860544514656 -0.0325232076416
13000 7240 -2778 0.0331222546249 0.00116517397403717 0.00123851503372192 -0.0330780137481689
13000 7040 -2778 0.0337141846971851 0.00105730245757103 0.00127279542469978 -0.0336735556945801
13200 7040 -2778 0.0336953946825231 0.00157193266415596 0.00188374200201035 -0.0336057850265503
13200 7240 -2778 0.0329795755483359 0.00172949862861633 0.00181439057064056 -0.0328843003921509
13200 7440 -2778 0.0323252480524788 0.00185021145105362 0.00166300196599960 -0.0322296909255981
13200 7640 -2778 0.0317538580611676 0.00193879624605179 0.00144562267613411 -0.0316619015426636
13200 7840 -2778 0.0313053539736841 0.00200005120515823 0.00118940205097199 -0.0312187492599487
13200 8040 -2778 0.0309758376439111 0.00204291454553604 0.000912499415874481 -0.0308942158966
13200 8240 -2778 0.0307585019049746 0.00207015349054337 0.000616278432846069 -0.0306819458160400
13200 8440 -2778 0.0306719915445467 0.00208386893844605 0.000313960507035255 -0.0305995940093994
13200 8640 -2778 0.0307083806766218 0.00208854115629196 1.51503846216947e-05 -0.0306374251174927
13200 8840 -2778 0.0308838447517557 0.00207706657552719 -0.000278878853619099 -0.0308127276153564
13200 9040 -2778 0.0311676524170920 0.00205650378274918 -0.000553578792333603 -0.0310952376327515
13200 9240 -2778 0.0315919385756607 0.00201494904518127 -0.000803532099723816 -0.0315173745651245
13200 9440 -2778 0.0321173594304884 0.00195453949594498 -0.00100656524944305 -0.0320430551071167
13200 9640 -2778 0.0327454425206476 0.00186695928907394 -0.0011488573935 -0.0326709012222290
13200 9840 -2778 0.0334687706360139 0.00173952912282944 -0.00120479958438873 -0.0334011103286743
13400 9840 -2778 0.0333072664145201 0.00244201777219772 -0.00198554219198227 -0.033156622406
13400 9640 -2778 0.0324421771583753 0.00258260125446320 -0.00185666986989975 -0.0322868061676
13400 9440 -2778 0.0316868143004 0.00267866246414185 -0.00162309298563004 -0.0315315157699585
13400 9240 -2778 0.0310629870837617 0.00274004848909378 -0.0013142332828 -0.0309141511688232
13400 9040 -2778 0.0305544562666504 0.0027843241868 -0.0009428899219 -0.0304121599349976
13400 8840 -2778 0.0302243319812570 0.00280250203657150 -0.000549075881242752 -0.0300891133422852
13400 8640 -2778 0.0300180173128575 0.00280913914537430 -0.000135070884227753 -0.0298861575622559
13400 8440 -2778 0.0299646914503810 0.00280328403282166 0.000282021073639393 -0.0298320806503296
13400 8240 -2778 0.0300462816484329 0.00279251137018204 0.0007195253371 -0.0299077155380249
13400 8040 -2778 0.0302841369241696 0.00276660984086990 0.00113763524389267 -0.0301354446029663
13400 7840 -2778 0.0306524923045174 0.00272330948257446 0.00153684214138985 -0.0304938768768311
13400 7640 -2778 0.0311634293524 0.00265942120981216 0.00191439594316483 -0.0309906743392944
13400 7440 -2778 0.0318343517155290 0.00256317809391022 0.00225036136245727 -0.0316526097564697
13400 7240 -2778 0.0326645529063953 0.00242276056385040 0.0025110685029 -0.0324756858062744
13400 7040 -2778 0.0336104783991737 0.00222440935087204 0.00265794240617752 -0.0334329673233
13600 7040 -2778 0.0333619520318143 0.0030765920372 0.00366935994529724 -0.0330168959655762
13600 7240 -2778 0.0321657856028338 0.00328194765567780 0.0033944872837 -0.0318185694885254
13600 7440 -2778 0.0311616616399267 0.00341378588485718 0.00299132447862625 -0.0308286665115356
13600 7640 -2778 0.0303548902982817 0.00349493262767792 0.002499818048 -0.0300486087875366
13600 7840 -2778 0.0297554034565446 0.00354429793548584 0.0019696387515 -0.0294791673431397
13600 8040 -2778 0.0293344888568553 0.0035751801176 0.00143002627873421 -0.0290806738052368
13600 8240 -2778 0.0290643726443328 0.00359201372051239 0.000868843997716904 -0.0288284634475708
13600 8440 -2778 0.0289603609308320 0.00360400111198425 0.000305046686291695 -0.0287336122360230
13600 8640 -2778 0.0290087722268407 0.00361315796947479 -0.0002527346329 -0.0287818673477173
13600 8840 -2778 0.0292330354066931 0.00361552917194366 -0.000814308797955513 -0.0289977602996826
13600 9040 -2778 0.0296001680206735 0.00361162268161774 -0.00135746429491043 -0.0293460867004395
13600 9240 -2778 0.0301604271744862 0.0035903522787 -0.00188445668935776 -0.0298866117324829
13600 9440 -2778 0.0308894625887917 0.00355036001682282 -0.00235420369005203 -0.0305920934829712
13600 9640 -2778 0.0318034992221360 0.00347447923755646 -0.00274558659601212 -0.0314949822006226
13600 9840 -2778 0.0329568553498867 0.00333153927803040 -0.00300730469179153 -0.0326506779251
13800 9840 -2778 0.0322639172818820 0.00444996746635437 -0.00435042421627045 -0.0316585825653
13800 9640 -2778 0.0309252186976687 0.00451184032535553 -0.0038585859251 -0.0303515223083496
13800 9440 -2778 0.0298553663595867 0.00452198543167114 -0.00325088655281067 -0.0293310307464600
13800 9240 -2778 0.0290254982064 0.00450907382488251 -0.00258288055896759 -0.0285560587539673
13800 9040 -2778 0.0283807303492421 0.00448816252326965 -0.00186789672231674 -0.0279621805496216
13800 8840 -2778 0.0279801806772616 0.00446457398605347 -0.00116724014997482 -0.0275968541793823
13800 8640 -2778 0.0277261722179338 0.00444339023494721 -0.0004546674081 -0.0273640308914185
13800 8440 -2778 0.0276608345187406 0.00443043241882324 0.000243138826012611 -0.0273024487838745
13800 8240 -2778 0.0277479616116703 0.00442837119007111 0.000972390800714493 -0.0273743767929
13800 8040 -2778 0.0280241928076351 0.00443219151496887 0.00168523313856125 -0.027620583992
13800 7840 -2778 0.0284722099586314 0.00443336729049683 0.00238877669382095 -0.0280219773330689
13800 7640 -2778 0.02911201137 0.004427907938 0.00309951775503159 -0.0286083540573120
13800 7440 -2778 0.0300122619679612 0.00440527760696411 0.00380160494709015 -0.0294427783584595
13800 7240 -2778 0.0312168541819123 0.00434264393424988 0.00445655050468445 -0.0305938905792236
13800 7040 -2778 0.0327765221014742 0.00419722905921936 0.00499668722534180 -0.0321213788070679
14000 7040 -2778 0.0315363741164880 0.00561071183109283 0.00666425782775879 -0.0303097705535889
14000 7240 -2778 0.0297698744988124 0.00558453715801239 0.00574352353 -0.0286698080749512
14000 7440 -2778 0.0284511431578 0.00551040131187439 0.00478451687812805 -0.0274992985839844
14000 7640 -2778 0.0274872505352437 0.00542719590568543 0.00382269723892212 -0.0266719451293945
14000 7840 -2778 0.0268123986487323 0.00535704650402069 0.00289468001365662 -0.0261123497543335
14000 8040 -2778 0.0263569435427783 0.00530706460952759 0.00201848874998093 -0.0257387365722656
14000 8240 -2778 0.0260762507672878 0.00527268389892578 0.0011449079144 -0.0255122088432312
14000 8440 -2778 0.0259739676855743 0.00526423443412781 0.000285067553877831 -0.0254333161354
14000 8640 -2778 0.0260307390024848 0.0052808200283 -0.000565225905537605 -0.0254830340766907
14000 8840 -2778 0.0262823265287102 0.00532476571655273 -0.00144776800537109 -0.0256972662200928
14000 9040 -2778 0.0266849351014595 0.00538817560672760 -0.00232884447574616 -0.0260319682083130
14000 9240 -2778 0.0273236420666853 0.00547470100975037 -0.00325825101852417 -0.0265705262451172
14000 9440 -2778 0.0281830868458130 0.00558009430599213 -0.00418978613471985 -0.0273075111389160
14000 9640 -2778 0.0293561507862367 0.00569373824119568 -0.00513179432487488 -0.0283335810012817
14000 9840 -2778 0.0309726473413641 0.00578876176166534 -0.00605454051303863 -0.0298147074966431
14200 9840 -2778 0.0288716505134905 0.00721682991981506 -0.00800479042816162 -0.0267849507827759
14200 9640 -2778 0.0273127046940990 0.00687256311798096 -0.00654967093658447 -0.0256100588912964
14200 9440 -2778 0.0261600504200969 0.0065884178276 -0.00522454241466522 -0.0247717077484131
14200 9240 -2778 0.0253253556450557 0.0063686349802 -0.00401919104862213 -0.0241798072586
14200 9040 -2778 0.0246943311946860 0.00620128051948547 -0.0028625496664 -0.0237309352607727
14200 8840 -2778 0.0243095379781484 0.0060924216547 -0.00181277765274048 -0.0234639206504822
14200 8640 -2778 0.0240605343354774 0.00601682753658295 -0.000789016502976418 -0.0232827336616516
14200 8440 -2778 0.0239926561211483 0.00599266116428375 0.000190299848824739 -0.02323143013
14200 8240 -2778 0.0240559976799432 0.00601157253646851 0.00121289923167229 -0.0232612938957214
14200 8040 -2778 0.0243001205292481 0.00608052732563019 0.00222472649765015 -0.0234216583290100
14200 7840 -2778 0.0247095223429770 0.00618745534229279 0.00326815783786774 -0.0236989587364197
14200 7640 -2778 0.0253117890654198 0.0063399538393 0.00438060008811951 -0.0241089688796997
14200 7440 -2778 0.0261962239779267 0.00655838112831116 0.00562831884765625 -0.0247301077613831
14200 7240 -2778 0.0274706449987429 0.00685047846984863 0.00700450224304199 -0.0256640649490356
14200 7040 -2778 0.0292962848163338 0.00720533679199219 0.00854693988609314 -0.0270836438446
14400 7040 -2778 0.0260163609997592 0.00855699779701233 0.0101271794281 -0.0223845512809753
14400 7240 -2778 0.0245410891292759 0.00788207938194275 0.00808367449569702 -0.0217902956771851
14400 7440 -2778 0.0235059702211977 0.00740512857437134 0.00640657260131836 -0.0213697382164
14400 7640 -2778 0.0227766237473537 0.00706256131744385 0.00493207686138153 -0.0210850496978760
14400 7840 -2778 0.0222776248593841 0.0068302244091 0.00364710087013245 -0.0208896674652100
14400 8040 -2778 0.0219431496862442 0.00667325920104981 0.00247574822425842 -0.0207568425292969
14400 8240 -2778 0.0217451249142897 0.00657500213813782 0.00134361587905884 -0.0206835211715698
14400 8440 -2778 0.0216837720104300 0.00654369996261597 0.000247984999656677 -0.0206713654556274
14400 8640 -2778 0.0217395133314810 0.00656851384162903 -0.000838232840538025 -0.0207064828376770
14400 8840 -2778 0.0219505451886444 0.00666130437088013 -0.00198661243534088 -0.0208215468177795
14400 9040 -2778 0.0222762604178998 0.00680665655899048 -0.00316649675226212 -0.020971682621
14400 9240 -2778 0.0227895101701893 0.00703235102844238 -0.00447991103744507 -0.0212102997817993
14400 9440 -2778 0.0234987556058909 0.00734694591331482 -0.0059244311304 -0.0215210204811
14400 9640 -2778 0.0244991629085294 0.00778079029655457 -0.00761734373474121 -0.0219463974266
14400 9840 -2778 0.0259484953654346 0.00838868100738526 -0.00972020681381226 -0.0225524440460205
14600 9840 -2778 0.0225157502490838 0.00889930853462219 -0.0104880039787292 -0.0178259797401428
14600 9640 -2778 0.0214759946775556 0.00823346707916260 -0.00824933874702454 -0.0180380823554993
14600 9440 -2778 0.0207289781373100 0.00774421435546875 -0.00643072704696655 -0.0181207277946472
14600 9240 -2778 0.0201841370129186 0.00738771376609802 -0.004878106781 -0.0181389950981140
14600 9040 -2778 0.0197665679813149 0.00712626947402954 -0.00345497789096832 -0.0181106769866943
14600 8840 -2778 0.0195129472012866 0.00696497904968262 -0.00220446168899536 -0.0180940533370972
14600 8640 -2778 0.0193406383528992 0.00685570586395264 -0.00100897880077362 -0.0180564864387512
14600 8440 -2778 0.0192824962886769 0.00682391007804871 0.000124729679048061 -0.0180343425140381
14600 8240 -2778 0.0192940535360867 0.00685264156341553 0.00131322391605377 -0.0179881681251526
14600 8040 -2778 0.0194262646873304 0.00696047473716736 0.00249188166761398 -0.0179644670639
14600 7840 -2778 0.0196552672906571 0.00713036239051819 0.00372089555072784 -0.0179346056175232
14600 7640 -2778 0.0199883188621578 0.00737981646156311 0.00507774029827118 -0.0178686384887695
14600 7440 -2778 0.0204850664312514 0.00775380657768249 0.00662600462532044 -0.0177654860038757
14600 7240 -2778 0.0212015643159805 0.00830523428344727 0.0084727877655 -0.0175725135040283
14600 7040 -2778 0.0222221135883343 0.00909881809806824 0.0107633244037628 -0.0171806775856
14800 7040 -2778 0.0184924735943834 0.00867205608749390 0.0102696951560974 -0.0127006467475891
14800 7240 -2778 0.0179106817062865 0.00808422933959961 0.00827328832626343 -0.0136751272125244
14800 7440 -2778 0.0174908146573 0.00763738288497925 0.0065771755867 -0.0142947452354431
14800 7640 -2778 0.0171987479478689 0.00731235664939880 0.00507827269935608 -0.0147154455757141
14800 7840 -2778 0.017006171679 0.00708597427749634 0.0037340706253 -0.0150013421058655
14800 8040 -2778 0.0168753260667441 0.00693291950798035 0.00251912397956848 -0.0151770701484680
14800 8240 -2778 0.0168048206351142 0.00683373550605774 0.00133681821322441 -0.0152940391693115
14800 8440 -2778 0.0167963363061949 0.00680347691535950 0.000195438641071320 -0.0153555012588501
14800 8640 -2778 0.0168424987722490 0.00683029893302918 -0.000944133439064026 -0.0153665493927
14800 8840 -2778 0.0169703011437801 0.00693100403785706 -0.00214284970808029 -0.0153416290550232
14800 9040 -2778 0.0171460559338878 0.00707905564689636 -0.00338552610874176 -0.0152449455413818
14800 9240 -2778 0.0174205788113248 0.0073116504898 -0.00476841357898712 -0.0150761434249878
14800 9440 -2778 0.0177784657622242 0.00762379140472412 -0.00626621898555756 -0.0147884332923889
14800 9640 -2778 0.0182720557002908 0.00804376502609253 -0.00798640034484863 -0.0143294388504
14800 9840 -2778 0.0189843455434485 0.00861476079559326 -0.0100888734817505 -0.0135797785720825
15000 9840 -2778 0.0156822706219849 0.00778922285652161 -0.00898760742568970 -0.0102227389392853
15000 9640 -2778 0.0153507365617338 0.00746011554527283 -0.00740846646499634 -0.0111850978393555
15000 9440 -2778 0.0150860977799502 0.00717235910034180 -0.00595142977714539 -0.0118628156642914
15000 9240 -2778 0.0148803434484729 0.00694041213417053 -0.00460963989543915 -0.0123290559787750
15000 9040 -2778 0.0147095588146203 0.00675452789688110 -0.00331839665699005 -0.0126384676284790
15000 8840 -2778 0.0146033603251612 0.00663845966148377 -0.00215060554742813 -0.0128283449897766
15000 8640 -2778 0.0145134319468677 0.00654928515625000 -0.00101107313895226 -0.0129121491661
15000 8440 -2778 0.0144730920662154 0.00652185262298584 7.11852317526936e-05 -0.0129201689224243
15000 8240 -2778 0.0144407005539972 0.00653258430862427 0.00120772317814827 -0.0128217871475220
15000 8040 -2778 0.0144586913662358 0.00660522354698181 0.00231945615386963 -0.0126510970458984
15000 7840 -2778 0.0145082975072225 0.00671663453674316 0.003463837574 -0.0123847433052
15000 7640 -2778 0.0145787401562362 0.00686688622856140 0.0046867118988 -0.0119754890022278
15000 7440 -2778 0.0146989799745687 0.00708104648208618 0.00602275457763672 -0.0113872488346100
15000 7240 -2778 0.0148774829224930 0.00735854252815247 0.00749034213638306 -0.0105397402553558
15000 7040 -2778 0.0151299183625830 0.00767305516052246 0.00909945038795471 -0.00934006605911255
15200 7040 -2778 0.0122920257028378 0.00654050885009766 0.00775743172836304 -0.00693806663894653
15200 7240 -2778 0.0122365101077447 0.00644172508239746 0.00658190929412842 -0.00805647104835510
15200 7440 -2778 0.0122015705153771 0.00632355928993225 0.00542305288887024 -0.00891427037429809
15200 7640 -2778 0.0121976581446291 0.00621674254035950 0.00428223543262482 -0.00958109785461426
15200 7840 -2778 0.0122093951312222 0.00613737146759033 0.00319929916572571 -0.0100580311145782
15200 8040 -2778 0.0122199729127757 0.00607466808128357 0.00217187490081787 -0.0103785870990753
15200 8240 -2778 0.0122422793320864 0.00603301915359497 0.00114500401329994 -0.0105911579818726
15200 8440 -2778 0.0122734277730190 0.00602611143016815 0.000133336751297116 -0.0106910832347870
15200 8640 -2778 0.0123071552100261 0.0060468519392 -0.000866233123779297 -0.0106841607608795
15200 8840 -2778 0.0123669336321 0.00611344742965698 -0.00191549088382721 -0.0105780554180145
15200 9040 -2778 0.0124186568741449 0.00619107666206360 -0.00297126056241989 -0.0103475252838135
15200 9240 -2778 0.0124964596231770 0.00630672126388550 -0.00409501158714294 -0.00998049372291565
15200 9440 -2778 0.0125844558349134 0.0064457187767 -0.00524532216358185 -0.00945056916618347
15200 9640 -2778 0.0126890899003530 0.00660034799575806 -0.00643345970821381 -0.00872118140029907
15200 9840 -2778 0.0128179905948240 0.00676057029914856 -0.00767627258682251 -0.00772436832618713
15400 9840 -2778 0.0104210254025297 0.0057345557537 -0.00643968110656738 -0.00585047885894775
15400 9640 -2778 0.0104430336189922 0.00571194604301453 -0.00555843257141113 -0.00674789704322815
15400 9440 -2778 0.0104495239581319 0.00565936457061768 -0.00463177242088318 -0.00746343251228332
15400 9240 -2778 0.0104455605075357 0.00559811678504944 -0.00368652195453644 -0.00801126573371887
15400 9040 -2778 0.0104262015717213 0.00553506886863709 -0.00271030614852905 -0.0084096150341
15400 8840 -2778 0.0104149160331546 0.00549445450687409 -0.00178855605459213 -0.00866516904258728
15400 8640 -2778 0.0103848410484182 0.0054491559 -0.000862277423381805 -0.00879814307022095
15400 8440 -2778 0.0103583096256706 0.00543125257682800 3.15317968633026e-05 -0.00882008485031128
15400 8240 -2778 0.0103069538889667 0.00541847465419769 0.000963424739837647 -0.0087147422142
15400 8040 -2778 0.0102610095821400 0.00543373243522644 0.00187292041206360 -0.0085002963829
15400 7840 -2778 0.0102112970750774 0.0054556807022 0.00277769834995270 -0.00817216310882568
15400 7640 -2778 0.0101447743704633 0.0054725122013 0.00370241105651856 -0.00769813309288025
15400 7440 -2778 0.0100779268760342 0.00549299297237396 0.00464415242576599 -0.00705799433135986
15400 7240 -2778 0.0100106815317185 0.00550392962074280 0.00558945468997955 -0.00622089243793488
15400 7040 -2778 0.00994959341185402 0.00547424336814881 0.00649308986091614 -0.0051836096754
15600 7040 -2778 0.00803514305872481 0.00454016261577606 0.00538144759941101 -0.00387175272083283
15600 7240 -2778 0.00813585844351000 0.00462248860549927 0.00471110451221466 -0.00475727924442291
15600 7440 -2778 0.00824060399999535 0.00467138467025757 0.00398682243156433 -0.00549473756313324
15600 7640 -2778 0.008351368694 0.00470654074192047 0.00321699881792068 -0.00610218832588196
15600 7840 -2778 0.0084503493452 0.0047317886343 0.00243870498275757 -0.00656246005249024
15600 8040 -2778 0.00852394855669848 0.00474206776332855 0.00167216665554047 -0.00688308707809448
15600 8240 -2778 0.0085867594265 0.00474920066642761 0.000877690818071365 -0.00709980206108093
15600 8440 -2778 0.00863189676304062 0.00476319456481934 8.77657788097858e-05 -0.00719833513069153
15600 8640 -2778 0.00865576212605180 0.00477733297538757 -0.000696164059758186 -0.00718424231719971
15600 8840 -2778 0.00867112918245986 0.00480455773162842 -0.00150647693681717 -0.00705967935752869
15600 9040 -2778 0.00865807716444375 0.00481977381134033 -0.00229899085426331 -0.00681545472335816
15600 9240 -2778 0.00863323847229594 0.00483813713169098 -0.00310978539466858 -0.00643853583335877
15600 9440 -2778 0.00858558863829592 0.00484542689514160 -0.00388529976844788 -0.00592798033714295
15600 9640 -2778 0.00852155081319954 0.00483565627002716 -0.00463843709278107 -0.00526480644512177
15600 9840 -2778 0.00844284500736122 0.00479765651798248 -0.00534811602592468 -0.00443505567646027
15800 9840 -2778 0.00679634432635005 0.00395893679523468 -0.00438815105724335 -0.0033547710123
15800 9640 -2778 0.00692342827467474 0.0040391889286 -0.00388037666893005 -0.00406958090972900
15800 9440 -2778 0.00703128087929559 0.004090256711 -0.00330662497138977 -0.00466640826702118
15800 9240 -2778 0.00711516709208608 0.00412047248363495 -0.00268612060165405 -0.00514110613727570
15800 9040 -2778 0.00716826122367202 0.00413111769485474 -0.00201039275264740 -0.00550202137756348
15800 8840 -2778 0.00720249246292520 0.00413922992134094 -0.00134555197477341 -0.00573855873012543
15800 8640 -2778 0.00720393448165892 0.00412599243831635 -0.000658678348779679 -0.00586847520637512
15800 8440 -2778 0.00718832570194595 0.00411630207633972 1.15800851871172e-05 -0.00589294350337982
15800 8240 -2778 0.00713287157785006 0.00409134701728821 0.000718032010078430 -0.005798525527
15800 8040 -2778 0.00706561596854910 0.00407229356861115 0.00138918692684174 -0.00560378504276276
15800 7840 -2778 0.00698004136805501 0.00404146505546570 0.00203994934177399 -0.00531240530681610
15800 7640 -2778 0.00686492923655066 0.00398862787437439 0.00268283961915970 -0.00490233154296875
15800 7440 -2778 0.00673324024665342 0.00392285815715790 0.00330212310314179 -0.00436390777969360
15800 7240 -2778 0.00658829836014799 0.00383696651935577 0.0038842325592 -0.00368734170246124
15800 7040 -2778 0.0064430618168 0.00371838020038605 0.00440764734935760 -0.00287376315212250
16000 7040 -2778 0.00513142492989525 0.0029990314126 0.00354984385967255 -0.00217611965465546
16000 7240 -2778 0.00529630733563333 0.00313042839097977 0.00317954346179962 -0.00285462630081177
16000 7440 -2778 0.00545391706674548 0.00323448403835297 0.00274347514009476 -0.00342879986763000
16000 7640 -2778 0.00559890746774776 0.00332030222702026 0.00225324201583862 -0.00390507517147064
16000 7840 -2778 0.00572418673243748 0.00338961363315582 0.00172890151548386 -0.00427615623569489
16000 8040 -2778 0.00581654334021823 0.00343485889434814 0.00119271312904358 -0.00453954367828369
16000 8240 -2778 0.00588910717162134 0.00346531491756439 0.000625445930719375 -0.00472009054851532
16000 8440 -2778 0.00593290129676150 0.00348624817657471 5.4351667072624e-05 -0.00480044960021973
16000 8640 -2778 0.0059476346213 0.0034945680027 -0.000514511773228645 -0.0047851706171
16000 8840 -2778 0.00594050282906931 0.00349881717586517 -0.00109446514749527 -0.00467427455997467
16000 9040 -2778 0.00589864476239884 0.00348101301956177 -0.00165230712604523 -0.00446608542633057
16000 9240 -2778 0.0058281127925 0.00344998555946350 -0.00219668943166733 -0.0041515671463
16000 9440 -2778 0.0057255001702 0.00339844655227661 -0.00269356537342072 -0.00373876132869720
16000 9640 -2778 0.00559307353479281 0.00332376920413971 -0.00314562819147110 -0.00321561910676956
16000 9840 -2778 0.0054329865277 0.00322020910835266 -0.0035405095539 -0.00257139931201935
16200 9840 -2778 0.00431877132943268 0.0025794406228 -0.00280466741323471 -0.00203260969591141
16200 9640 -2778 0.0045050348595 0.00270005072021484 -0.0025527870779 -0.00254736701202393
16200 9440 -2778 0.00465554463712213 0.00279042898082733 -0.00222597152853012 -0.0029886216259
16200 9240 -2778 0.00477078841935724 0.00285702973318100 -0.00184220792436600 -0.00334724860286713
16200 9040 -2778 0.00485208593937253 0.00290009426546097 -0.0014008824582 -0.00362899651908875
16200 8840 -2778 0.00490375087515154 0.00292994785022736 -0.000948889446496963 -0.00381600519275665
16200 8640 -2778 0.00491995856179553 0.00293411162853241 -0.000468478157997131 -0.00392141931819916
16200 8440 -2778 0.00491175012315326 0.00292938013076782 2.43543184163354e-06 -0.00394262246131897
16200 8240 -2778 0.00486601504659066 0.0029039348011 0.000495651198267937 -0.00387293105983734
16200 8040 -2778 0.00479797115366243 0.002869944983 0.0009653893094 -0.00372139738082886
16200 7840 -2778 0.00470712517833317 0.00282014722156525 0.00140713397336006 -0.00349665394496918
16200 7640 -2778 0.00458544754836859 0.00274465052938461 0.00182966330766678 -0.00318476334714890
16200 7440 -2778 0.00443706630925638 0.00264908521366119 0.00221617307138443 -0.0027847614398
16200 7240 -2778 0.0042627329075 0.00252973835849762 0.00254987662506104 -0.00229669811248779
16200 7040 -2778 0.00406528798667384 0.00237732001876831 0.00280939171743393 -0.00172691462469101
16400 7040 -2778 0.00324102673717624 0.00187620729398727 0.00221396725559235 -0.00144308782792091
16400 7240 -2778 0.00343147158383267 0.00202073887872696 0.00204285263156891 -0.00187546531295776
16400 7440 -2778 0.00359557781052408 0.00213795827007294 0.00180306037092209 -0.00225934752225876
16400 7640 -2778 0.00373916920807158 0.00223515262031555 0.00150590303802490 -0.00259120101261139
16400 7840 -2778 0.00385721394454056 0.00231292622423172 0.00117015841603279 -0.00285643151092529
16400 8040 -2778 0.00394366362941765 0.00236582265901566 0.000813771819233894 -0.00304833957242966
16400 8240 -2778 0.00400995547251475 0.00240364792251587 0.000426105556845665 -0.00318150404548645
16400 8440 -2778 0.00404749705429458 0.0024249047079 3.28007079102099e-05 -0.00324054515647888
16400 8640 -2778 0.00405570758308446 0.0024290079627 -0.000357550701797009 -0.00322815931034088
16400 8840 -2778 0.00403903943721831 0.00242240916872025 -0.000752247581839561 -0.00314323034
16400 9040 -2778 0.00398931627264965 0.00239178934144974 -0.00112305989074707 -0.00298869930839539
16400 9240 -2778 0.00390866423055812 0.00234378252649307 -0.00147403617262840 -0.00275826359891892
16400 9440 -2778 0.00379433199058000 0.00227355704116821 -0.00177519001865387 -0.00246420299816132
16400 9640 -2778 0.00364380010445186 0.00217921873188019 -0.00202425896167755 -0.0021055228548
16400 9840 -2778 0.00345195912863803 0.00205579802131653 -0.00220655071496964 -0.00167905274105072
16600 9840 -2778 0.00278960055342935 0.00163964751482010 -0.00174496295261383 -0.00143159801435471
16600 9640 -2778 0.00296367117661217 0.00175293308162689 -0.00162905953693390 -0.00174800174045563
16600 9440 -2778 0.00310536782948383 0.00184328248643875 -0.00144955769658089 -0.00203578032112122
16600 9240 -2778 0.00321505653473645 0.00191319904899597 -0.00121877210879326 -0.00227850707197189
16600 9040 -2778 0.00329443191356041 0.00196280785942078 -0.0009395704708 -0.00247338412189484
16600 8840 -2778 0.00334492919036233 0.00199642858791351 -0.000642366363048553 -0.00260584074115753
16600 8640 -2778 0.00336577167801760 0.00200762049674988 -0.000322070750832558 -0.0026819788165
16600 8440 -2778 0.00336168332307813 0.00200557727098465 -1.05913529893269e-06 -0.00269788314294815
16600 8240 -2778 0.00332645966728320 0.00198327529048920 0.000332617373049259 -0.00264974748373032
16600 8040 -2778 0.00326903137451854 0.00194933049345016 0.000647650762081146 -0.00254300185346603
16600 7840 -2778 0.0031919313056 0.00189982031345367 0.000938578648567200 -0.00238668659067154
16600 7640 -2778 0.00308892619682542 0.00182958517265320 0.0012058044908 -0.00217671890306473
16600 7440 -2778 0.00295638387076721 0.0017365153079 0.00144300038242340 -0.00190924024009705
16600 7240 -2778 0.00280113907896661 0.00162493929338455 0.00162814585256577 -0.00159846598815918
16600 7040 -2778 0.00261956570147601 0.0014899618597 0.00175192539167404 -0.0012530306909
16800 7040 -2778 0.00215285200533849 0.00119689483356476 0.001400588279 -0.00111416488718987
16800 7240 -2778 0.00230293206558515 0.00130663141131401 0.0013099311304 -0.00137174252581596
16800 7440 -2778 0.00243296731178209 0.0013999732325 0.0011709457767 -0.0016091996932
16800 7640 -2778 0.00254821471827875 0.0014821760261 0.000988061712026596 -0.00182216534137726
16800 7840 -2778 0.00264007169925349 0.00154631218671799 0.000774770734786987 -0.00199493030023575
16800 8040 -2778 0.00270949929988644 0.00159305947089195 0.000541585300683975 -0.00212374744176865
16800 8240 -2778 0.00276069791177113 0.00162506877183914 0.0002855965777 -0.00221328777503967
16800 8440 -2778 0.002788956808 0.00164338396358490 2.25531579814851e-05 -0.00225315200185776
16800 8640 -2778 0.00279434627579729 0.00164615643119812 -0.000242201399266720 -0.00224496739292145
16800 8840 -2778 0.00277692857756049 0.00163588472032547 -0.000505539991021156 -0.00218637907886505
16800 9040 -2778 0.00273269456538780 0.00160636179566383 -0.000747830830693245 -0.00208020965147018
16800 9240 -2778 0.00266305284184474 0.00156102884054184 -0.0009706763134 -0.00192732997608185
16800 9440 -2778 0.0025672280128 0.00149917128944397 -0.00115402542328835 -0.00173578364658356
16800 9640 -2778 0.00244374124797896 0.00141884695148468 -0.00129835000133514 -0.00150765774941444
16800 9840 -2778 0.00228910663729345 0.0013188584249 -0.00139355854821205 -0.00124832294654846
17000 9840 -2778 0.00190131410181592 0.00106826000452042 -0.00112314003372192 -0.00110107780885696
17000 9640 -2778 0.00202589396228352 0.00114897507214546 -0.00105600696086884 -0.00129207435822487
17000 9440 -2778 0.002132653596 0.00121805584168434 -0.000945036808252335 -0.00147385350346565
17000 9240 -2778 0.00221679371715026 0.00127282402586937 -0.000801495544075966 -0.0016285101037
17000 9040 -2778 0.0022796090634 0.00131381356406212 -0.000621721106171608 -0.00175588901233673
17000 8840 -2778 0.00232028623011586 0.0013420371952 -0.000429227233767509 -0.00184354734945297
17000 8640 -2778 0.00233816202186085 0.00135271280217171 -0.0002158687517 -0.0018949421916
17000 8440 -2778 0.00233638860738335 0.00135226367926598 -9.70895899253265e-07 -0.00190519798183441
17000 8240 -2778 0.00231068004478231 0.0013350253663 0.000222277397751808 -0.00187284337282181
17000 8040 -2778 0.00226896731843046 0.00130843623518944 0.000429273576259613 -0.00180336043167114
17000 7840 -2778 0.00221184604843447 0.00126924817013741 0.000619504029750824 -0.00170217074441910
17000 7640 -2778 0.00213355268736593 0.00121360530352592 0.000792936107039452 -0.00156563643789291
17000 7440 -2778 0.0020371326198 0.00114510072326660 0.000941517995119095 -0.00139726323914528
17000 7240 -2778 0.00192382128129385 0.00106454583048820 0.00105502209544182 -0.00120613385462761
17000 7040 -2778 0.0017940123093 0.0009710723772 0.00112901466059685 -0.000999859113931656
17200 7040 -2778 0.00151585745925869 0.000797250342965126 0.000920634290933609 -0.000902545734882355
17200 7240 -2778 0.0016179209598 0.000869433184146881 0.000860796852827072 -0.00105879383897781
17200 7440 -2778 0.00170934845155193 0.000933330264091492 0.000770971006631851 -0.00120710867595673
17200 7640 -2778 0.00178982114597004 0.000990073035478592 0.000653315802574158 -0.00134029607963562
17200 7840 -2778 0.00185656348781452 0.00103749178504944 0.000512412000417709 -0.00145207995343208
17200 8040 -2778 0.00190544039289462 0.00107180440497398 0.000359322367250919 -0.0015339693346
17200 8240 -2778 0.00194194336185244 0.00109545258283615 0.000189377964049578 -0.00159250769639015
17200 8440 -2778 0.00196169354218511 0.00110864056205750 1.3335951267276e-05 -0.00161838939952850
17200 8640 -2778 0.00196439303916193 0.00111000935053825 -0.000163016263693571 -0.00161249649667740
17200 8840 -2778 0.00194995775593610 0.00110130831456184 -0.000336830788314343 -0.00157354637694359
17200 9040 -2778 0.00191671313119597 0.0010786625359 -0.000497069526076317 -0.00150444594907761
17200 9240 -2778 0.00186486337296879 0.00104458737087250 -0.0006424103738 -0.00140493501758575
17200 9440 -2778 0.00179499498606638 0.000999367722988129 -0.000761233715057373 -0.00128210545015335
17200 9640 -2778 0.00170769052942463 0.000942705551385879 -0.000853198091983795 -0.00113954771542549
17200 9840 -2778 0.00160136046058918 0.000874802645683289 -0.000915213951587677 -0.000980597199440002
17400 9840 -2778 0.0013626756798 0.000722797220349312 -0.000751658439278603 -0.000877074426412582
17400 9640 -2778 0.00144665433374555 0.000775571944594383 -0.000703099819540978 -0.000998472615480423
17400 9440 -2778 0.00151916945242446 0.000821759153127670 -0.000630644291877747 -0.00111125466179848
17400 9240 -2778 0.00157812410144497 0.000859930613279343 -0.000534976621150971 -0.00121024361729622
17400 9040 -2778 0.00162289190522228 0.000889120311498642 -0.0004165440911 -0.0012920801444
17400 8840 -2778 0.0016522990617 0.000909065268039704 -0.000287715548932552 -0.001349628026
17400 8640 -2778 0.00166655592649343 0.000917382425546646 -0.000145837433815002 -0.00138367249894142
17400 8440 -2778 0.00166555934672127 0.000916787760019302 -1.51880842078936e-06 -0.00139058759331703
17400 8240 -2778 0.00164900911714174 0.0009058800075 0.000147177794188261 -0.00136985410046577
17400 8040 -2778 0.00161970539539024 0.000886508895635605 0.0002865926752 -0.00132507628417015
17400 7840 -2778 0.0015794110362 0.000858864859342575 0.000413455929160118 -0.00125942371177673
17400 7640 -2778 0.0015251862152 0.000820370163917542 0.000529214555740356 -0.00117165599298477
17400 7440 -2778 0.00145898530309157 0.000774173452138901 0.000627500510454178 -0.00106590572094917
17400 7240 -2778 0.00138174854453226 0.000721222797989845 0.000704149458646774 -0.000945229823589325
17400 7040 -2778 0.00129448750686475 0.000660879409074783 0.000756507598519325 -0.000816533684730530
17600 7040 -2778 0.00111608454682013 0.000553044467926025 0.000626346021533012 -0.000739902751445770
17600 7240 -2778 0.00118411479556016 0.0005987248187 0.000582393934011459 -0.000839156523942947
17600 7440 -2778 0.00124578905218382 0.000640473454475403 0.000520101991057396 -0.000933422752857208
17600 7640 -2778 0.00130004014442535 0.000677473808526993 0.000439783044338226 -0.00101876914143562
17600 7840 -2778 0.00134540607105866 0.000709552579164505 0.000345284833312035 -0.00108974480843544
17600 8040 -2778 0.00137894748891182 0.000732486677050590 0.000241899501383305 -0.00114322810769081
17600 8240 -2778 0.00140384494059855 0.0007488782773 0.000127486618876457 -0.0011805892682
17600 8440 -2778 0.00141700420492180 0.000757876416444779 9.15411081063212e-06 -0.00119734022641182
17600 8640 -2778 0.00141837399071778 0.000758030190110207 -0.000109660882443190 -0.00119379625535011
17600 8840 -2778 0.00140762468024894 0.000752280586361885 -0.000227351578474045 -0.00116780939054489
17600 9040 -2778 0.00138395551712415 0.000736358015418053 -0.000334488313972950 -0.00112306984448433
17600 9240 -2778 0.00134789293917446 0.000713240646123886 -0.000432194182395935 -0.00105881132054329
17600 9440 -2778 0.00129992552287402 0.000682930646657944 -0.000512638604640961 -0.000980366551876068
17600 9640 -2778 0.0012408985164 0.000645890225887299 -0.000576407898783684 -0.000888938509941101
17600 9840 -2778 0.00117066629492670 0.000602326627612114 -0.000622079793334007 -0.000788044621229172
17800 9840 -2778 0.00101355898164975 0.000506136531472206 -0.000518263460993767 -0.0007088824656
17800 9640 -2778 0.00106860284979649 0.000539853881359100 -0.0004815844686 -0.000786711719393730
17800 9440 -2778 0.00111722239735937 0.000569396651864052 -0.000429974691987038 -0.000859684164285660
17800 9240 -2778 0.0011575617044 0.000594325360417366 -0.000364245536267757 -0.0009241491518
17800 9040 -2778 0.00118834659172963 0.000613660008430481 -0.000282191502749920 -0.000977694173574448
17800 8840 -2778 0.00120884847575826 0.000626880866050720 -0.000194923747926951 -0.00101512968468666
17800 8640 -2778 0.00121923900749217 0.000632812268853188 -9.91492731571198e-05 -0.00103731675028801
17800 8440 -2778 0.00121915951839085 0.000633032328367233 -1.31545577050929e-06 -0.00104190096402168
17800 8240 -2778 0.00120801268715531 0.000624906968832016 9.99863210618496e-05 -0.00102895397758484
17800 8040 -2778 0.00118839583215539 0.0006123688687 0.000194589748024940 -0.000999711884737015
17800 7840 -2778 0.00116116493486850 0.000593949087738991 0.000280973890125752 -0.000957409464597703
17800 7640 -2778 0.00112450274862124 0.000568742267727852 0.000359943094789982 -0.000900801832437516
17800 7440 -2778 0.00107994560581830 0.0005388541876 0.000427661417722702 -0.000832592902183533
17800 7240 -2778 0.00102816781441974 0.000504883580565453 0.000482257874131203 -0.000754662138581276
17800 7040 -2778 0.000970157673418578 0.000466989723682404 0.000521822155594826 -0.000671437373995781
18000 7040 -2778 0.0008505480086 0.0003979132744 0.000438064175367355 -0.000610819211721420
18000 7240 -2778 0.000895478933298698 0.000426694707632065 0.000404517498433590 -0.000675532506942749
18000 7440 -2778 0.000936741248991587 0.000453010659933090 0.000359274513 -0.000737138036370277
18000 7640 -2778 0.000974021165575880 0.000477428480148316 0.000302216455459595 -0.000793238150835037
18000 7840 -2778 0.00100426196392742 0.000497452145576477 0.000236982693135738 -0.000839403023481369
18000 8040 -2778 0.0010267640962 0.000512752007484436 0.000165760591149330 -0.000873987021923065
18000 8240 -2778 0.00104323435211841 0.000523214183211327 8.74310479015112e-05 -0.000898389041185379
18000 8440 -2778 0.0010518954435 0.000529274335145950 6.25690593651962e-06 -0.000909013150930405
18000 8640 -2778 0.00105229684002156 0.000529629448890686 -7.50193699449301e-05 -0.000906111031532287
18000 8840 -2778 0.00104457308973616 0.000525488109350205 -0.000155027874499559 -0.000889370547771454
18000 9040 -2778 0.00102857288168861 0.0005150367974 -0.000229053221046925 -0.000860368463039398
18000 9240 -2778 0.00100331681356602 0.000499932905435562 -0.000296927436530590 -0.000817584475278854
18000 9440 -2778 0.000971247581459380 0.000480709528446198 -0.000353486756682396 -0.000766526784539223
18000 9640 -2778 0.000931313816767656 0.000456611716866493 -0.000399360236823559 -0.0007066144123
18000 9840 -2778 0.000884936921229396 0.000429147972822189 -0.000434490099430084 -0.000640594185471535
18200 9840 -2778 0.000777109789061697 0.000367020015597344 -0.000365811329960823 -0.000579118298172951
18200 9640 -2778 0.000814156223170273 0.000388000390946865 -0.000337586428523064 -0.000631195343613625
18200 9440 -2778 0.000847072891082652 0.0004071397615 -0.000299009895384312 -0.000679853242516518
18200 9240 -2778 0.0008742050552 0.000422998063445091 -0.000252069477021694 -0.000722305184125900
18200 9040 -2778 0.000895317172315190 0.000435642536163330 -0.000195502068042755 -0.000757182242989540
18200 8840 -2778 0.000909634221821218 0.000444373499751091 -0.000134555365473032 -0.000782059599757195
18200 8640 -2778 0.000916866335618786 0.0004480346992 -6.79208281338215e-05 -0.000797054293513298
18200 8440 -2778 0.000917180612452591 0.000448133460044861 -4.54112716016425e-07 -0.0008003370223
18200 8240 -2778 0.000909985383530283 0.000442876425266266 6.95327689051628e-05 -0.000791780069828033
18200 8040 -2778 0.000896725579635975 0.000434942753195763 0.000135156435728073 -0.000772505868315697
18200 7840 -2778 0.000878383721461344 0.0004229921292 0.000195040360212326 -0.000744806676983833
18200 7640 -2778 0.000853620606272317 0.000406764694333077 0.000250540997385979 -0.000707417720675469
18200 7440 -2778 0.000823749870248711 0.000387821764171123 0.000298960036814213 -0.000662327174186707
18200 7240 -2778 0.000788974257320667 0.000365680333912373 0.000339102335155010 -0.000611306559324265
18200 7040 -2778 0.000750240680241744 0.000342006393492222 0.000369615288436413 -0.000556113822937012
18400 7040 -2778 0.000666132590676510 0.000296239867746830 0.000313732430815697 -0.000507327567338943
18400 7240 -2778 0.0006964450129 0.000314293189883232 0.000287249422430992 -0.000551149518132210
18400 7440 -2778 0.000723990806251742 0.000331152308523655 0.000254216351091862 -0.000591502225637436
18400 7640 -2778 0.000749272740357906 0.000346815369784832 0.000212978293478489 -0.000629033276081085
18400 7840 -2778 0.000769897249689120 0.000359851731717586 0.000166280291825533 -0.000659982234358788
18400 8040 -2778 0.000784900480378084 0.000369624271392822 0.000116282256841660 -0.000682467828750610
18400 8240 -2778 0.000796202708744365 0.000376246398210526 6.12514793425799e-05 -0.0006990340557
18400 8440 -2778 0.000801900206858267 0.000380097358644009 4.65607560411445e-06 -0.000705950675487518
18400 8640 -2778 0.000801891575929886 0.000380274242341518 -5.20681042000651e-05 -0.0007041840887
18400 8840 -2778 0.000796272210910380 0.000377479678273201 -0.000107998274743557 -0.0006927736659
18400 9040 -2778 0.000785008170677021 0.000370864299535751 -0.000159953059941530 -0.000673061260581017
18400 9240 -2778 0.000767852332729570 0.0003612440353 -0.000208192607820034 -0.000644791276216507
18400 9440 -2778 0.000745866709142393 0.000348721096634865 -0.000248881739199162 -0.000610391082167625
18400 9640 -2778 0.000718792358777353 0.000333914860427380 -0.000282711094498634 -0.000570316938877106
18400 9840 -2778 0.000687412403783371 0.000316133390188217 -0.000309891116023064 -0.0005259241563
18600 9840 -2778 0.000610716555860163 0.000274867513656616 -0.000263381311595440 -0.000477574217319489
18600 9640 -2778 0.000636108799022309 0.000288313873469830 -0.0002413284955 -0.000513014851093292
18600 9440 -2778 0.000658691752044716 0.000300310755789280 -0.0002125853154 -0.000546347652912140
18600 9240 -2778 0.0006771114518 0.000310595225512981 -0.000178528014659882 -0.000574637903213501
18600 9040 -2778 0.000691937165342841 0.000318824061453342 -0.000137642745375633 -0.000598337842822075
18600 8840 -2778 0.000701667479394847 0.000324297510683537 -9.44567813873291e-05 -0.000614913941740990
18600 8640 -2778 0.000707017771861366 0.000326885280966759 -4.74587895572185e-05 -0.000625049692392349
18600 8440 -2778 0.000707519310660127 0.000326606411933899 4.43738253807624e-07 -0.000627493659734726
18600 8240 -2778 0.000702772314 0.000323309054553509 4.92672220543027e-05 -0.000622039324641228
18600 8040 -2778 0.000693825707080828 0.000318354627311230 9.56820551455021e-05 -0.000609134232044220
18600 7840 -2778 0.000681385283614264 0.000310573639750481 0.000138593899220228 -0.000590391328573227
18600 7640 -2778 0.000665188419557205 0.000300235321998596 0.000177987780332565 -0.000566108425259590
18600 7440 -2778 0.000644301625549487 0.000287948060810566 0.000213763256251812 -0.000535213742256165
18600 7240 -2778 0.000620675891932876 0.000274075861394405 0.000243533249020577 -0.000500955178380013
18600 7040 -2778 0.000594257081715770 0.000258841806530952 0.000267382471442223 -0.000463302290439606
18800 7040 -2778 0.000533419253440591 0.000227955779314041 0.000229371082365513 -0.000424253317356110
18800 7240 -2778 0.000554392294839499 0.0002392882921 0.000208808806836605 -0.000454506254434586
18800 7440 -2778 0.000573583358338693 0.000250352132141590 0.000183246140152216 -0.000482492184162140
18800 7640 -2778 0.000590697253975045 0.000260474400579929 0.0001531498067 -0.000507495307922363
18800 7840 -2778 0.000604458257351918 0.000268774527430534 0.0001195918022 -0.000528073128938675
18800 8040 -2778 0.0006150312217 0.000275308198928833 8.35012606233358e-05 -0.000543600483775139
18800 8240 -2778 0.000622300888175238 0.000279273509562016 4.43714059442282e-05 -0.0005545590049
18800 8440 -2778 0.000626021124949378 0.000281745821356773 4.05223671119529e-06 -0.000559072230219841
18800 8640 -2778 0.000626007082418179 0.000282068607985973 -3.6591114282608e-05 -0.000557699071049690
18800 8840 -2778 0.000621547068390953 0.000280325572729111 -7.61136168241501e-05 -0.000549480245232582
18800 9040 -2778 0.000613786953439604 0.0002758972879 -0.000113347170174122 -0.000536345152020454
18800 9240 -2778 0.000601972620198166 0.0002698143627 -0.000148249186664820 -0.000517428727626801
18800 9440 -2778 0.000586394907627481 0.000261679517626762 -0.000178124985545874 -0.000493581613659859
18800 9640 -2778 0.000567898882711599 0.0002518875088 -0.000203888125836849 -0.000466388271331787
18800 9840 -2778 0.000546285902617109 0.0002406056928 -0.000225033963084221 -0.000435847935438156
19000 9840 -2778 0.000490794137295769 0.000212539697647095 -0.000192952140867710 -0.000397970137596130
19000 9640 -2778 0.000508061888099739 0.000221397512733936 -0.000175902753114700 -0.000421999058127403
19000 9440 -2778 0.000523684360553543 0.000229224829256535 -0.000153588027358055 -0.000445130137920380
19000 9240 -2778 0.0005367182683 0.000235991751849651 -0.0001281851685 -0.000464811651945114
19000 9040 -2778 0.000547198775635988 0.000241083365619183 -9.83213877826929e-05 -0.000481288079619407
19000 8840 -2778 0.000554328452342485 0.000245102730572224 -6.73320498764515e-05 -0.000492609806060791
19000 8640 -2778 0.000558014630036562 0.000246313867270946 -3.29893689975142e-05 -0.000499567443132401
19000 8440 -2778 0.000558636635063753 0.000246235021591187 9.20119035410608e-07 -0.000501359564542770
19000 8240 -2778 0.000555432154366363 0.000244151187241077 3.63521604910493e-05 -0.000497729531049728
19000 8040 -2778 0.0005496387758 0.0002407739498 6.95631599128246e-05 -0.000489154878854752
19000 7840 -2778 0.0005408780143 0.000235701347887516 0.000100511597335339 -0.000476331103086472
19000 7640 -2778 0.0005295197077 0.000229046840250492 0.000129560150772333 -0.000459398429036140
19000 7440 -2778 0.000515767850077288 0.0002213830716 0.000155881360888481 -0.000439096271753311
19000 7240 -2778 0.000499470501610454 0.000212317609965801 0.000178677753984928 -0.000415182076931000
19000 7040 -2778 0.000481014009368781 0.000202349798768759 0.000197359907865524 -0.000389366804
