# amount of points in x direction: 66 (distance of 200 steps)
# amount of points in y direction: 7 (distance of 200 steps)
# abs. coordinates of point 1: P1 (, , ) (offsets not corrected)
# Offsets of the hall probe have already been corrected for all following coordinates.
#
# X (absolute in steps=10um) Y (absolute in steps=10um) Z (absolute in steps=10um) Babs(in T) Bx By Bz
6000 7840 -5978 3.38421543141517e-05 2.94915431439877e-05 -1.92086005594138e-06 -1.64738094173372e-05
6000 8040 -5978 3.37119418552778e-05 2.93434212058783e-05 -2.3001059695016e-06 -1.63650499824435e-05
6000 8240 -5978 3.3513069264653e-05 2.9231241427362e-05 -2.43144234811189e-06 -1.63281852528453e-05
6000 8440 -5978 3.36803711780193e-05 2.93238172978163e-05 -2.7646765547106e-06 -1.62997118271887e-05
6000 8640 -5978 3.34100361812398e-05 2.90780379921198e-05 -2.95710157405119e-06 -1.63323502466083e-05
6000 8840 -5978 3.36088996871646e-05 2.91784708574414e-05 -3.07829631440768e-06 -1.65184680968523e-05
6000 9040 -5978 3.35914152696963e-05 2.90918942987919e-05 -3.17066518987849e-06 -1.63923578523099e-05
6200 9040 -5978 3.16976475731992e-05 2.72541824877262e-05 -3.3399465816874e-06 -1.58365133609623e-05
6200 8840 -5978 3.1502467527809e-05 2.72904022224247e-05 -3.14696650305996e-06 -1.54406527075917e-05
6200 8640 -5978 3.15165878213468e-05 2.72979370988905e-05 -2.94798534468646e-06 -1.53427079804242e-05
6200 8440 -5978 3.14013828678944e-05 2.73015074804425e-05 -2.62372372587561e-06 -1.52914785463363e-05
6200 8240 -5978 3.15248975839604e-05 2.74121272973716e-05 -2.32951860176399e-06 -1.53580780476332e-05
6200 8040 -5978 3.1357118280276e-05 2.72265332788229e-05 -2.2014850178964e-06 -1.53996947184205e-05
6200 7840 -5978 3.16507003689165e-05 2.75175822637975e-05 -1.94090393576425e-06 -1.55171644352376e-05
6400 7840 -5978 2.91803908033051e-05 2.52888734489679e-05 -1.88247643618524e-06 -1.44648173321038e-05
6400 8040 -5978 2.90723469313989e-05 2.52168857827783e-05 -2.15970095051307e-06 -1.43735833764076e-05
6400 8240 -5978 2.92158094825895e-05 2.53088991567492e-05 -2.25959180412792e-06 -1.44441207833588e-05
6400 8440 -5978 2.92476370723871e-05 2.53614348247647e-05 -2.59897995014762e-06 -1.44387169759721e-05
6400 8640 -5978 2.93285949149301e-05 2.52644208334386e-05 -2.91981636787705e-06 -1.46065119728446e-05
6400 8840 -5978 2.91897898411156e-05 2.52101396583021e-05 -3.11011796726325e-06 -1.4401632361114e-05
6400 9040 -5978 2.93573491465656e-05 2.51093248724938e-05 -3.71171842436888e-06 -1.47120044007897e-05
6600 9040 -5978 2.71220359183913e-05 2.30045611858368e-05 -3.71188008301397e-06 -1.37754233535379e-05
6600 8840 -5978 2.70086753762298e-05 2.3064220558852e-05 -3.50959391798824e-06 -1.36515628062189e-05
6600 8640 -5978 2.67416641343224e-05 2.30802565105259e-05 -3.02919586469943e-06 -1.31541249789298e-05
6600 8440 -5978 2.67767979531438e-05 2.31048256084323e-05 -3.04586035726243e-06 -1.31866097580642e-05
6600 8240 -5978 2.69204709710814e-05 2.32566454745829e-05 -2.40665132813228e-06 -1.33501813206822e-05
6600 8040 -5978 2.66214955265996e-05 2.30024519562721e-05 -2.00525369979096e-06 -1.33347377497703e-05
6600 7840 -5978 2.6835973252803e-05 2.31982481181622e-05 -1.57159579884319e-06 -1.34436501301825e-05
6800 7840 -5978 2.41338104775053e-05 2.08838827610016e-05 -1.59924793697428e-06 -1.19840801768005e-05
6800 8040 -5978 2.42077347362329e-05 2.09285081923008e-05 -2.03852888194888e-06 -1.19940137527883e-05
6800 8240 -5978 2.42247422443447e-05 2.09715177342296e-05 -2.32603181956938e-06 -1.18203294947743e-05
6800 8440 -5978 2.43476018599294e-05 2.0939583491534e-05 -2.75336217861332e-06 -1.21708180252463e-05
6800 8640 -5978 2.4280929355966e-05 2.08907292485237e-05 -3.21423938802036e-06 -1.2005812542513e-05
6800 8840 -5978 2.43395092522238e-05 2.0694511923939e-05 -3.72741546644829e-06 -1.20998681690544e-05
6800 9040 -5978 2.46669310650474e-05 2.09013681448996e-05 -4.08060063872836e-06 -1.24474493879825e-05
7000 9040 -5978 2.2029940856141e-05 1.86249766424298e-05 -4.24988158314954e-06 -1.09070455636829e-05
7000 8840 -5978 2.18936964204299e-05 1.85719179771841e-05 -3.665633576049e-06 -1.09710018578917e-05
7000 8640 -5978 2.16461931531932e-05 1.85402587614954e-05 -3.54450392456783e-06 -1.04904387835413e-05
7000 8440 -5978 2.15639748024817e-05 1.86687888279557e-05 -2.96413410715832e-06 -1.04692351287231e-05
7000 8240 -5978 2.1608045174343e-05 1.86996568404138e-05 -2.53747549718537e-06 -1.07083141282201e-05
7000 8040 -5978 2.14060226539857e-05 1.86622968055308e-05 -1.93214690008972e-06 -1.03841787194833e-05
7000 7840 -5978 2.14347274040484e-05 1.86292201094329e-05 -1.52828496126676e-06 -1.04911411236972e-05
7200 7840 -5978 1.83362077965618e-05 1.61233029440045e-05 -1.21518956544787e-06 -8.77896986994892e-06
7200 8040 -5978 1.83559391660498e-05 1.6167348286137e-05 -1.73519547171782e-06 -8.5949394647032e-06
7200 8240 -5978 1.85271753775871e-05 1.61667684875429e-05 -2.48886421309453e-06 -8.79924619756639e-06
7200 8440 -5978 1.88412842888084e-05 1.63842921033502e-05 -3.0078052484605e-06 -8.72249150834978e-06
7200 8640 -5978 1.8911606513472e-05 1.64170675445348e-05 -3.41235765893362e-06 -8.74554568715394e-06
7200 8840 -5978 1.90353286665987e-05 1.62350863907486e-05 -3.87911983570666e-06 -9.08823378756642e-06
7200 9040 -5978 1.91347713201788e-05 1.62186584323645e-05 -4.46544314350467e-06 -9.14282238669694e-06
7400 9040 -5978 1.65812482419811e-05 1.41680874936283e-05 -4.55132351780776e-06 -7.31676391791552e-06
7400 8840 -5978 1.62902119091455e-05 1.40361177548766e-05 -4.22030418959912e-06 -7.22787553071976e-06
7400 8640 -5978 1.6158232477869e-05 1.41093899235129e-05 -3.5876944148913e-06 -7.01013848511502e-06
7400 8440 -5978 1.60886156946248e-05 1.41359717659652e-05 -3.30948991593323e-06 -6.89526549447328e-06
7400 8240 -5978 1.58241127264055e-05 1.40939260069281e-05 -2.51769358776801e-06 -6.94335274677724e-06
7400 8040 -5978 1.55585981873385e-05 1.39214736390859e-05 -1.95368275803048e-06 -6.68954001180828e-06
7400 7840 -5978 1.54559868786915e-05 1.38264693263918e-05 -1.34844091334526e-06 -6.80490416055545e-06
7600 7840 -5978 1.22260310771555e-05 1.13862547418103e-05 -1.42696536090261e-06 -4.21815228660125e-06
7600 8040 -5978 1.26062399091046e-05 1.15998130086809e-05 -2.0692737876052e-06 -4.48104103992227e-06
7600 8240 -5978 1.27639486922838e-05 1.17517271079123e-05 -2.53628488664253e-06 -4.35756395026692e-06
7600 8440 -5978 1.30304904622668e-05 1.17760071661323e-05 -3.24188127000525e-06 -4.58132443518843e-06
7600 8640 -5978 1.32116048840011e-05 1.17047999016941e-05 -3.90724754509574e-06 -4.71343355765566e-06
7600 8840 -5978 1.35112774485086e-05 1.18203206695616e-05 -4.39474356762366e-06 -4.84983159853437e-06
7600 9040 -5978 1.35568161579548e-05 1.15557560157031e-05 -4.92785109602846e-06 -5.18695676510106e-06
7800 9040 -5978 1.09750205626478e-05 9.17564635816962e-06 -5.32437139120884e-06 -2.53186420207203e-06
7800 8840 -5978 1.09561068744884e-05 9.66084609460085e-06 -4.71256958635058e-06 -2.36103840177384e-06
7800 8640 -5978 1.07538433988776e-05 9.73596125282347e-06 -3.98402069468284e-06 -2.12464879004256e-06
7800 8440 -5978 1.05659014344536e-05 9.75965276174247e-06 -3.40984070954437e-06 -2.1818426680984e-06
7800 8240 -5978 1.01441537059913e-05 9.56386198569089e-06 -2.72114692399555e-06 -2.00130452874873e-06
7800 8040 -5978 9.97193770526732e-06 9.51468488760293e-06 -2.32241771970803e-06 -1.88467552026123e-06
7800 7840 -5978 9.34627576972103e-06 9.05575174186379e-06 -1.66967710150402e-06 -1.60379751293476e-06
8000 7840 -5978 7.27803472385453e-06 6.95037919748574e-06 -1.58646215762383e-06 1.46463520209545e-06
8000 8040 -5978 7.92478773036861e-06 7.46739382157102e-06 -2.28708025909327e-06 1.23385261666681e-06
8000 8240 -5978 8.23189335761383e-06 7.67791150370613e-06 -2.96990305761574e-06 8.03463249640117e-07
8000 8440 -5978 8.60139406711339e-06 7.81932301446796e-06 -3.51403544594359e-06 5.97370249070082e-07
8000 8640 -5978 8.88385228693481e-06 7.92650064360351e-06 -3.9849278810143e-06 5.27341758272996e-07
8000 8840 -5978 8.98061683909037e-06 7.6570446966216e-06 -4.67335486755474e-06 4.25322943649917e-07
8000 9040 -5978 8.97799067368179e-06 7.27687349636108e-06 -5.27257353509776e-06 5.41174285825036e-07
8200 9040 -5978 8.71512656834983e-06 5.81983070750721e-06 -5.27407184708863e-06 3.63765965646599e-06
8200 8840 -5978 8.61329536163472e-06 6.21691460721195e-06 -4.78066478308756e-06 3.68451571124024e-06
8200 8640 -5978 8.50535111730698e-06 6.37189376726747e-06 -4.26971311536909e-06 3.7343362183019e-06
8200 8440 -5978 8.41818840160003e-06 6.41482836613432e-06 -3.66537516599055e-06 3.91933625291858e-06
8200 8240 -5978 8.25494252236702e-06 6.39018831821159e-06 -3.22385946435315e-06 4.11418646865354e-06
8200 8040 -5978 7.98814583883554e-06 5.92635900108144e-06 -2.74445442880892e-06 4.71899802840198e-06
8200 7840 -5978 7.63369037651914e-06 5.42044603890099e-06 -1.99170772400657e-06 4.96756774233654e-06
8400 7840 -5978 1.01884509802554e-05 4.12445435061818e-06 -2.41304565111204e-06 8.89042238984257e-06
8400 8040 -5978 1.01454827161334e-05 4.94132166681811e-06 -3.08301360203768e-06 8.3071768283844e-06
8400 8240 -5978 9.93819367051822e-06 5.34596949152183e-06 -3.59839363164792e-06 7.56570333149284e-06
8400 8440 -5978 9.87881982988269e-06 5.39441854925826e-06 -3.85786929474125e-06 7.38317450135946e-06
8400 8640 -5978 9.88859064081634e-06 5.55665498995222e-06 -4.20308996120002e-06 7.18583794450387e-06
8400 8840 -5978 9.99615283600855e-06 5.2434753451962e-06 -4.62754595931619e-06 7.21023624856025e-06
8400 9040 -5978 1.02898369214853e-05 4.88267572363839e-06 -5.17587988520972e-06 7.43306727148592e-06
8600 9040 -5978 1.30449154980728e-05 4.4894311473472e-06 -4.93020166573115e-06 1.12521124500781e-05
8600 8840 -5978 1.29717789358879e-05 5.2838062539231e-06 -4.49142491677776e-06 1.1084816288203e-05
8600 8640 -5978 1.27094872923758e-05 5.48427563696168e-06 -4.2102072108537e-06 1.06405144650489e-05
8600 8440 -5978 1.28709983921685e-05 5.59406324848533e-06 -4.02576954674441e-06 1.08852467127144e-05
8600 8240 -5978 1.30293873778097e-05 5.40136066125706e-06 -4.10415515195928e-06 1.11616480592638e-05
8600 8040 -5978 1.34336445227156e-05 4.89802410104312e-06 -3.77748491521925e-06 1.19248804096133e-05
8600 7840 -5978 1.39744879445234e-05 4.1130228249167e-06 -3.38590926428878e-06 1.30268744751811e-05
8800 7840 -5978 1.83561553121028e-05 5.16431886446662e-06 -4.66059212153778e-06 1.69143770970404e-05
8800 8040 -5978 1.73011024457675e-05 6.20299383299425e-06 -4.32837925286731e-06 1.54441181607544e-05
8800 8240 -5978 1.65257744788488e-05 6.5547840653453e-06 -4.53634818550199e-06 1.44452712442726e-05
8800 8440 -5978 1.62498348962815e-05 6.87514070793986e-06 -4.42699261830421e-06 1.40424823574722e-05
8800 8640 -5978 1.59900779491069e-05 6.91963607957587e-06 -4.13308877692907e-06 1.38439024165273e-05
8800 8840 -5978 1.60332728235401e-05 6.35779189364985e-06 -4.05362553830491e-06 1.41383999530226e-05
8800 9040 -5978 1.66260538462238e-05 5.81011664774269e-06 -4.24229219462723e-06 1.52005890347064e-05
9000 9040 -5978 1.9829104915549e-05 8.43946734536439e-06 -3.05909161748423e-06 1.76788153499365e-05
9000 8840 -5978 1.92348318180046e-05 9.07349778153002e-06 -3.52865062595811e-06 1.6589123480022e-05
9000 8640 -5978 1.92338616694691e-05 9.63388962857425e-06 -3.91352274638484e-06 1.62181921731681e-05
9000 8440 -5978 1.95012208335287e-05 9.66526233777404e-06 -4.77052175463177e-06 1.61958320103586e-05
9000 8240 -5978 2.00726272048285e-05 9.51272089406848e-06 -5.19249758013029e-06 1.68608828373253e-05
9000 8040 -5978 2.12951273143331e-05 9.26812229678035e-06 -5.87679834384471e-06 1.81928633451462e-05
9000 7840 -5978 2.25637079481323e-05 8.40216103941202e-06 -6.18581575993448e-06 1.99366128370166e-05
9200 7840 -5978 2.62059142670686e-05 1.30400910582393e-05 -8.20550851989538e-06 2.11984810233116e-05
9200 8040 -5978 2.48526923691527e-05 1.36351299230009e-05 -7.10217611538246e-06 1.93348375558853e-05
9200 8240 -5978 2.36094087813855e-05 1.38943790178746e-05 -6.00287066516466e-06 1.8243701338768e-05
9200 8440 -5978 2.29263348847209e-05 1.39749330561608e-05 -4.93833672418259e-06 1.74495535381138e-05
9200 8640 -5978 2.24604391730024e-05 1.39129030834883e-05 -3.66327407452627e-06 1.71577207744122e-05
9200 8840 -5978 2.24483852514208e-05 1.32281144689769e-05 -2.66988424328974e-06 1.79393061771989e-05
9200 9040 -5978 2.30295748132265e-05 1.26249257214367e-05 -1.68388921742371e-06 1.89639254659414e-05
9400 9040 -5978 2.65363222807416e-05 1.74857694283128e-05 -2.14548837466282e-07 1.98981537222862e-05
9400 8840 -5978 2.5960225772697e-05 1.83219986408949e-05 -1.53531374258637e-06 1.83812266290188e-05
9400 8640 -5978 2.61179992332203e-05 1.90258888527751e-05 -3.18901178601664e-06 1.75899320468307e-05
9400 8440 -5978 2.63652094035547e-05 1.91826913431287e-05 -4.90469111787388e-06 1.74927889220417e-05
9400 8240 -5978 2.73082487617475e-05 1.93493714369833e-05 -6.53436706401408e-06 1.81342044360936e-05
9400 8040 -5978 2.85918022777429e-05 1.90072795934975e-05 -8.51709739118814e-06 1.95959557369351e-05
9400 7840 -5978 3.04122858800565e-05 1.85792760252953e-05 -1.04030352309346e-05 2.16492118090391e-05
9600 7840 -5978 3.5345877168247e-05 2.49356302954257e-05 -1.26947478204966e-05 2.15375042110682e-05
9600 8040 -5978 3.35518310302421e-05 2.58172450885177e-05 -1.04783220551908e-05 1.87316151410341e-05
9600 8240 -5978 3.23012085771418e-05 2.63698714002967e-05 -7.57785665336996e-06 1.70462326165289e-05
9600 8440 -5978 3.11947388546164e-05 2.60714639425278e-05 -5.33405722444877e-06 1.62207354903221e-05
9600 8640 -5978 3.06259049489349e-05 2.56566721498966e-05 -2.73635838638438e-06 1.66212769709527e-05
9600 8840 -5978 3.05664483330934e-05 2.4823857087642e-05 -1.00689322231347e-07 1.77071661837399e-05
9600 9040 -5978 3.10556481183549e-05 2.36792114526033e-05 2.0988844555086e-06 1.98467945158482e-05
9800 9040 -5978 3.74306592607886e-05 3.24997566565871e-05 4.92765751825937e-06 1.79035823605955e-05
9800 8840 -5978 3.70952439626383e-05 3.38375057205558e-05 1.93393846778872e-06 1.50177351608872e-05
9800 8640 -5978 3.72629464922344e-05 3.4799037180841e-05 -1.46869535914811e-06 1.32203236445785e-05
9800 8440 -5978 3.76389445126778e-05 3.5102902688086e-05 -5.00033080662251e-06 1.28620558157563e-05
9800 8240 -5978 3.90490020393829e-05 3.56812337338924e-05 -8.45974508114159e-06 1.33618428148329e-05
9800 8040 -5978 4.06419296641132e-05 3.55457099750638e-05 -1.22515004500747e-05 1.53411488682032e-05
9800 7840 -5978 4.29730932013231e-05 3.53297394439578e-05 -1.57115862090141e-05 1.86704075224698e-05
10000 7840 -5978 5.38424279932029e-05 4.8922514423728e-05 -1.92795939818025e-05 1.1571166343987e-05
10000 8040 -5978 5.12432766975694e-05 4.84950884878636e-05 -1.47142962086946e-05 7.62060461752117e-06
10000 8240 -5978 4.97492851602807e-05 4.84660615846515e-05 -9.64685872383416e-06 5.4994745166041e-06
10000 8440 -5978 4.83949875974405e-05 4.79017354100943e-05 -5.09106844849885e-06 4.60537815582938e-06
10000 8640 -5978 4.78566682182577e-05 4.75444406345487e-05 -1.06416957474721e-07 5.45669617364183e-06
10000 8840 -5978 4.78139711500463e-05 4.7022364616394e-05 4.31199767446378e-06 7.46071903035045e-06
10000 9040 -5978 4.84083059112195e-05 4.62344401106238e-05 9.03665289841592e-06 1.12526939120144e-05
10200 9040 -5978 6.45186745305737e-05 6.28347990214825e-05 1.42738497424871e-05 -2.71316721655967e-06
10200 8840 -5978 6.35169509052846e-05 6.26243653297425e-05 8.2613207185641e-06 -6.62458867160603e-06
10200 8640 -5978 6.35516050632633e-05 6.29039911180735e-05 1.88789149742706e-06 -9.11062588728964e-06
10200 8440 -5978 6.39409294907312e-05 6.303998221457e-05 -4.03842637082562e-06 -9.90425257012248e-06
10200 8240 -5978 6.50471218761932e-05 6.35480501651764e-05 -1.0271564360708e-05 -9.4123350251466e-06
10200 8040 -5978 6.72170915202371e-05 6.46337571591139e-05 -1.69140348434448e-05 -7.38446025457233e-06
10200 7840 -5978 7.01294158805022e-05 6.5980494260788e-05 -2.33822515308857e-05 -3.45354241753193e-06
10400 7840 -5978 9.45886587575094e-05 8.54751642346382e-05 -2.77008260376751e-05 -2.9624134272337e-05
10400 8040 -5978 9.06114068546932e-05 8.2471194550395e-05 -1.93352560512722e-05 -3.2377225972712e-05
10400 8240 -5978 8.79422242509059e-05 8.04792330414057e-05 -1.16069120019674e-05 -3.35853921324015e-05
10400 8440 -5978 8.60884892817826e-05 7.90881698429585e-05 -3.87127547286218e-06 -3.37831704244018e-05
10400 8640 -5978 8.57192766383691e-05 7.89578583687544e-05 3.39243184615043e-06 -3.31748114153743e-05
10400 8840 -5978 8.63903791544358e-05 7.97648058384657e-05 1.13625751230866e-05 -3.13435623273253e-05
10400 9040 -5978 8.84465915910463e-05 8.15992560982704e-05 1.96245891191065e-05 -2.79381924048066e-05
10600 9040 -5978 0.0001182660995 9.59430489093065e-05 2.4120193913579e-05 -6.48385885953903e-05
10600 8840 -5978 0.000113257927510373 9.19616796672344e-05 1.45963329635561e-05 -6.44775517582894e-05
10600 8640 -5978 0.000110972737288084 9.01490154713393e-05 5.69531973870471e-06 -6.46184311658144e-05
10600 8440 -5978 0.000110906157040042 8.98371888697147e-05 -2.73556291353748e-06 -6.51052900254726e-05
10600 8240 -5978 0.000113261355955525 9.16627210229635e-05 -1.11870179772377e-05 -6.56909737437963e-05
10600 8040 -5978 0.0001185705803 9.55261612683535e-05 -2.04166440926492e-05 -6.70785948038101e-05
10600 7840 -5978 0.000126503300741945 0.000102038443490863 -3.00103704184294e-05 -6.84384205490351e-05
10800 7840 -5978 0.0001477071207 9.81368117183447e-05 -2.81608805544674e-05 -0.000106740453898907
10800 8040 -5978 0.0001380985619 9.20301364064217e-05 -1.9239003919065e-05 -0.000101138281345367
10800 8240 -5978 0.0001321509474 8.81717514693737e-05 -1.0878655096516e-05 -9.77401203215122e-05
10800 8440 -5978 0.000129343185351026 8.65652769207954e-05 -2.77691109257285e-06 -9.59427372515202e-05
10800 8640 -5978 0.000129209191988061 8.64743601232767e-05 5.10698737483472e-06 -9.56974184215069e-05
10800 8840 -5978 0.000132540620784839 8.85760283172131e-05 1.37516838684678e-05 -9.75665721446276e-05
10800 9040 -5978 0.000139395169219502 9.28255804777146e-05 2.37070225961506e-05 -0.000101097824364901
11000 9040 -5978 0.000142489124267227 7.06102637052536e-05 1.83773546144366e-05 -0.000122453316628933
11000 8840 -5978 0.000137387435921512 6.92568808794022e-05 1.14214458353818e-05 -0.000118236063092947
11000 8640 -5978 0.0001347012016 6.85669794082642e-05 4.56588676734827e-06 -0.000115895497888327
11000 8440 -5978 0.000134567871954869 6.86448699384928e-05 -1.80426302933756e-06 -0.000115728728622198
11000 8240 -5978 0.000136618515448274 6.92710154652595e-05 -8.31344875879586e-06 -0.000117460766851902
11000 8040 -5978 0.000141252953813929 7.05997348427773e-05 -1.49691971465945e-05 -0.000121258752137423
11000 7840 -5978 0.000148755157743142 7.28556467294693e-05 -2.18738477379084e-05 -0.000127921000421047
11200 7840 -5978 0.000142783216 4.63143612891436e-05 -1.5443675275892e-05 -0.000134093320220709
11200 8040 -5978 0.0001379014914 4.71595530509949e-05 -1.11866573579609e-05 -0.000129142504453659
11200 8240 -5978 0.000134789510039568 4.7466935813427e-05 -6.7187126534991e-06 -0.000126028754055500
11200 8440 -5978 0.000133183787383998 4.73545282036066e-05 -2.2389816112991e-06 -0.0001244832676
11200 8640 -5978 0.000133189483033515 4.73140291497111e-05 2.62628721600049e-06 -0.0001245742484
11200 8840 -5978 0.000134834846588566 4.68427071422339e-05 7.31489915866405e-06 -0.000126239972174168
11200 9040 -5978 0.000138461358210316 4.65059222131967e-05 1.18726691473275e-05 -0.000129876043379307
11400 9040 -5978 0.000133414947948396 2.86996499970555e-05 7.20043968176469e-06 -0.0001301653696
11400 8840 -5978 0.0001315553329 2.97544836774468e-05 4.57330353022553e-06 -0.000127857914596796
11400 8640 -5978 0.000130308344220043 3.06872426643968e-05 1.53274909311222e-06 -0.000126638596266508
11400 8440 -5978 0.000130211262284561 3.07791231945157e-05 -1.39012244136393e-06 -0.000126631297439337
11400 8240 -5978 0.000131248679712397 3.06073003336787e-05 -4.41654931707308e-06 -0.000127691944211721
11400 8040 -5978 0.000133317810143976 2.94924800433218e-05 -7.57499585486948e-06 -0.000129793881058693
11400 7840 -5978 0.0001365667435 2.7707988794893e-05 -9.98383747786283e-06 -0.000133288269311190
11600 7840 -5978 0.000131295119796405 1.5812160981819e-05 -6.44065707339905e-06 -0.000129971335142851
11600 8040 -5978 0.000129134920616822 1.74400698542595e-05 -5.06375932932133e-06 -0.000127800892919302
11600 8240 -5978 0.000127889616070444 1.86858899109066e-05 -3.2407574915851e-06 -0.000126466766566038
11600 8440 -5978 0.000127078091170689 1.89557882510126e-05 -1.37889007280137e-06 -0.000125648788332939
11600 8640 -5978 0.000126951738717107 1.88570658452809e-05 3.76058586196677e-07 -0.000125568962335587
11600 8840 -5978 0.000127754514128359 1.81314894817769e-05 2.34649797758175e-06 -0.000126250525385141
11600 9040 -5978 0.000128986061189240 1.70235225632787e-05 3.62034197595494e-06 -0.000127724950313568
11800 9040 -5978 0.0001249728312 9.67043550498784e-06 1.60528178853929e-06 -0.000124576749175787
11800 8840 -5978 0.000124277848898798 1.05422061355785e-05 9.51963959362956e-07 -0.000123826246738434
11800 8640 -5978 0.000123833673078640 1.12679867539555e-05 -1.85829334432128e-07 -0.000123349490910769
11800 8440 -5978 0.000124031948945931 1.12825651634485e-05 -1.11861631149441e-06 -0.000123487946420908
11800 8240 -5978 0.000124532404568491 1.08417483624071e-05 -2.39938618111046e-06 -0.000124045719355345
11800 8040 -5978 0.000125568327921491 1.01001023380086e-05 -3.44500268014963e-06 -0.000125114047437906
11800 7840 -5978 0.000126892998418818 8.5674814498052e-06 -4.095393202384e-06 -0.000126670328348875
12000 7840 -5978 0.000123536630223516 4.24297150778875e-06 -2.49346384361706e-06 -0.000123403864234686
12000 8040 -5978 0.000122489548936067 5.70227083959617e-06 -2.3792109186179e-06 -0.000122422177582979
12000 8240 -5978 0.0001217421348 5.96585622336716e-06 -1.7166505972491e-06 -0.000121717366
12000 8440 -5978 0.0001215122209 6.28315541194752e-06 -8.88206538720397e-07 -0.000121292026162148
12000 8640 -5978 0.000121357260187289 6.33850771933794e-06 -4.44323500104474e-07 -0.000121171383589506
12000 8840 -5978 0.000121400537424465 5.81677855411545e-06 -2.22280274194873e-08 -0.000121380502939224
12000 9040 -5978 0.000122085418974211 5.2156088653719e-06 3.32994354488392e-07 -0.000121932530283928
12200 9040 -5978 0.000119670045520024 2.94109751516953e-06 -2.99851082514579e-07 -0.000119633523017168
12200 8840 -5978 0.0001193846024 3.34524882802725e-06 -3.70350404532473e-07 -0.000119297742426395
12200 8640 -5978 0.000119332543777693 3.37712849564559e-06 -7.07783319532609e-07 -0.000119425080716610
12200 8440 -5978 0.0001196294264 3.43099927199364e-06 -8.48960674573391e-07 -0.0001194733493
12200 8240 -5978 0.0001198093869 3.22504091891187e-06 -1.27513001246098e-06 -0.000119786585867405
12200 8040 -5978 0.000120238066992179 2.87372886722233e-06 -1.51544937247672e-06 -0.000120142411023378
12200 7840 -5978 0.000120966456687647 2.07814454389518e-06 -1.52722117764643e-06 -0.0001209389621
12400 7840 -5978 0.000119406914944656 7.31349721570041e-07 -8.98245783112543e-07 -0.000119368502169847
12400 8040 -5978 0.000118985148281762 9.84467187707196e-07 -1.08453328579344e-06 -0.000119038644611835
12400 8240 -5978 0.000118597822443061 1.34797871289629e-06 -9.78227354869887e-07 -0.000118486605554819
12400 8440 -5978 0.000118432954347521 1.37122025865392e-06 -8.9528098570463e-07 -0.000118351580828428
12400 8640 -5978 0.000118052800817614 1.45936452794058e-06 -7.17892385597224e-07 -0.000118041597187519
12400 8840 -5978 0.000118269376036094 1.42207108401999e-06 -7.55810933745351e-07 -0.000118320013672113
12400 9040 -5978 0.0001182990447 1.22352585541739e-06 -8.2572667782847e-07 -0.000118304447680712
12600 9040 -5978 0.0001179246054 5.7663242812032e-07 -9.56974555670968e-07 -0.000117896871596575
12600 8840 -5978 0.0001178118309 6.17697753015818e-07 -6.66371185630851e-07 -0.000117880212545395
12600 8640 -5978 0.000117787912994449 2.83999304314421e-07 -7.28236685761658e-07 -0.000117785319387913
12600 8440 -5978 0.000117686546172710 3.38071868092811e-07 -7.03597466825159e-07 -0.000117661163151264
12600 8240 -5978 0.000117903881911483 2.43239319272106e-07 -5.795971659727e-07 -0.000117877282679081
12600 8040 -5978 0.000118335672946568 1.120440391378e-07 -3.76125326874444e-07 -0.000118254017442465
12600 7840 -5978 0.000118715102562829 -2.76275387236638e-08 -3.42235107498709e-07 -0.000118848183542490
12800 7840 -5978 0.000119189066775513 -5.43509381497643e-07 1.51569591345833e-07 -0.000119059463799000
12800 8040 -5978 0.000118899502756159 -6.64853029280494e-07 -1.57253274120194e-07 -0.000118827164977789
12800 8240 -5978 0.000118159987756285 -8.38077437483662e-07 -1.68024183813031e-07 -0.000118183287292719
12800 8440 -5978 0.000118092461918414 -7.65734111610982e-07 -5.82064922997233e-07 -0.000118108510047197
12800 8640 -5978 0.000117832151895422 -6.56240314041497e-07 -7.65435054656336e-07 -0.000117956112474203
12800 8840 -5978 0.000118399771489226 -5.90627907999078e-07 -1.0041274840396e-06 -0.000118358172714710
12800 9040 -5978 0.000118420713581896 -3.53297634874252e-07 -1.23113038099746e-06 -0.000118396358519793
13000 9040 -5978 0.000119987790487617 -1.57907154309032e-06 -1.46090525164982e-06 -0.000119968504846096
13000 8840 -5978 0.000119403036444565 -1.91197892101354e-06 -1.37889308882222e-06 -0.000119465030193329
13000 8640 -5978 0.000119080275792367 -2.3836171621806e-06 -1.01970903777055e-06 -0.000119053968161345
13000 8440 -5978 0.000118994098132296 -2.50091300686472e-06 -5.15859704239119e-07 -0.000118935264855623
13000 8240 -5978 0.000119445443833423 -2.29652589562829e-06 -8.03922914928989e-08 -0.000119448687881231
13000 8040 -5978 0.000119873334954346 -2.08822147589672e-06 2.63039260024925e-07 -0.000119863859444857
13000 7840 -5978 0.000120451969950900 -1.4741171374535e-06 5.49216179048017e-07 -0.000120441697120667
13200 7840 -5978 0.000122895434972104 -3.4438595234169e-06 1.51320690101625e-06 -0.000122752033472061
13200 8040 -5978 0.000121814713158587 -4.29016128135845e-06 9.30751925006916e-07 -0.000121667764723301
13200 8240 -5978 0.000120886010753919 -4.73876533473958e-06 3.92261579248498e-07 -0.000120826152771711
13200 8440 -5978 0.000120588044826282 -4.84071654966101e-06 -4.9427343017237e-07 -0.000120501325964928
13200 8640 -5978 0.000120869701146347 -4.84862713818439e-06 -1.20552037070956e-06 -0.000120766395121813
13200 8840 -5978 0.0001210846278 -4.42070829402655e-06 -1.83389174562854e-06 -0.000121025417119265
13200 9040 -5978 0.000122190515013527 -3.72920289554168e-06 -2.1002440185473e-06 -0.000122117700368166
13400 9040 -5978 0.000125005896811097 -7.1818369133398e-06 -3.31712251917634e-06 -0.000124602689385414
13400 8840 -5978 0.000123438637646446 -8.37539508659393e-06 -2.60841979644647e-06 -0.000123271108686924
13400 8640 -5978 0.000122619655152142 -8.76980743091554e-06 -1.55136310795024e-06 -0.0001222958036
13400 8440 -5978 0.000122276604464374 -9.17740095406771e-06 -5.91731001064545e-07 -0.000121922303736210
13400 8240 -5978 0.000122635694936588 -8.80497349146754e-06 6.12639048025812e-07 -0.000122438605189323
13400 8040 -5978 0.000123900421955418 -7.99764731060714e-06 1.78395238783878e-06 -0.000123485383123159
13400 7840 -5978 0.000125462003391816 -6.8121770140715e-06 2.75277273224492e-06 -0.000125274819552898
13600 7840 -5978 0.000128239165874803 -1.28446057736874e-05 4.71197994798422e-06 -0.000127535961598158
13600 8040 -5978 0.0001257634597 -1.44402143675834e-05 3.28399419885682e-06 -0.000125070618122816
13600 8240 -5978 0.000124454326216720 -1.52224350534379e-05 1.34517364598196e-06 -0.000123508325517178
13600 8440 -5978 0.000123958261929395 -1.57260507531464e-05 -4.33520410344499e-07 -0.000122899285584688
13600 8640 -5978 0.000124154085553838 -1.55154585056007e-05 -2.35877511788385e-06 -0.000123142989128828
13600 8840 -5978 0.000125629330375082 -1.47388918269426e-05 -4.01456218556268e-06 -0.000124697141140699
13600 9040 -5978 0.000127795029891946 -1.34310746490955e-05 -5.32379609323107e-06 -0.000126822697699070
13800 9040 -5978 0.000130215698284836 -2.39556901082397e-05 -8.75861492007971e-06 -0.0001276153987
13800 8840 -5978 0.000126703752865569 -2.52027984373271e-05 -6.53674079151824e-06 -0.000123984234839678
13800 8640 -5978 0.000124531467059568 -2.56401538252831e-05 -3.62011745641939e-06 -0.000121996511220932
13800 8440 -5978 0.000123940184889793 -2.58055323958397e-05 -8.84037192863616e-07 -0.000121341623395681
13800 8240 -5978 0.000124526426668886 -2.5609329868108e-05 1.89261951071239e-06 -0.000121849953442812
13800 8040 -5978 0.000126822152196545 -2.47919904440641e-05 5.16334166622255e-06 -0.0001242029471
13800 7840 -5978 0.000130570864610910 -2.2937742780894e-05 7.72132820915431e-06 -0.000128237121969461
14000 7840 -5978 0.000129924165097111 -3.92968562021852e-05 1.19333751928061e-05 -0.000123292861998081
14000 8040 -5978 0.000125247508941819 -4.03731401786208e-05 7.85437655169517e-06 -0.000118171225488186
14000 8240 -5978 0.000122091488754729 -4.07824987694621e-05 3.42154151963769e-06 -0.000115027876943350
14000 8440 -5978 0.000121132744450249 -4.11000946164131e-05 -9.52352230285214e-07 -0.000114041424423456
14000 8640 -5978 0.000122033596349004 -4.09931489899755e-05 -5.37348208250478e-06 -0.000114876463085413
14000 8840 -5978 0.000124710511792929 -4.0650381334126e-05 -9.59140638634562e-06 -0.000117370645016432
14000 9040 -5978 0.000129569416069213 -3.98083784729242e-05 -1.36791253574193e-05 -0.000122577753424644
14200 9040 -5978 0.000124611607528777 -6.25819934755564e-05 -2.04092551730573e-05 -0.000105806470155716
14200 8840 -5978 0.000119004704266415 -6.13273522257805e-05 -1.40427535306662e-05 -0.000101196248337626
14200 8640 -5978 0.000115784738455990 -6.07976579815149e-05 -7.97070777416229e-06 -9.8342308267951e-05
14200 8440 -5978 0.000114721971120367 -6.03682043254375e-05 -1.78257868196147e-06 -9.759328520298e-05
14200 8240 -5978 0.000115729931533882 -6.07512097805739e-05 4.45679157311679e-06 -9.83055061101913e-05
14200 8040 -5978 0.000118801344090921 -6.16308335065842e-05 1.09209204204381e-05 -0.000101036904633045
14200 7840 -5978 0.000124501948569569 -6.25931482464075e-05 1.76033991575241e-05 -0.000106174165070057
14400 7840 -5978 0.000116019579952273 -8.75927477627993e-05 2.27922338731587e-05 -7.25848988890648e-05
14400 8040 -5978 0.000109829276061944 -8.30025908946991e-05 1.42019011899829e-05 -7.04472953379154e-05
14400 8240 -5978 0.000106318329669158 -8.02277032732964e-05 5.86439905036241e-06 -6.95146079659462e-05
14400 8440 -5978 0.000105246173375563 -7.93385845720768e-05 -1.88852050355854e-06 -6.93086324930191e-05
14400 8640 -5978 0.000106346262829616 -7.9812645688653e-05 -9.71716678515076e-06 -6.96486146301031e-05
14400 8840 -5978 0.000109581487857473 -8.19147846400738e-05 -1.77422292754054e-05 -7.05923780500889e-05
14400 9040 -5978 0.000115995342121800 -8.6238091096282e-05 -2.71435757540166e-05 -7.26142563968897e-05
14600 9040 -5978 0.0001044163535 -9.39475128650665e-05 -2.95748287290335e-05 -3.45742610916495e-05
14600 8840 -5978 9.84900246167889e-05 -8.92327092885971e-05 -1.99857481047511e-05 -3.65290255323052e-05
14600 8640 -5978 9.49479978629489e-05 -8.64368600249291e-05 -1.10825058910996e-05 -3.77050583288074e-05
14600 8440 -5978 9.37055033791854e-05 -8.56054428070784e-05 -2.82365116650181e-06 -3.8006006360054e-05
14600 8240 -5978 9.47719879849029e-05 -8.68151621222496e-05 5.63714338187128e-06 -3.75247014015913e-05
14600 8040 -5978 9.83928229535193e-05 -9.0195229113102e-05 1.46619749739766e-05 -3.63611750155687e-05
14600 7840 -5978 0.000104511657211945 -9.58591144531965e-05 2.43464348465204e-05 -3.37245829477906e-05
14800 7840 -5978 8.66988835262081e-05 -8.37322158366442e-05 2.18384111709893e-05 -5.2728238676209e-06
14800 8040 -5978 8.21745326003194e-05 -8.05235541760922e-05 1.34689726214856e-05 -9.33797662518918e-06
14800 8240 -5978 7.93546836838521e-05 -7.8350413531065e-05 5.63498887140304e-06 -1.11889566285536e-05
14800 8440 -5978 7.88656208951238e-05 -7.79085620492697e-05 -2.09556102029637e-06 -1.19629539009184e-05
14800 8640 -5978 7.95873909227315e-05 -7.80815010070801e-05 -9.76214507222175e-06 -1.15841530729085e-05
14800 8840 -5978 8.21637514526226e-05 -7.95877157151699e-05 -1.7929424662143e-05 -9.67269204556942e-06
14800 9040 -5978 8.69583817805662e-05 -8.24731896668673e-05 -2.68266181200743e-05 -6.33615690888837e-06
15000 9040 -5978 6.95996145484228e-05 -6.50523154586554e-05 -2.22576549127698e-05 1.08120024297386e-05
15000 8840 -5978 6.68995737675524e-05 -6.46630713194609e-05 -1.55611810125411e-05 7.35271632485092e-06
15000 8640 -5978 6.49400236324656e-05 -6.40583514422178e-05 -8.98003927804529e-06 5.53595919930376e-06
15000 8440 -5978 6.39337043987331e-05 -6.36903856098652e-05 -2.53486714713199e-06 4.97732535749674e-06
15000 8240 -5978 6.43009451602778e-05 -6.39157959520817e-05 3.96497083170107e-06 5.73589351004921e-06
15000 8040 -5978 6.58745578225478e-05 -6.44493772387505e-05 1.10302703203633e-05 8.07396087609231e-06
15000 7840 -5978 6.86306289057592e-05 -6.52163344323635e-05 1.76797049455345e-05 1.20175280421972e-05
15200 7840 -5978 5.49032052481784e-05 -4.88212587535381e-05 1.35858153682202e-05 2.11128914617002e-05
15200 8040 -5978 5.33094539002587e-05 -4.93680982217193e-05 8.57696786010638e-06 1.82024647668004e-05
15200 8240 -5978 5.21292342991379e-05 -4.93049248382449e-05 3.38834926372147e-06 1.66165542397648e-05
15200 8440 -5978 5.20041000692405e-05 -4.95391833484173e-05 -1.77080193268921e-06 1.58100351151079e-05
15200 8640 -5978 5.26419264284958e-05 -4.96411455199122e-05 -6.9528724886477e-06 1.61037625074387e-05
15200 8840 -5978 5.39041444169249e-05 -4.94169694185257e-05 -1.21975383143872e-05 1.77447773292661e-05
15200 9040 -5978 5.63106888256589e-05 -4.93664083704353e-05 -1.76202553473413e-05 2.06208596415818e-05
15400 9040 -5978 4.75860111383133e-05 -3.73365856558085e-05 -1.38479749187827e-05 2.61326543688774e-05
15400 8840 -5978 4.59984733359187e-05 -3.7853856548667e-05 -1.00577296540141e-05 2.41528896056116e-05
15400 8640 -5978 4.49706422054528e-05 -3.82742140740156e-05 -5.90857816068455e-06 2.28589567020535e-05
15400 8440 -5978 4.44981355609051e-05 -3.81430842876434e-05 -2.05166658832513e-06 2.2623279735446e-05
15400 8240 -5978 4.4504457387572e-05 -3.79507029131055e-05 2.27331200683693e-06 2.30653474926949e-05
15400 8040 -5978 4.52527841782312e-05 -3.74131174385548e-05 6.36839932249859e-06 2.44914879240096e-05
15400 7840 -5978 4.68971457795328e-05 -3.69140894934535e-05 1.0527494346723e-05 2.68208313435316e-05
15600 7840 -5978 4.26523817717178e-05 -2.83234101049602e-05 8.26217183377594e-06 3.09671726152301e-05
15600 8040 -5978 4.19546713565546e-05 -2.91693697720766e-05 5.16312864184147e-06 2.97100053578615e-05
15600 8240 -5978 4.12778333736215e-05 -2.94970135316253e-05 1.91674039792997e-06 2.87981799840927e-05
15600 8440 -5978 4.12289837985093e-05 -2.98658221811056e-05 -1.39304617182188e-06 2.84343138299882e-05
15600 8640 -5978 4.17900753203538e-05 -2.99564752466977e-05 -4.76873898343183e-06 2.86681667603552e-05
15600 8840 -5978 4.25977820389046e-05 -2.97714283242822e-05 -8.05091676302254e-06 2.93839382901788e-05
15600 9040 -5978 4.39496277549832e-05 -2.93072927035391e-05 -1.12494254624471e-05 3.07218850553036e-05
15800 9040 -5978 4.51462908227278e-05 -2.41914602145553e-05 -9.5921000931412e-06 3.68697982728481e-05
15800 8840 -5978 4.32407371281991e-05 -2.37409960515797e-05 -6.98825716506689e-06 3.53811898604035e-05
15800 8640 -5978 4.20623097369299e-05 -2.36819447614253e-05 -4.29886138535221e-06 3.4498618721962e-05
15800 8440 -5978 4.1522424116294e-05 -2.33688403964043e-05 -1.49954026094747e-06 3.43108033537865e-05
15800 8240 -5978 4.16503155700189e-05 -2.32974892444909e-05 1.03972512099881e-06 3.45093429908157e-05
15800 8040 -5978 4.24852073408487e-05 -2.32903436906636e-05 4.11515293530829e-06 3.52493858486414e-05
15800 7840 -5978 4.41756448136945e-05 -2.33455083891749e-05 6.9857521886006e-06 3.69009748995304e-05
16000 7840 -5978 4.61152706992063e-05 -1.66040022466332e-05 5.06817935360596e-06 4.27228142693639e-05
16000 8040 -5978 4.40658629366682e-05 -1.63568027280271e-05 3.01114802688244e-06 4.07497668862343e-05
16000 8240 -5978 4.27465801850972e-05 -1.61181245706975e-05 9.31099713981894e-07 3.96948459222913e-05
16000 8440 -5978 4.26419205624649e-05 -1.6128164678812e-05 -1.27168588423501e-06 3.94537515118718e-05
16000 8640 -5978 4.29165528463789e-05 -1.61077469605952e-05 -3.37931426407886e-06 3.96556285992265e-05
16000 8840 -5978 4.43152591824544e-05 -1.65765564441681e-05 -5.33289090194739e-06 4.06732560545206e-05
16000 9040 -5978 4.65673037663726e-05 -1.72506217807531e-05 -7.57421071920544e-06 4.27151753604412e-05
16200 9040 -5978 4.57969188715777e-05 -7.23791395779699e-06 -5.00768114347011e-06 4.49952423200011e-05
16200 8840 -5978 4.39379803976836e-05 -7.46559267491102e-06 -3.80691124771693e-06 4.31799095198512e-05
16200 8640 -5978 4.25383681646356e-05 -7.23115126229822e-06 -2.58983675485433e-06 4.18391678109765e-05
16200 8440 -5978 4.23293020593074e-05 -7.00105583341792e-06 -1.09454741749869e-06 4.17147970721126e-05
16200 8240 -5978 4.24908175767554e-05 -6.97315089218318e-06 3.6441000394052e-07 4.17832969874144e-05
16200 8040 -5978 4.36817283059421e-05 -6.77410630416125e-06 1.62742416120818e-06 4.30961298793554e-05
16200 7840 -5978 4.55277348840937e-05 -6.81707073515281e-06 2.93056335585425e-06 4.47816566154361e-05
16400 7840 -5978 4.39740425238028e-05 3.00341267534532e-06 8.6629870113029e-07 4.3862802632153e-05
16400 8040 -5978 4.25623643850084e-05 2.54187322270809e-06 6.85466693227681e-07 4.25682753995061e-05
16400 8240 -5978 4.16540085228594e-05 2.09450952671614e-06 -1.28241848891776e-07 4.16520936787129e-05
16400 8440 -5978 4.14302417105913e-05 1.84601813997233e-06 -9.20397017076312e-07 4.11925508752465e-05
16400 8640 -5978 4.1679233240079e-05 1.66970706931852e-06 -1.543637595576e-06 4.16219540014863e-05
16400 8840 -5978 4.24916727483901e-05 1.93707915644427e-06 -1.96789462486413e-06 4.24018557146192e-05
16400 9040 -5978 4.38729033436846e-05 2.26932295759434e-06 -2.57005479811051e-06 4.38815193027258e-05
16600 9040 -5978 4.26007579171707e-05 9.64292584266514e-06 -4.98429555570965e-07 4.15146787986159e-05
16600 8840 -5978 4.15497817438439e-05 9.38003272563219e-06 -6.26793672401618e-07 4.05427880734205e-05
16600 8640 -5978 4.07648708601446e-05 8.98930633440614e-06 -7.75129533019026e-07 3.9807921089232e-05
16600 8440 -5978 4.08081088990304e-05 9.00630131922662e-06 -5.30795232750279e-07 3.9798323392868e-05
16600 8240 -5978 4.07575432813392e-05 9.33071805071086e-06 -4.680925572261e-07 3.97376164868474e-05
16600 8040 -5978 4.1278978735717e-05 9.81007919460535e-06 -3.6087580044159e-07 4.00940110683441e-05
16600 7840 -5978 4.2731087208083e-05 1.05987402852625e-05 -3.25699240109316e-07 4.12428838387132e-05
16800 7840 -5978 4.13538468120255e-05 1.63790957778692e-05 -1.58035708300849e-06 3.80082637444139e-05
16800 8040 -5978 4.05169965443734e-05 1.55579266250134e-05 -1.04144704501959e-06 3.73964345380664e-05
16800 8240 -5978 4.00315750991161e-05 1.52710379585624e-05 -6.65517945954662e-07 3.70611906051636e-05
16800 8440 -5978 3.99448839185535e-05 1.48875295016915e-05 -2.74800922897384e-07 3.69921845272183e-05
16800 8640 -5978 4.01687718794378e-05 1.49444488342851e-05 -4.69048390914395e-08 3.72598205506802e-05
16800 8840 -5978 4.0752816104252e-05 1.49874178040773e-05 1.91887217148178e-07 3.77815756499767e-05
16800 9040 -5978 4.15024348380149e-05 1.55393098834902e-05 9.54082379407055e-07 3.83958344459534e-05
17000 9040 -5978 4.05893055239297e-05 1.9945413749665e-05 1.68799833373305e-06 3.52681871950626e-05
17000 8840 -5978 3.96929312078448e-05 1.95314636565745e-05 1.15140502205395e-06 3.4402901224792e-05
17000 8640 -5978 3.92384106075229e-05 1.92330341078341e-05 7.0144815321305e-07 3.42013520076871e-05
17000 8440 -5978 3.9153960089133e-05 1.94203232489526e-05 -2.6712185661745e-07 3.40457234606147e-05
17000 8240 -5978 3.94931970470198e-05 1.96082867346704e-05 -7.43250861001798e-07 3.42040658593178e-05
17000 8040 -5978 3.98046931339113e-05 2.01650722362101e-05 -1.45237448832177e-06 3.42881038486957e-05
17000 7840 -5978 4.04235526004641e-05 2.06249360442162e-05 -2.41786215650245e-06 3.46751390323043e-05
17200 7840 -5978 3.96587971300716e-05 2.41276248581707e-05 -2.58927816461255e-06 3.11829768195748e-05
17200 8040 -5978 3.91642198867346e-05 2.3682162322104e-05 -1.79167081170272e-06 3.1046179279685e-05
17200 8240 -5978 3.8859677905617e-05 2.32511622793972e-05 -8.1269884362041e-07 3.10861848890782e-05
17200 8440 -5978 3.8729062198374e-05 2.30301433205604e-05 -9.28234237289871e-08 3.1137503772974e-05
17200 8640 -5978 3.86914636547469e-05 2.28181531466544e-05 6.20314532410703e-07 3.12594054788351e-05
17200 8840 -5978 3.90867819481506e-05 2.32048712857068e-05 1.47435704154554e-06 3.16040194258094e-05
17200 9040 -5978 3.93534813519692e-05 2.32989328019321e-05 2.45802739417923e-06 3.18616971299052e-05
17400 9040 -5978 3.9099738078615e-05 2.63508641906083e-05 3.03278896305528e-06 2.87185484804213e-05
17400 8840 -5978 3.8626704654269e-05 2.60090146884322e-05 1.97249893688968e-06 2.84896948970854e-05
17400 8640 -5978 3.83574622509067e-05 2.57812550403178e-05 1.26341775227411e-06 2.84213945195079e-05
17400 8440 -5978 3.82770137698986e-05 2.59962199777365e-05 -2.2692648460179e-08 2.81745898760855e-05
17400 8240 -5978 3.85699192148782e-05 2.63241214156151e-05 -6.28408372447666e-07 2.80244385041296e-05
17400 8040 -5978 3.86878969227826e-05 2.64332106634975e-05 -1.64864670029783e-06 2.81034165360033e-05
17400 7840 -5978 3.92842693223855e-05 2.70857522673905e-05 -2.6848022524091e-06 2.81194967962802e-05
17600 7840 -5978 3.8899375466584e-05 2.93833746239543e-05 -2.79220521906609e-06 2.53373695835471e-05
17600 8040 -5978 3.83017466444321e-05 2.8930162422359e-05 -1.89433319711861e-06 2.50396353341639e-05
17600 8240 -5978 3.83941642322274e-05 2.88624296635389e-05 -8.15188298731301e-07 2.52017479725182e-05
17600 8440 -5978 3.7947430827938e-05 2.83680777996778e-05 2.9117268594473e-07 2.50911680683494e-05
17600 8640 -5978 3.81818169180849e-05 2.84724301286042e-05 1.39215254967007e-06 2.54249960258603e-05
17600 8840 -5978 3.83423848565943e-05 2.85364224538207e-05 2.19508329182099e-06 2.55145581848919e-05
17600 9040 -5978 3.86883781240342e-05 2.86097260937095e-05 3.38761595197138e-06 2.56613068021834e-05
17800 9040 -5978 3.83249916214604e-05 3.06602490916848e-05 3.56633159684861e-06 2.27735379599035e-05
17800 8840 -5978 3.82833666187405e-05 3.07301435023546e-05 2.59687271544317e-06 2.26349242962897e-05
17800 8640 -5978 3.81429398519165e-05 3.06581074148417e-05 1.45869794167083e-06 2.25624516494572e-05
17800 8440 -5978 3.806801309877e-05 3.08046273887157e-05 4.49663397325821e-07 2.22730979025364e-05
17800 8240 -5978 3.81172745536598e-05 3.08571984171867e-05 -5.91992065881641e-07 2.23552876077592e-05
17800 8040 -5978 3.82989810247661e-05 3.11317735612392e-05 -1.94445721396551e-06 2.23580691255629e-05
17800 7840 -5978 3.83559294824544e-05 3.12314709275961e-05 -2.68626555232913e-06 2.21033148542047e-05
18000 7840 -5978 3.87188685557441e-05 3.33782742992043e-05 -2.76781249703959e-06 1.94230862520635e-05
18000 8040 -5978 3.8438936449033e-05 3.30479399636388e-05 -1.64353676375913e-06 1.95580036528409e-05
18000 8240 -5978 3.83129108845563e-05 3.28035915568471e-05 -5.61394783556352e-07 1.97964633852243e-05
18000 8440 -5978 3.83102360194823e-05 3.28189653232694e-05 4.87821989692748e-07 1.98367466256023e-05
18000 8640 -5978 3.84022471831797e-05 3.27496872618795e-05 1.45930531185013e-06 2.00015249662101e-05
18000 8840 -5978 3.82509565183809e-05 3.25407800078392e-05 2.6674212348953e-06 1.98914893195033e-05
18000 9040 -5978 3.83971955876733e-05 3.23813718706369e-05 3.69079658917326e-06 2.01950253024697e-05
18200 9040 -5978 3.85022735733596e-05 3.40348148271441e-05 3.83887485149898e-06 1.75666006840765e-05
18200 8840 -5978 3.85112174249364e-05 3.41650174185634e-05 2.54242314524163e-06 1.76431436128914e-05
18200 8640 -5978 3.82964011411371e-05 3.41121329665184e-05 1.71924621661719e-06 1.7321111895144e-05
18200 8440 -5978 3.84597644388073e-05 3.43346975743771e-05 7.50223949010433e-07 1.73737009242177e-05
18200 8240 -5978 3.87375781643046e-05 3.47136992812157e-05 -3.05087846980314e-07 1.71769919805229e-05
18200 8040 -5978 3.86053726525928e-05 3.45298464968801e-05 -1.60465719617787e-06 1.70922791324556e-05
18200 7840 -5978 3.89425330639475e-05 3.49983616918326e-05 -2.47441406739381e-06 1.68205832038075e-05
18400 7840 -5978 3.93818509940407e-05 3.6598964177072e-05 -2.41184600609995e-06 1.43174033276737e-05
18400 8040 -5978 3.93123951685964e-05 3.64585699290037e-05 -1.22662620048686e-06 1.46537531297654e-05
18400 8240 -5978 3.88218150801135e-05 3.59764026030898e-05 -3.29581263508771e-07 1.46255621276796e-05
18400 8440 -5978 3.89427184409399e-05 3.59075721427798e-05 8.53594677026649e-07 1.49746652226895e-05
18400 8640 -5978 3.87849311476416e-05 3.57507868334651e-05 1.64875597610353e-06 1.48867361173034e-05
18400 8840 -5978 3.89595158358985e-05 3.58504563644528e-05 2.72973491560879e-06 1.5157880583778e-05
18400 9040 -5978 3.88115075521055e-05 3.56553656905889e-05 3.61693203230971e-06 1.48978461064398e-05
18600 9040 -5978 3.94466124460386e-05 3.7075404882431e-05 3.9330189160537e-06 1.29432974178344e-05
18600 8840 -5978 3.94670473619635e-05 3.7223492205143e-05 2.79592790950119e-06 1.28167844656855e-05
18600 8640 -5978 3.92783934332593e-05 3.70891402438283e-05 1.91197033714343e-06 1.27703020032495e-05
18600 8440 -5978 3.92125336088661e-05 3.71503619253635e-05 1.087430051517e-06 1.25509502738714e-05
18600 8240 -5978 3.95586957231284e-05 3.75094667300582e-05 -1.9452494131815e-07 1.2609925057739e-05
18600 8040 -5978 3.97537867179486e-05 3.77922656014562e-05 -1.23556359371923e-06 1.22711695339531e-05
18600 7840 -5978 3.98000270806312e-05 3.77801448851824e-05 -2.26089765621327e-06 1.22969464305788e-05
18800 7840 -5978 4.04078197416304e-05 3.90446499958634e-05 -1.93566280384766e-06 1.01618175338954e-05
18800 8040 -5978 4.02544390762265e-05 3.8891873113811e-05 -1.08338961326808e-06 1.0270909069106e-05
18800 8240 -5978 4.00751571191665e-05 3.8721488378942e-05 -4.18026569241192e-09 1.0327852553688e-05
18800 8440 -5978 3.99937373172005e-05 3.85861261039972e-05 9.85340621796013e-07 1.04708643741906e-05
18800 8640 -5978 4.00579876415737e-05 3.85337445214391e-05 1.82810489142958e-06 1.06186614558101e-05
18800 8840 -5978 3.99680803299859e-05 3.84860574379563e-05 2.87143454076431e-06 1.05247162971646e-05
18800 9040 -5978 4.00841476768971e-05 3.84283689036965e-05 3.90269400338457e-06 1.07377132587135e-05
19000 9040 -5978 4.05946508701225e-05 3.9522995851934e-05 3.68876531667775e-06 8.50008756387979e-06
19000 8840 -5978 4.08199306885725e-05 3.978885935992e-05 3.01687166253396e-06 8.63511702232063e-06
19000 8640 -5978 4.06585319647435e-05 3.97303314805031e-05 2.05552844272825e-06 8.39764516614377e-06
19000 8440 -5978 4.05682881922407e-05 3.96855422109365e-05 1.05752527877576e-06 8.34757056832314e-06
19000 8240 -5978 4.07902601659556e-05 3.99133208692074e-05 3.05107817166572e-07 8.26108895242214e-06
19000 8040 -5978 4.09429195130541e-05 4.0109837628901e-05 -8.25939298561934e-07 8.17861170880496e-06
19000 7840 -5978 4.11344647979582e-05 4.03227506801486e-05 -1.801631003789e-06 7.93271600548178e-06
