# amount of points in x direction: 66 (distance of 200 steps)
# amount of points in y direction: 11 (distance of 200 steps)
# abs. coordinates of point 1: P1 (, , ) (offsets not corrected)
# Offsets of the hall probe have already been corrected for all following coordinates.
#
# X (absolute in steps=10um) Y (absolute in steps=10um) Z (absolute in steps=10um) Babs(in T) Bx By Bz
6000 15040 -4978 9.27152023358037e-05 4.9570076353848e-05 7.47995787411928e-05 -2.32360302843153e-05
6000 15240 -4978 8.92169260946624e-05 4.8978366188705e-05 7.12487068623305e-05 -2.22192140538245e-05
6000 15440 -4978 8.58677538898784e-05 4.82495831698179e-05 6.78572538644075e-05 -2.08050456158817e-05
6000 15640 -4978 8.27523300277026e-05 4.79616198837757e-05 6.44935065805912e-05 -1.95875106677413e-05
6000 15840 -4978 8.01991404617329e-05 4.78990377038717e-05 6.16326600760221e-05 -1.84400489348918e-05
6000 16040 -4978 7.76474011944829e-05 4.74173535779119e-05 5.88856436759233e-05 -1.78005277160555e-05
6000 16240 -4978 7.54267748974869e-05 4.71990051046014e-05 5.63350400701165e-05 -1.71809234749526e-05
6000 16440 -4978 7.36229125798524e-05 4.72608231157064e-05 5.40732115134597e-05 -1.6169603869319e-05
6000 16640 -4978 7.14091686984908e-05 4.6798939011991e-05 5.15655132234096e-05 -1.58348327465355e-05
6000 16840 -4978 6.95450622887843e-05 4.66387135460973e-05 4.92696099802852e-05 -1.52691612970084e-05
6000 17040 -4978 6.82129661356113e-05 4.65797046646476e-05 4.75421630963683e-05 -1.4935949601233e-05
6200 17040 -4978 6.80076727114348e-05 4.6240008354187e-05 4.79242688640952e-05 -1.3526429021731e-05
6200 16840 -4978 6.9189801708766e-05 4.58814666643739e-05 4.9566087462008e-05 -1.43278806265444e-05
6200 16640 -4978 7.10006221211857e-05 4.64269437640905e-05 5.18625440597534e-05 -1.397054032702e-05
6200 16440 -4978 7.3200389783264e-05 4.68126479610801e-05 5.42970774918795e-05 -1.48523262105882e-05
6200 16240 -4978 7.52974653136252e-05 4.688624766469e-05 5.68874475508928e-05 -1.53364394083619e-05
6200 16040 -4978 7.73648241959721e-05 4.69116106331348e-05 5.92859061807394e-05 -1.61669864803553e-05
6200 15840 -4978 7.98545494453301e-05 4.69584340453148e-05 6.23788109719753e-05 -1.68884381726384e-05
6200 15640 -4978 8.28273185495966e-05 4.75879512131214e-05 6.53773818910122e-05 -1.77054348159581e-05
6200 15440 -4978 8.57474536228329e-05 4.7974849358201e-05 6.85921468287706e-05 -1.85280517302454e-05
6200 15240 -4978 8.93553982605697e-05 4.85913902893662e-05 7.23442579060793e-05 -1.9756939932704e-05
6200 15040 -4978 9.32160501034059e-05 4.91322304606438e-05 7.63435450941324e-05 -2.12282380349934e-05
6400 15040 -4978 9.34012770989392e-05 4.82538947016001e-05 7.77333763390779e-05 -1.87851646989584e-05
6400 15240 -4978 8.94876657593917e-05 4.76528866738081e-05 7.37997560948133e-05 -1.75956324376166e-05
6400 15440 -4978 8.61615584754069e-05 4.73888902142644e-05 6.99951917529106e-05 -1.65147346872836e-05
6400 15640 -4978 8.31023422667284e-05 4.70282190293074e-05 6.6706295773387e-05 -1.56555162165314e-05
6400 15840 -4978 8.01960193910218e-05 4.66639203354716e-05 6.34946938455105e-05 -1.49098597764969e-05
6400 16040 -4978 7.76280860379614e-05 4.66823091134429e-05 6.02554539144039e-05 -1.42190834116191e-05
6400 16240 -4978 7.49227049919997e-05 4.61989826634526e-05 5.73900485038757e-05 -1.37740147411823e-05
6400 16440 -4978 7.29345770619488e-05 4.62390927895903e-05 5.48543057441711e-05 -1.31363254180178e-05
6400 16640 -4978 7.05707108080146e-05 4.56638463884592e-05 5.21680391579866e-05 -1.3250506458804e-05
6400 16840 -4978 6.90627680150943e-05 4.58283560350537e-05 5.00234910547733e-05 -1.27980468440801e-05
6400 17040 -4978 6.74339367950187e-05 4.54007152244449e-05 4.82746354490519e-05 -1.24639751017094e-05
6600 17040 -4978 6.71102952263988e-05 4.50002752915025e-05 4.84402924478054e-05 -1.13231785781682e-05
6600 16840 -4978 6.88034020544132e-05 4.55418461933732e-05 5.03682330697775e-05 -1.10855526244268e-05
6600 16640 -4978 7.03121255022655e-05 4.52092996090651e-05 5.25525294914842e-05 -1.15905366241932e-05
6600 16440 -4978 7.26447167430088e-05 4.56349470987916e-05 5.52270201742649e-05 -1.15503323934972e-05
6600 16240 -4978 7.50337414161624e-05 4.61135800555348e-05 5.79926282763481e-05 -1.17341937208548e-05
6600 16040 -4978 7.69119525425129e-05 4.55173991024494e-05 6.06890799403191e-05 -1.25739589901641e-05
6600 15840 -4978 7.98357199158901e-05 4.60971194654703e-05 6.38902596086264e-05 -1.29163647601381e-05
6600 15640 -4978 8.24048806439976e-05 4.60318157672882e-05 6.70116557180882e-05 -1.39949937388301e-05
6600 15440 -4978 8.56835132891347e-05 4.63564846217632e-05 7.0456631526351e-05 -1.4411897605285e-05
6600 15240 -4978 8.9470787944644e-05 4.70241212099791e-05 7.45498831570148e-05 -1.50808657761663e-05
6600 15040 -4978 9.35000701656158e-05 4.75049509182572e-05 7.88907418847084e-05 -1.60265693850815e-05
6800 15040 -4978 9.35407687455865e-05 4.68796880319714e-05 7.98924624323845e-05 -1.33161429204047e-05
6800 15240 -4978 8.94103252673564e-05 4.59457226246595e-05 7.56158342659474e-05 -1.27709853760898e-05
6800 15440 -4978 8.62022731681531e-05 4.60068519040942e-05 7.18212444931269e-05 -1.19562445650809e-05
6800 15640 -4978 8.27360767165575e-05 4.55699508488178e-05 6.80002755224705e-05 -1.1559942712076e-05
6800 15840 -4978 7.98455964626427e-05 4.56087934151292e-05 6.47141491025686e-05 -1.11034953230992e-05
6800 16040 -4978 7.70919927977572e-05 4.52387641295791e-05 6.14992560148239e-05 -1.08118509436026e-05
6800 16240 -4978 7.45460100112012e-05 4.50731888636947e-05 5.85155786648393e-05 -1.02471587937325e-05
6800 16440 -4978 7.2553316643738e-05 4.49591295570135e-05 5.6096279963851e-05 -9.88648378662765e-06
6800 16640 -4978 7.02260379405924e-05 4.48775692880154e-05 5.32308137491345e-05 -9.8831861524377e-06
6800 16840 -4978 6.83091040791908e-05 4.47106300145388e-05 5.06874908804893e-05 -9.88579819630832e-06
6800 17040 -4978 6.66436111659274e-05 4.469344201684e-05 4.8487371891737e-05 -9.66504371771589e-06
7000 17040 -4978 6.60829153226741e-05 4.39813827723265e-05 4.85989960581064e-05 -8.4099494125694e-06
7000 16840 -4978 6.7872178618543e-05 4.42148125097155e-05 5.10213324651122e-05 -8.05327384796965e-06
7000 16640 -4978 6.95363362911608e-05 4.41974023729563e-05 5.3119483910501e-05 -8.33698720764369e-06
7000 16440 -4978 7.17195481870318e-05 4.42583436146379e-05 5.57751258611679e-05 -8.50380919803865e-06
7000 16240 -4978 7.39890244513117e-05 4.43830875754356e-05 5.85532359629869e-05 -8.62196115078405e-06
7000 16040 -4978 7.6523923039477e-05 4.46068280935288e-05 6.15485955476761e-05 -8.90197514183819e-06
7000 15840 -4978 7.90007400236485e-05 4.42974725738168e-05 6.47613265365362e-05 -9.20985521515832e-06
7000 15640 -4978 8.21657020618557e-05 4.50330136343837e-05 6.82126878648996e-05 -9.12777338502929e-06
7000 15440 -4978 8.56930205128252e-05 4.52425628677011e-05 7.20068409442902e-05 -9.52114163804799e-06
7000 15240 -4978 8.95018545744999e-05 4.57672292217612e-05 7.62684538662434e-05 -1.00147952046245e-05
7000 15040 -4978 9.32087854060775e-05 4.53913337513804e-05 8.06831280738115e-05 -1.08186249993742e-05
7200 15040 -4978 9.26754066071297e-05 4.43725017085672e-05 8.10694477856159e-05 -8.00842574588023e-06
7200 15240 -4978 8.87919715528714e-05 4.40021461695433e-05 7.66764819324017e-05 -7.9920038273558e-06
7200 15440 -4978 8.53000051806737e-05 4.37860145270824e-05 7.28160557299852e-05 -7.62229174643289e-06
7200 15640 -4978 8.17781156653525e-05 4.34991614371538e-05 6.88510751277208e-05 -7.48984998388914e-06
7200 15840 -4978 7.84335166375939e-05 4.33031748533249e-05 6.50069158673286e-05 -7.12407672475092e-06
7200 16040 -4978 7.5939651723162e-05 4.34838896617293e-05 6.20123016685248e-05 -6.8325393027335e-06
7200 16240 -4978 7.37435291057192e-05 4.383823774755e-05 5.88524902164936e-05 -6.62047896516742e-06
7200 16440 -4978 7.13028235020162e-05 4.36964283213019e-05 5.59505178034305e-05 -6.58889753729272e-06
7200 16640 -4978 6.88988174083173e-05 4.34496336504817e-05 5.30208778381348e-05 -6.93380415253341e-06
7200 16840 -4978 6.70647948079587e-05 4.34562070667744e-05 5.06210420802236e-05 -6.83775319205597e-06
7200 17040 -4978 6.57265490280443e-05 4.36525512859225e-05 4.86602603644133e-05 -6.72689232521225e-06
7400 17040 -4978 6.49662087799389e-05 4.29301779195666e-05 4.83737596422434e-05 -5.28685949923965e-06
7400 16840 -4978 6.63825758898049e-05 4.25395615696907e-05 5.06487756669521e-05 -5.6333894841955e-06
7400 16640 -4978 6.85606233715527e-05 4.30922551825643e-05 5.30882652103901e-05 -5.09747797300224e-06
7400 16440 -4978 7.04171701495401e-05 4.28632347434759e-05 5.5628262065351e-05 -5.17855373473958e-06
7400 16240 -4978 7.28198960349523e-05 4.30648270249367e-05 5.86821995228529e-05 -4.83426954266179e-06
7400 16040 -4978 7.51683567568056e-05 4.25615720003843e-05 6.16827665120363e-05 -5.30338737826242e-06
7400 15840 -4978 7.81924122832753e-05 4.31238814219832e-05 6.50593433380127e-05 -4.74949243631272e-06
7400 15640 -4978 8.1089683818943e-05 4.30204145088792e-05 6.8555799856782e-05 -4.94359117885983e-06
7400 15440 -4978 8.46250064470406e-05 4.31289024353028e-05 7.26339627355337e-05 -4.98367424862226e-06
7400 15240 -4978 8.81079254798751e-05 4.29014993384481e-05 7.67774953097105e-05 -5.26156828785315e-06
7400 15040 -4978 9.25663897281785e-05 4.35795051455498e-05 8.14680237621069e-05 -5.15876408720214e-06
7600 15040 -4978 9.1889823843306e-05 4.21964329406619e-05 8.13989083468914e-05 -2.69448786989415e-06
7600 15240 -4978 8.82957293447598e-05 4.24124113991856e-05 7.74024303555489e-05 -2.29040088313195e-06
7600 15440 -4978 8.42331087368042e-05 4.18094997853041e-05 7.30650079101324e-05 -3.02685684579774e-06
7600 15640 -4978 8.08299233139392e-05 4.18056448549032e-05 6.91230740249157e-05 -2.78661058438774e-06
7600 15840 -4978 7.79169095782687e-05 4.2014018163085e-05 6.55298927128315e-05 -2.67511129924969e-06
7600 16040 -4978 7.46919905059852e-05 4.16751800850034e-05 6.20003594309092e-05 -3.13754637046077e-06
7600 16240 -4978 7.23812476792321e-05 4.19363749325275e-05 5.89022161364555e-05 -3.1186626284325e-06
7600 16440 -4978 6.98927610120743e-05 4.18736916556954e-05 5.58545525670052e-05 -3.49376199326071e-06
7600 16640 -4978 6.80368982759644e-05 4.23773908540607e-05 5.31248532831669e-05 -3.30548560095031e-06
7600 16840 -4978 6.59283848773224e-05 4.21766370534897e-05 5.05971385985613e-05 -3.69570591353113e-06
7600 17040 -4978 6.47304218691492e-05 4.27570866346359e-05 4.83641034588218e-05 -3.77099968589027e-06
7800 17040 -4978 6.33223930726197e-05 4.13624176308513e-05 4.7860190756619e-05 -2.92229678314834e-06
7800 16840 -4978 6.49477023726383e-05 4.1280869320035e-05 5.00719941630959e-05 -2.57976400930193e-06
7800 16640 -4978 6.72424190593194e-05 4.1731386244297e-05 5.26981189101934e-05 -1.71539686531287e-06
7800 16440 -4978 6.90896788773176e-05 4.11387038677931e-05 5.53271515071392e-05 -1.58433542715284e-06
7800 16240 -4978 7.16132775747146e-05 4.13656368330121e-05 5.84410553872585e-05 -1.2083427394266e-06
7800 16040 -4978 7.41086676222364e-05 4.09531637057662e-05 6.18248663842678e-05 -1.06107323425385e-06
7800 15840 -4978 7.69693122854732e-05 4.10582334473729e-05 6.51002598106861e-05 -7.24312389575061e-07
7800 15640 -4978 7.99111988677054e-05 4.07847970202565e-05 6.87166181206703e-05 -7.26654190171757e-07
7800 15440 -4978 8.34358369672259e-05 4.08941198661924e-05 7.28196143209934e-05 -6.65469494055287e-07
7800 15240 -4978 8.69289575443454e-05 4.07995515391231e-05 7.68787276893854e-05 -5.16772052978467e-07
7800 15040 -4978 9.13646399570256e-05 4.12263460457325e-05 8.16725823283195e-05 2.54140067463595e-08
8000 15040 -4978 9.03477397203355e-05 3.98199260756374e-05 8.10740863382816e-05 2.07546823106691e-06
8000 15240 -4978 8.64634584114937e-05 3.93997013047338e-05 7.69483799785375e-05 1.55962590525451e-06
8000 15440 -4978 8.30474380346588e-05 3.93939715698361e-05 7.30930988639593e-05 1.54624271668445e-06
8000 15640 -4978 7.99181125329453e-05 3.99599270522594e-05 6.91321705132723e-05 1.84352143572846e-06
8000 15840 -4978 7.62260966967133e-05 3.96386326998472e-05 6.49934377223253e-05 1.31128673371313e-06
8000 16040 -4978 7.32289252651407e-05 3.98114650994539e-05 6.14559814035892e-05 7.59456226514885e-07
8000 16240 -4978 7.09014890249981e-05 4.01372097581625e-05 5.84439194798469e-05 6.55854061100399e-07
8000 16440 -4978 6.90927102045656e-05 4.08471268713474e-05 5.572630828619e-05 9.02829150763864e-07
8000 16640 -4978 6.65680512079903e-05 4.07859625443816e-05 5.25057771056891e-05 -8.66963856005896e-08
8000 16840 -4978 6.45749386584886e-05 4.09254704266787e-05 4.99297321289778e-05 -1.46215429837684e-06
8000 17040 -4978 6.32675182011284e-05 4.16080756932497e-05 4.76490349769592e-05 -1.01132285507629e-06
8200 17040 -4978 6.21506560586917e-05 4.03954640254378e-05 4.723170863837e-05 2.17963807483102e-07
8200 16840 -4978 6.35922437533062e-05 4.00659284293652e-05 4.93878894299269e-05 9.54319156551264e-07
8200 16640 -4978 6.55067666583989e-05 4.00289118140936e-05 5.17001700252295e-05 1.4835630556845e-06
8200 16440 -4978 6.76525379265419e-05 3.96341573223472e-05 5.46446723639965e-05 1.88977160519971e-06
8200 16240 -4978 7.0073181175604e-05 3.96281659975648e-05 5.77312808930874e-05 2.72292196275976e-06
8200 16040 -4978 7.27287944502e-05 3.94119982123375e-05 6.10383946448564e-05 3.18825955185639e-06
8200 15840 -4978 7.5366294251357e-05 3.87605498582125e-05 6.45440820753574e-05 3.27743266451216e-06
8200 15640 -4978 7.84457208645806e-05 3.84377835467458e-05 6.82914975583553e-05 3.54108446868486e-06
8200 15440 -4978 8.22154056462148e-05 3.84389943704009e-05 7.26548362672329e-05 3.85101668428979e-06
8200 15240 -4978 8.59264385152659e-05 3.82299411445856e-05 7.68467292934656e-05 3.91315133866738e-06
8200 15040 -4978 8.96923849135699e-05 3.8128631927073e-05 8.11462374180555e-05 3.57814020190563e-06
8400 15040 -4978 8.9416162252581e-05 3.68322775736451e-05 8.12918724864721e-05 5.37177867020364e-06
8400 15240 -4978 8.59840905340302e-05 3.71256949231029e-05 7.73139793127775e-05 6.28116071689874e-06
8400 15440 -4978 8.20340095921243e-05 3.70078516378999e-05 7.29380851387977e-05 6.32719394308515e-06
8400 15640 -4978 7.875908096536e-05 3.76518069282174e-05 6.88012555539608e-05 6.23119797761319e-06
8400 15840 -4978 7.50460749845825e-05 3.78455694392323e-05 6.46671793013811e-05 5.8119674094487e-06
8400 16040 -4978 7.20556478186626e-05 3.82036706507206e-05 6.08580865412951e-05 5.53278204321396e-06
8400 16240 -4978 6.94116965811534e-05 3.84482999593019e-05 5.7595333814621e-05 4.81685683713295e-06
8400 16440 -4978 6.68883368077337e-05 3.87788965776563e-05 5.43420269042254e-05 4.14619018675148e-06
8400 16640 -4978 6.43312888351537e-05 3.87773500606418e-05 5.1381455346942e-05 2.81761525732509e-06
8400 16840 -4978 6.28561447362617e-05 3.97432153895497e-05 4.86347713470459e-05 2.5727144785651e-06
8400 17040 -4978 6.13090927958608e-05 3.99960010871291e-05 4.64421800971031e-05 1.50444396336388e-06
8600 17040 -4978 6.04312072227331e-05 3.93110336214304e-05 4.58083321377635e-05 2.96473068202613e-06
8600 16840 -4978 6.15566838731631e-05 3.84236456602812e-05 4.79396028369665e-05 3.75628938782165e-06
8600 16640 -4978 6.37682886497022e-05 3.85753134712577e-05 5.06645758524537e-05 4.62260556091496e-06
8600 16440 -4978 6.55398506308854e-05 3.79147616550326e-05 5.31611093878746e-05 5.53457481378428e-06
8600 16240 -4978 6.82923073647054e-05 3.76314546614885e-05 5.64233610853553e-05 6.86139762871608e-06
8600 16040 -4978 7.08615926894842e-05 3.7121856123209e-05 5.97755845785141e-05 7.38252251396625e-06
8600 15840 -4978 7.38120221342563e-05 3.64414944052696e-05 6.37051599621773e-05 8.08122560394986e-06
8600 15640 -4978 7.76605297930326e-05 3.61438979580998e-05 6.8169858366251e-05 8.84200133231934e-06
8600 15440 -4978 8.15075938406464e-05 3.58392577543855e-05 7.26527643501758e-05 8.97837900649756e-06
8600 15240 -4978 8.53826284439628e-05 3.53971875905991e-05 7.71605067402124e-05 7.98320161248557e-06
8600 15040 -4978 8.91036778125806e-05 3.49733297154307e-05 8.17723386436701e-05 6.31082585560216e-06
8800 15040 -4978 9.04851589796243e-05 3.32906638234854e-05 8.37962389588356e-05 7.61135781049961e-06
8800 15240 -4978 8.6632219938456e-05 3.41205391287804e-05 7.8893633171916e-05 1.07919083368033e-05
8800 15440 -4978 8.20613793617576e-05 3.43872258290648e-05 7.35552336573601e-05 1.18834458027268e-05
8800 15640 -4978 7.7410267776457e-05 3.47443323284388e-05 6.8158937767148e-05 1.18134647039697e-05
8800 15840 -4978 7.34799332423014e-05 3.55758057162166e-05 6.32862592786551e-05 1.11805850965902e-05
8800 16040 -4978 7.03814218478083e-05 3.61340237036347e-05 5.95254501402378e-05 1.01489007081836e-05
8800 16240 -4978 6.73883727314553e-05 3.6787026040256e-05 5.57674254924059e-05 8.81914211064577e-06
8800 16440 -4978 6.5015991447413e-05 3.73322734087706e-05 5.26137575954199e-05 7.89032614429016e-06
8800 16640 -4978 6.27028243011014e-05 3.76000333577395e-05 4.97404662519693e-05 6.53536329627968e-06
8800 16840 -4978 6.08685876144289e-05 3.82180054336786e-05 4.715467210114e-05 5.220736829011e-06
8800 17040 -4978 5.95407023978662e-05 3.87786135300994e-05 4.49473780170083e-05 4.44937658231356e-06
9000 17040 -4978 5.82695468835244e-05 3.78881732299924e-05 4.38904658779502e-05 5.67658947047312e-06
9000 16840 -4978 5.98803084142953e-05 3.77018116414547e-05 4.60267559587955e-05 6.86226517765317e-06
9000 16640 -4978 6.12320843283513e-05 3.67849979400635e-05 4.83325765877962e-05 7.75848684529774e-06
9000 16440 -4978 6.33648087653174e-05 3.61733095943928e-05 5.11532506644726e-05 9.08837924990803e-06
9000 16240 -4978 6.5650909710423e-05 3.53483759760857e-05 5.43410722911358e-05 1.05383820682764e-05
9000 16040 -4978 6.83306155088096e-05 3.46040043458343e-05 5.7689341634512e-05 1.1958991959691e-05
9000 15840 -4978 7.2166689484993e-05 3.427903406322e-05 6.19723065942526e-05 1.40724611859769e-05
9000 15640 -4978 7.63844554066218e-05 3.35967035554349e-05 6.68747908324003e-05 1.5258614401333e-05
9000 15440 -4978 8.17653171230412e-05 3.32403520047665e-05 7.28307728618384e-05 1.6623014383018e-05
9000 15240 -4978 8.76547819971983e-05 3.25095991715789e-05 7.98728966861963e-05 1.57800713870674e-05
9000 15040 -4978 9.39946716228376e-05 3.18752217255533e-05 8.76434756815434e-05 1.13161668926477e-05
9200 15040 -4978 0.0001011457259 3.13152419626713e-05 9.33547908216715e-05 2.31188809126616e-05
9200 15240 -4978 9.05404138390113e-05 3.09926764816046e-05 8.15877531319856e-05 2.40421973988414e-05
9200 15440 -4978 8.26270167620494e-05 3.15908204242587e-05 7.2999478444457e-05 2.23678365238011e-05
9200 15640 -4978 7.58606065088027e-05 3.18500605970621e-05 6.59442777782679e-05 1.9502022029832e-05
9200 15840 -4978 7.09210212685518e-05 3.25070338398218e-05 6.07062501907349e-05 1.69308717399836e-05
9200 16040 -4978 6.73308326673871e-05 3.34160942249e-05 5.65470677763224e-05 1.46234896397218e-05
9200 16240 -4978 6.47665223869333e-05 3.46130580231547e-05 5.31663874983788e-05 1.3136833416298e-05
9200 16440 -4978 6.22779331477569e-05 3.5248257778585e-05 5.01266391202807e-05 1.11095153465867e-05
9200 16640 -4978 5.99366034022924e-05 3.56878145262599e-05 4.72286086454988e-05 9.31650921562687e-06
9200 16840 -4978 5.83961029692266e-05 3.65468797236681e-05 4.49128439873457e-05 7.81239275404368e-06
9200 17040 -4978 5.72229024865099e-05 3.73583831563592e-05 4.28270144537091e-05 6.55789538509271e-06
9400 17040 -4978 5.57420949310907e-05 3.6297959022224e-05 4.16349067464471e-05 7.50988274172414e-06
9400 16840 -4978 5.70557561285285e-05 3.57692871540785e-05 4.35390615686774e-05 8.95921434089541e-06
9400 16640 -4978 5.87495938221867e-05 3.53451159074902e-05 4.57118691205979e-05 1.08300617253408e-05
9400 16440 -4978 6.05645712647065e-05 3.4685734167695e-05 4.82679296508431e-05 1.25222320910543e-05
9400 16240 -4978 6.2681945502012e-05 3.36110781654716e-05 5.08352463617921e-05 1.45647390689701e-05
9400 16040 -4978 6.51152361744945e-05 3.23163210451603e-05 5.40254954397679e-05 1.66741615328938e-05
9400 15840 -4978 6.90606889949318e-05 3.15810221061111e-05 5.8128979369998e-05 1.99111125580967e-05
9400 15640 -4978 7.37072303442574e-05 3.0347508829087e-05 6.30316967517137e-05 2.32118443362415e-05
9400 15440 -4978 8.07330788475321e-05 2.9767606370151e-05 6.96020118147135e-05 2.80709789283574e-05
9400 15240 -4978 9.09502270040298e-05 2.9347805801779e-05 7.89227843284607e-05 3.43955454826355e-05
9400 15040 -4978 0.000109034888512918 2.95288757793605e-05 9.51964791864157e-05 4.41692940443754e-05
9600 15040 -4978 0.000108047821083814 2.64559562839568e-05 8.44993126690388e-05 6.18071570396423e-05
9600 15240 -4978 8.84392758364471e-05 2.65204493775964e-05 7.25851533263922e-05 4.30065900981426e-05
9600 15440 -4978 7.80716099728883e-05 2.77628646269441e-05 6.49213163107633e-05 3.32731741368771e-05
9600 15640 -4978 7.11618394268683e-05 2.88669872321188e-05 5.94643106758595e-05 2.64710081145167e-05
9600 15840 -4978 6.69856982167765e-05 3.02811179310083e-05 5.5439443834126e-05 2.2494963709265e-05
9600 16040 -4978 6.33383005517803e-05 3.10350352190435e-05 5.19504639655351e-05 1.86964962240308e-05
9600 16240 -4978 6.11242201412757e-05 3.23848102763295e-05 4.91741219311953e-05 1.64103651251644e-05
9600 16440 -4978 5.88367825951527e-05 3.33000842258334e-05 4.66215367913246e-05 1.38693567998707e-05
9600 16640 -4978 5.70226152761921e-05 3.40559261441231e-05 4.41963647454977e-05 1.16890153987333e-05
9600 16840 -4978 5.5744504473805e-05 3.52194039896131e-05 4.20121252089739e-05 1.01144427182153e-05
9600 17040 -4978 5.48274172116071e-05 3.60248258933425e-05 4.03401902019977e-05 8.92628363711992e-06
9800 17040 -4978 5.30959353310753e-05 3.48144900351763e-05 3.89860165119171e-05 9.33917281159665e-06
9800 16840 -4978 5.42174155209099e-05 3.45179917663336e-05 4.05600389316678e-05 1.06969953750959e-05
9800 16640 -4978 5.50613047898084e-05 3.31587399840355e-05 4.22277565747499e-05 1.24674132931978e-05
9800 16440 -4978 5.65330615895066e-05 3.2217542372644e-05 4.41829681023955e-05 1.44399431198835e-05
9800 16240 -4978 5.83300773950833e-05 3.12202459052205e-05 4.63638282641769e-05 1.66944746635854e-05
9800 16040 -4978 6.06551041969913e-05 3.02475491762161e-05 4.88021594285965e-05 1.9752754855901e-05
9800 15840 -4978 6.34671307905855e-05 2.86264290288091e-05 5.17625772878528e-05 2.30052134171128e-05
9800 15640 -4978 6.65750302800225e-05 2.69972496330738e-05 5.43981206715107e-05 2.72666703686118e-05
9800 15440 -4978 7.1591486718492e-05 2.55967442020774e-05 5.78293069303036e-05 3.35409284159541e-05
9800 15240 -4978 7.80701519907249e-05 2.34666075184941e-05 6.08839078247547e-05 4.26598125621676e-05
9800 15040 -4978 8.7415935632302e-05 2.07029477916658e-05 6.27249300330877e-05 5.74262627437711e-05
10000 15040 -4978 6.68012549499674e-05 1.67977616060525e-05 4.65664172843099e-05 4.49619682878256e-05
10000 15240 -4978 6.72846362730182e-05 2.06495607364923e-05 5.09362000897527e-05 3.88113571032882e-05
10000 15440 -4978 6.47296540680292e-05 2.31809428241104e-05 5.10234869644046e-05 3.24758376665413e-05
10000 15640 -4978 6.26831886616852e-05 2.5691732686013e-05 4.98708728924394e-05 2.80595662407577e-05
10000 15840 -4978 6.00282919245244e-05 2.69086157977581e-05 4.82117411345244e-05 2.34907811582088e-05
10000 16040 -4978 5.80658412508398e-05 2.8711597148329e-05 4.62824205011129e-05 2.01301679555327e-05
10000 16240 -4978 5.6348706960076e-05 3.01711828038096e-05 4.42962247207761e-05 1.76016635876149e-05
10000 16440 -4978 5.50227237570732e-05 3.12625475302339e-05 4.2584679171443e-05 1.54229004587978e-05
10000 16640 -4978 5.37500072544522e-05 3.24780090227723e-05 4.0726264514029e-05 1.32399725615978e-05
10000 16840 -4978 5.26658322247529e-05 3.34379681944847e-05 3.90493321716786e-05 1.1434684897773e-05
10000 17040 -4978 5.16577172493643e-05 3.42966751754284e-05 3.73612378910184e-05 9.81813254021108e-06
10200 17040 -4978 5.06720126127004e-05 3.38564189150929e-05 3.61352372840047e-05 1.08164376961067e-05
10200 16840 -4978 5.13911864602046e-05 3.31763799414039e-05 3.74466449618339e-05 1.17677950374782e-05
10200 16640 -4978 5.23542974156558e-05 3.20871174074709e-05 3.88749367669225e-05 1.38202180499211e-05
10200 16440 -4978 5.29365763671195e-05 3.08166042864323e-05 4.00455234795809e-05 1.5718033157289e-05
10200 16240 -4978 5.42878466365641e-05 2.97079695165157e-05 4.18556749671698e-05 1.75837680436671e-05
10200 16040 -4978 5.55333445675255e-05 2.81065649725497e-05 4.33709527477622e-05 2.0320773165673e-05
10200 15840 -4978 5.6844670269638e-05 2.65014085993171e-05 4.47750417590141e-05 2.30479278042912e-05
10200 15640 -4978 5.81723463017947e-05 2.45787567533553e-05 4.57677191197872e-05 2.63405099958181e-05
10200 15440 -4978 5.85530742606989e-05 2.16186714246869e-05 4.57531180307269e-05 2.95578157193959e-05
10200 15240 -4978 5.8816449201532e-05 1.8993149228394e-05 4.44510947093368e-05 3.33289502412081e-05
10200 15040 -4978 5.5797006385109e-05 1.48720761891454e-05 4.04087203741074e-05 3.54860900789499e-05
10400 15040 -4978 5.10090913880062e-05 1.40758802536875e-05 3.83925378397107e-05 3.02300915718079e-05
10400 15240 -4978 5.32265458388298e-05 1.73417701162398e-05 4.08202112019062e-05 2.9432460334152e-05
10400 15440 -4978 5.38717820873451e-05 2.01288672480732e-05 4.20007707253098e-05 2.72038720026612e-05
10400 15640 -4978 5.39963596507037e-05 2.28185649551451e-05 4.22611928582192e-05 2.48559608981013e-05
10400 15840 -4978 5.33321657740427e-05 2.48057457022369e-05 4.16166384443641e-05 2.22824125364423e-05
10400 16040 -4978 5.2547648949769e-05 2.66521884612739e-05 4.06496996507049e-05 1.97191681172699e-05
10400 16240 -4978 5.21802645018789e-05 2.87032354474068e-05 3.95887933447957e-05 1.80552302002907e-05
10400 16440 -4978 5.14862849636689e-05 3.01864023767412e-05 3.86160401403904e-05 1.58764463141561e-05
10400 16640 -4978 5.04878008889361e-05 3.10702975764871e-05 3.72661400139332e-05 1.39559820815921e-05
10400 16840 -4978 5.01619123862753e-05 3.26043786779046e-05 3.59897925928235e-05 1.25377633469179e-05
10400 17040 -4978 4.93818057606857e-05 3.33862359896302e-05 3.46907375156879e-05 1.09760975418612e-05
10600 17040 -4978 4.8582750357757e-05 3.31948575079441e-05 3.33669768571854e-05 1.15179464705288e-05
10600 16840 -4978 4.82741256266019e-05 3.16113989539444e-05 3.43522608652711e-05 1.23205230562016e-05
10600 16640 -4978 4.8736998672245e-05 3.04835844710469e-05 3.53215114176273e-05 1.41421250533313e-05
10600 16440 -4978 4.99445638532988e-05 2.97749809995294e-05 3.67704298123717e-05 1.60583853302523e-05
10600 16240 -4978 5.04204454743979e-05 2.81852965317666e-05 3.77728564217687e-05 1.78433216027916e-05
10600 16040 -4978 5.05121296699525e-05 2.61479624845088e-05 3.8569331727922e-05 1.93142434712499e-05
10600 15840 -4978 5.06821172377435e-05 2.40628727190197e-05 3.92875154167414e-05 2.1044052939862e-05
10600 15640 -4978 5.1278429865903e-05 2.24825750663877e-05 3.98470042347908e-05 2.34551239050925e-05
10600 15440 -4978 5.06985002195034e-05 1.93010425325483e-05 3.96684268191457e-05 2.4838081818074e-05
10600 15240 -4978 4.97579043241261e-05 1.64413387607783e-05 3.89162944108248e-05 2.63144316747785e-05
10600 15040 -4978 4.851808679183e-05 1.335008479096e-05 3.79922952279449e-05 2.70622520372272e-05
10800 15040 -4978 4.69637701399451e-05 1.27248639855534e-05 3.77278839126229e-05 2.47835072726011e-05
10800 15240 -4978 4.76272739067769e-05 1.56200571209192e-05 3.78105083703995e-05 2.43362525701523e-05
10800 15440 -4978 4.83821494718983e-05 1.87300176210702e-05 3.78980611339211e-05 2.37941515594721e-05
10800 15640 -4978 4.90171023130281e-05 2.14555257707834e-05 3.80188662111759e-05 2.2379807703197e-05
10800 15840 -4978 4.83334580090522e-05 2.32704327218235e-05 3.72012527063489e-05 2.04062495529652e-05
10800 16040 -4978 4.8757151645819e-05 2.56544895283878e-05 3.6748939730227e-05 1.9199542503804e-05
10800 16240 -4978 4.81705076187175e-05 2.69907434843481e-05 3.57592263296247e-05 1.74512629713863e-05
10800 16440 -4978 4.78473812324209e-05 2.8554926071316e-05 3.50050470754504e-05 1.5912692129612e-05
10800 16640 -4978 4.77277984269001e-05 3.03885304071009e-05 3.38675520941615e-05 1.46387762669474e-05
10800 16840 -4978 4.73660154064774e-05 3.15004438571632e-05 3.28705983012915e-05 1.2913464365527e-05
10800 17040 -4978 4.71390389088179e-05 3.24881969280541e-05 3.20790215544403e-05 1.17278482988477e-05
11000 17040 -4978 4.56726174355473e-05 3.16827052980662e-05 3.05853050090373e-05 1.16184999831021e-05
11000 16840 -4978 4.58940261953963e-05 3.07547475621104e-05 3.13226915448904e-05 1.30621540360153e-05
11000 16640 -4978 4.61312982210812e-05 2.95874545201659e-05 3.23714989721775e-05 1.41016697734594e-05
11000 16440 -4978 4.64241141640321e-05 2.82394048720598e-05 3.34346129745245e-05 1.55471269246191e-05
11000 16240 -4978 4.6652335323869e-05 2.67343575768173e-05 3.42562275603414e-05 1.69374631866813e-05
11000 16040 -4978 4.69920811771853e-05 2.4994981020689e-05 3.51470493674278e-05 1.86598911546171e-05
11000 15840 -4978 4.69698646752297e-05 2.29744559526444e-05 3.58894477412105e-05 1.98552162051201e-05
11000 15640 -4978 4.67385457468812e-05 2.06823319457471e-05 3.62609775811434e-05 2.08704232424498e-05
11000 15440 -4978 4.69836517360387e-05 1.8380777426064e-05 3.69333480075002e-05 2.23961336687207e-05
11000 15240 -4978 4.6370318097899e-05 1.56130209248513e-05 3.71527979969978e-05 2.27268023192883e-05
11000 15040 -4978 4.52814947095894e-05 1.16962585849687e-05 3.72177937626839e-05 2.29678481332958e-05
11200 15040 -4978 4.48124794737602e-05 1.17148141283542e-05 3.7208821117878e-05 2.20550465323031e-05
11200 15240 -4978 4.47778008444777e-05 1.44450808726251e-05 3.6536225952208e-05 2.15138796903193e-05
11200 15440 -4978 4.50854714638651e-05 1.74160783160478e-05 3.57840462550521e-05 2.12550718076527e-05
11200 15640 -4978 4.49725643083556e-05 1.95805348493159e-05 3.50931592062116e-05 2.02772079221904e-05
11200 15840 -4978 4.50891338634317e-05 2.17689212411642e-05 3.44904150515795e-05 1.92017748914659e-05
11200 16040 -4978 4.50931206355592e-05 2.39236066192389e-05 3.36650213375688e-05 1.81029531657696e-05
11200 16240 -4978 4.55230466970547e-05 2.62840069010854e-05 3.29156715497375e-05 1.72513139285147e-05
11200 16440 -4978 4.49550543992438e-05 2.75329007357359e-05 3.18893995583057e-05 1.56300010886043e-05
11200 16640 -4978 4.48065252906451e-05 2.88700140863657e-05 3.11596378944814e-05 1.4189040677622e-05
11200 16840 -4978 4.50219176746685e-05 3.05875122770667e-05 3.03040543347597e-05 1.31545222140849e-05
11200 17040 -4978 4.50394712631308e-05 3.16715284176171e-05 2.948354472965e-05 1.191791185271e-05
11400 17040 -4978 4.33348015399133e-05 3.08919860720634e-05 2.81662252917886e-05 1.1884476386942e-05
11400 16840 -4978 4.41541622358494e-05 3.03171295486391e-05 2.90503029152751e-05 1.33845070507377e-05
11400 16640 -4978 4.35817263915993e-05 2.86092379130423e-05 2.96177822463214e-05 1.40686162747443e-05
11400 16440 -4978 4.35320165311544e-05 2.70173409990966e-05 3.05582565180957e-05 1.52728129755706e-05
11400 16240 -4978 4.38061963033533e-05 2.55895097106695e-05 3.15577748939395e-05 1.65739148594439e-05
11400 16040 -4978 4.40717869257574e-05 2.39094230309129e-05 3.25187175199389e-05 1.7658073246479e-05
11400 15840 -4978 4.40391925347058e-05 2.19525386840105e-05 3.3251593016088e-05 1.88376638330519e-05
11400 15640 -4978 4.39608353514555e-05 1.94922982156277e-05 3.41427911147475e-05 1.96691425833851e-05
11400 15440 -4978 4.38820737049235e-05 1.7053817756474e-05 3.48337420150638e-05 2.02494892496616e-05
11400 15240 -4978 4.43109036607149e-05 1.46568598113954e-05 3.60623679608107e-05 2.12226126156747e-05
11400 15040 -4978 4.43048726646326e-05 1.14580991109833e-05 3.69998512938619e-05 2.16263326480985e-05
11600 15040 -4978 4.34399786406774e-05 1.08716395655647e-05 3.66764796003699e-05 2.07460293062031e-05
11600 15240 -4978 4.31357712290027e-05 1.34741597287357e-05 3.54844206050038e-05 2.04110448732972e-05
11600 15440 -4978 4.34539799558163e-05 1.68509113155305e-05 3.44840886667371e-05 2.03750531449914e-05
11600 15640 -4978 4.29437709270465e-05 1.90440347641706e-05 3.33559931665659e-05 1.90916620735079e-05
11600 15840 -4978 4.27732608808767e-05 2.11571985892951e-05 3.23360830321908e-05 1.8126771427691e-05
11600 16040 -4978 4.25175322110525e-05 2.29054401889443e-05 3.13925960250199e-05 1.73565654456615e-05
11600 16240 -4978 4.26195749846616e-05 2.48893797062337e-05 3.05373931378126e-05 1.6322394374758e-05
11600 16440 -4978 4.29739759118164e-05 2.67903212234378e-05 2.97771149724722e-05 1.55680672638118e-05
11600 16640 -4978 4.29611350416872e-05 2.83060750178993e-05 2.88404726721346e-05 1.43939050491899e-05
11600 16840 -4978 4.26509774704054e-05 2.95573237091303e-05 2.77948592789471e-05 1.29533425839618e-05
11600 17040 -4978 4.28247529837323e-05 3.07510216236115e-05 2.72520776391029e-05 1.22129769055173e-05
11800 17040 -4978 4.17434162372829e-05 3.0224450930953e-05 2.60285450704396e-05 1.22749642441049e-05
11800 16840 -4978 4.21835880749104e-05 2.97117197066545e-05 2.67795790284872e-05 1.33986179139465e-05
11800 16640 -4978 4.15635492324247e-05 2.77724282927811e-05 2.74475091360509e-05 1.38880202331347e-05
11800 16440 -4978 4.2109901565958e-05 2.67993162162602e-05 2.85953210927546e-05 1.55114287678152e-05
11800 16240 -4978 4.17784925203859e-05 2.49116774797439e-05 2.93258720524609e-05 1.63473046757281e-05
11800 16040 -4978 4.17758271925749e-05 2.30410461761057e-05 3.02679514698684e-05 1.72353522498161e-05
11800 15840 -4978 4.21115885296039e-05 2.12761767059565e-05 3.14225708693266e-05 1.82594783250242e-05
11800 15640 -4978 4.24644304989668e-05 1.93053478300571e-05 3.25718932375312e-05 1.92250662855804e-05
11800 15440 -4978 4.25215229105831e-05 1.64806714188308e-05 3.39066631197929e-05 1.96202901583165e-05
11800 15240 -4978 4.21092927404097e-05 1.34204164408147e-05 3.45394379720092e-05 1.99402920305729e-05
11800 15040 -4978 4.33319267287809e-05 1.0796903360635e-05 3.66145278662443e-05 2.04242873005569e-05
12000 15040 -4978 4.29475508067612e-05 1.05308005549014e-05 3.64435291364789e-05 2.01179670654237e-05
12000 15240 -4978 4.26147822276405e-05 1.35196543829516e-05 3.50005171820521e-05 2.02040195669979e-05
12000 15440 -4978 4.16245605958903e-05 1.58393658436835e-05 3.34050761014223e-05 1.92453006096184e-05
12000 15640 -4978 4.13303386961061e-05 1.82586984205991e-05 3.20315510556102e-05 1.8822062028572e-05
12000 15840 -4978 4.15622552932198e-05 2.09937087446451e-05 3.08773072808981e-05 1.81533334478736e-05
12000 16040 -4978 4.12981907426338e-05 2.2892400816083e-05 2.95404259674251e-05 1.75738947633654e-05
12000 16240 -4978 4.08156418837548e-05 2.43645166829228e-05 2.82369518615305e-05 1.64045671746135e-05
12000 16440 -4978 4.13364265158961e-05 2.63620522506535e-05 2.77187547124922e-05 1.55699805729091e-05
12000 16640 -4978 4.07567215916092e-05 2.74290208294988e-05 2.65478548072279e-05 1.42818267866969e-05
12000 16840 -4978 4.06431734188665e-05 2.8763470724225e-05 2.5420235902071e-05 1.32626607660204e-05
12000 17040 -4978 4.06449168075952e-05 2.99199205562472e-05 2.47283854484558e-05 1.21806872282177e-05
12200 17040 -4978 4.0045531460865e-05 2.96836516968906e-05 2.39436512738466e-05 1.21949853794649e-05
12200 16840 -4978 4.03068696658443e-05 2.89238151684403e-05 2.46097138412297e-05 1.34801355600357e-05
12200 16640 -4978 4.02267083423245e-05 2.75297677144408e-05 2.55038033463061e-05 1.44864063356072e-05
12200 16440 -4978 4.01602248619755e-05 2.60276446714997e-05 2.63986877016723e-05 1.54387492649257e-05
12200 16240 -4978 3.99622489940416e-05 2.41362413652241e-05 2.73822864480317e-05 1.60659390147775e-05
12200 16040 -4978 4.02593451814727e-05 2.23551094718277e-05 2.86371918693185e-05 1.72829348519444e-05
12200 15840 -4978 4.05654243427783e-05 2.0553517267108e-05 2.99744495823979e-05 1.81293366681784e-05
12200 15640 -4978 4.07231144529643e-05 1.83587080668658e-05 3.1110894009471e-05 1.87970430739224e-05
12200 15440 -4978 4.07621049908787e-05 1.55452295523137e-05 3.25304879322648e-05 1.89513332024217e-05
12200 15240 -4978 4.21742263974227e-05 1.36978375902399e-05 3.4390404805541e-05 2.02072926163673e-05
12200 15040 -4978 4.23414155404495e-05 9.9759162478149e-06 3.60850730091333e-05 1.99812577031553e-05
12400 15040 -4978 4.25979932563215e-05 1.0159270003438e-05 3.59387222751975e-05 2.03461042530835e-05
12400 15240 -4978 4.13786205453212e-05 1.25559521205723e-05 3.40580657571554e-05 1.98336516432464e-05
12400 15440 -4978 4.092778721506e-05 1.54722014572471e-05 3.23319386541844e-05 1.97962164208293e-05
12400 15640 -4978 4.05310774268342e-05 1.79881470948458e-05 3.07400186806917e-05 1.93454401083291e-05
12400 15840 -4978 4.01374465011869e-05 2.01903609260917e-05 2.91588613204658e-05 1.8461141590029e-05
12400 16040 -4978 3.97020267963921e-05 2.21552923955023e-05 2.78617315366864e-05 1.75480802040547e-05
12400 16240 -4978 3.93037242183823e-05 2.36938602365553e-05 2.67096403203905e-05 1.65040835719556e-05
12400 16440 -4978 3.92073233562224e-05 2.53863187432289e-05 2.5539513900876e-05 1.56082611167803e-05
12400 16640 -4978 3.95069854003197e-05 2.70595948733389e-05 2.47073286734521e-05 1.47691614702344e-05
12400 16840 -4978 3.92282833041647e-05 2.83240262754262e-05 2.36034626886249e-05 1.3211262030527e-05
12400 17040 -4978 3.9065299393826e-05 2.92619207799435e-05 2.26126343235374e-05 1.24989185417071e-05
12600 17040 -4978 3.85600096156594e-05 2.90806700438261e-05 2.19118108488619e-05 1.27483943980187e-05
12600 16840 -4978 3.88272627202162e-05 2.83583281524479e-05 2.26464567407966e-05 1.38538189604878e-05
12600 16640 -4978 3.86894312830669e-05 2.6910921536386e-05 2.35091156326234e-05 1.48984649833292e-05
12600 16440 -4978 3.84799191189242e-05 2.51825342513621e-05 2.45741378068924e-05 1.55774161890149e-05
12600 16240 -4978 3.91265309069516e-05 2.41968891695142e-05 2.56863510794938e-05 1.71441030297428e-05
12600 16040 -4978 3.89916103310288e-05 2.20052500814199e-05 2.69344268776476e-05 1.77068979777396e-05
12600 15840 -4978 3.94110490272878e-05 2.03584403581917e-05 2.81749799028039e-05 1.86213719397783e-05
12600 15640 -4978 3.95969108227519e-05 1.77521758936346e-05 2.98093872144818e-05 1.90647850744426e-05
12600 15440 -4978 4.01450164133805e-05 1.52741744145751e-05 3.16003211736679e-05 1.961123746261e-05
12600 15240 -4978 4.07531708438298e-05 1.22270563952625e-05 3.3373923279345e-05 1.99589217565954e-05
12600 15040 -4978 4.20451016129311e-05 9.64101801626384e-06 3.54336610659957e-05 2.05318606346846e-05
12800 15040 -4978 4.24906201208441e-05 9.89622242702171e-06 3.54673304855824e-05 2.12764032147825e-05
12800 15240 -4978 4.08857601748149e-05 1.22342947330326e-05 3.32523157075048e-05 2.04645999409258e-05
12800 15440 -4978 4.00949042928949e-05 1.51378657389432e-05 3.11927489861846e-05 2.03233607634902e-05
12800 15640 -4978 3.93095282196367e-05 1.72108427714556e-05 2.94050848707557e-05 1.9589550646022e-05
12800 15840 -4978 3.89952467733507e-05 1.994195478037e-05 2.75808434747159e-05 1.89373859651387e-05
12800 16040 -4978 3.81690299233557e-05 2.14646543562412e-05 2.5989833753556e-05 1.79073169436306e-05
12800 16240 -4978 3.83817419564615e-05 2.36197445876896e-05 2.49290804043412e-05 1.74175497144461e-05
12800 16440 -4978 3.79164402567873e-05 2.49824273958802e-05 2.33585195317864e-05 1.61226503979415e-05
12800 16640 -4978 3.78668590782306e-05 2.66094717755914e-05 2.21669105105102e-05 1.51587936859578e-05
12800 16840 -4978 3.79418598659946e-05 2.79831960052252e-05 2.15660140030086e-05 1.3886207010597e-05
12800 17040 -4978 3.83276017907638e-05 2.95023995786905e-05 2.07045644894242e-05 1.30358922760934e-05
13000 17040 -4978 3.72278024133723e-05 2.8972945522517e-05 1.96064140051603e-05 1.29229187835008e-05
13000 16840 -4978 3.7540703407875e-05 2.81520491950214e-05 2.04506523385644e-05 1.4409285325557e-05
13000 16640 -4978 3.71420216118578e-05 2.64485362991691e-05 2.12599201723933e-05 1.51884917262942e-05
13000 16440 -4978 3.70045906993063e-05 2.48932186737657e-05 2.21895505860448e-05 1.61822507437319e-05
13000 16240 -4978 3.77092287051817e-05 2.33856024295092e-05 2.37864477783442e-05 1.75870529264212e-05
13000 16040 -4978 3.77420589172714e-05 2.14170604348183e-05 2.53026171810925e-05 1.82761800084263e-05
13000 15840 -4978 3.84609829546771e-05 1.96534398905933e-05 2.68457123711705e-05 1.90272105932236e-05
13000 15640 -4978 3.92647310251947e-05 1.79142392519861e-05 2.86230818964541e-05 2.00939749311656e-05
13000 15440 -4978 3.96493836806838e-05 1.49424899723381e-05 3.03835449442267e-05 2.05851899199188e-05
13000 15240 -4978 4.03743495541908e-05 1.19888644134626e-05 3.25208015665412e-05 2.06915463134646e-05
13000 15040 -4978 4.16838416973638e-05 9.12238516705111e-06 3.49015969634056e-05 2.08854800499976e-05
13200 15040 -4978 4.24641862420318e-05 9.33784680778626e-06 3.4966113358736e-05 2.19053196292371e-05
13200 15240 -4978 4.06388366061317e-05 1.17788780974224e-05 3.23659901544452e-05 2.13209442123771e-05
13200 15440 -4978 3.95820395503692e-05 1.45057129319757e-05 2.99397909045219e-05 2.1354772426188e-05
13200 15640 -4978 3.86358738974799e-05 1.68602081015706e-05 2.79701848775148e-05 2.0709475826472e-05
13200 15840 -4978 3.83785783822686e-05 1.94090392589569e-05 2.62272395044565e-05 2.02073348481208e-05
13200 16040 -4978 3.75386066374041e-05 2.12328225746751e-05 2.42421968542039e-05 1.91692990977317e-05
13200 16240 -4978 3.68859984028855e-05 2.29204651415348e-05 2.26974562741816e-05 1.79852206781507e-05
13200 16440 -4978 3.69210936549983e-05 2.47789515629411e-05 2.14542477615178e-05 1.69805202633142e-05
13200 16640 -4978 3.643076608886e-05 2.593482625857e-05 2.02584004178643e-05 1.55626508910209e-05
13200 16840 -4978 3.73200621873259e-05 2.82651642374694e-05 1.9394876472652e-05 1.47548737339675e-05
13200 17040 -4978 3.69178243281454e-05 2.91864859834313e-05 1.81975021697581e-05 1.34266499783844e-05
13400 17040 -4978 3.6312285812007e-05 2.88407970108092e-05 1.72737730629742e-05 1.39533391613513e-05
13400 16840 -4978 3.65032349992063e-05 2.79088310338557e-05 1.80428621768951e-05 1.50561624150723e-05
13400 16640 -4978 3.67113169302899e-05 2.66301492229104e-05 1.91896948944777e-05 1.63016465399414e-05
13400 16440 -4978 3.64541417710403e-05 2.46863806881011e-05 2.03814393728971e-05 1.74380041826516e-05
13400 16240 -4978 3.65855703372966e-05 2.28896700702608e-05 2.17798688001931e-05 1.84446272943169e-05
13400 16040 -4978 3.71490968992287e-05 2.14140658415854e-05 2.3161839094013e-05 1.96532714050263e-05
13400 15840 -4978 3.78427002462944e-05 1.9548540532589e-05 2.50149265788496e-05 2.05016806572676e-05
13400 15640 -4978 3.85904183550867e-05 1.71641173399985e-05 2.729023527354e-05 2.13330927155912e-05
13400 15440 -4978 3.93104992446792e-05 1.44542657267302e-05 2.93255148902535e-05 2.18125292882323e-05
13400 15240 -4978 4.0334954524429e-05 1.17183242756873e-05 3.16980758160353e-05 2.20312626212835e-05
13400 15040 -4978 4.20616050232366e-05 8.82922853250057e-06 3.46646395102143e-05 2.212659278512e-05
13600 15040 -4978 4.279961243103e-05 8.80096425954252e-06 3.48594195097685e-05 2.31185674965382e-05
13600 15240 -4978 4.13697844828682e-05 1.15877721346915e-05 3.20855718031526e-05 2.32987855784595e-05
13600 15440 -4978 3.97564221122428e-05 1.43626339714974e-05 2.90569876395166e-05 2.31645331121981e-05
13600 15640 -4978 3.80937748964185e-05 1.63614341486245e-05 2.63845524899661e-05 2.201026019454e-05
13600 15840 -4978 3.80436604026329e-05 1.93147883377969e-05 2.45789699591696e-05 2.19132045693696e-05
13600 16040 -4978 3.71259306117326e-05 2.13090961761773e-05 2.22730266302824e-05 2.07553305942565e-05
13600 16240 -4978 3.63598891205179e-05 2.28756259158254e-05 2.04740226641297e-05 1.96822165772319e-05
13600 16440 -4978 3.61288707245602e-05 2.45858307182789e-05 1.91135740764439e-05 1.81499716434628e-05
13600 16640 -4978 3.56511168451353e-05 2.60073798075318e-05 1.78171415291727e-05 1.66529366187751e-05
13600 16840 -4978 3.56926744454195e-05 2.75087426230311e-05 1.67025161869824e-05 1.54357390943915e-05
13600 17040 -4978 3.60677653681704e-05 2.91076198518276e-05 1.58698164559901e-05 1.40408183364198e-05
13800 17040 -4978 3.52180628442797e-05 2.86257611997426e-05 1.4642965324223e-05 1.45052718836814e-05
13800 16840 -4978 3.56866243082132e-05 2.79487033449113e-05 1.54953287914395e-05 1.60515080112964e-05
13800 16640 -4978 3.52639561231142e-05 2.61145300231874e-05 1.64620027840137e-05 1.70102982763201e-05
13800 16440 -4978 3.57681425108238e-05 2.46731500737369e-05 1.78394588120282e-05 1.87709720954299e-05
13800 16240 -4978 3.63591552545977e-05 2.29824586212635e-05 1.9303420394659e-05 2.0288138024509e-05
13800 16040 -4978 3.68752505580313e-05 2.12927807681263e-05 2.11360391043127e-05 2.15521167740226e-05
13800 15840 -4978 3.73479826635106e-05 1.90380265787244e-05 2.3010964371264e-05 2.24496634192765e-05
13800 15640 -4978 3.90191601596098e-05 1.72790073566139e-05 2.57089412882924e-05 2.37189334221184e-05
13800 15440 -4978 4.06310555670011e-05 1.49316784478724e-05 2.85725816600025e-05 2.47292384132743e-05
13800 15240 -4978 4.18661969861821e-05 1.1956426915247e-05 3.15518167801201e-05 2.49296278655529e-05
13800 15040 -4978 4.35348871851192e-05 8.25008334941231e-06 3.51792398393154e-05 2.42366811558604e-05
14000 15040 -4978 4.51039030756995e-05 8.23737720632926e-06 3.55865097343922e-05 2.63732366152108e-05
14000 15240 -4978 4.26673230253761e-05 1.11697027892806e-05 3.14680328778923e-05 2.64918960519135e-05
14000 15440 -4978 4.1257785855908e-05 1.41466435845941e-05 2.83198142386973e-05 2.64587507359683e-05
14000 15640 -4978 3.99382684441931e-05 1.70238495189696e-05 2.51415246427059e-05 2.58512853831053e-05
14000 15840 -4978 3.80680938913845e-05 1.90444276370108e-05 2.22511004470289e-05 2.43657095171511e-05
14000 16040 -4978 3.71936980330906e-05 2.11924334652722e-05 1.99926918968558e-05 2.29897189624608e-05
14000 16240 -4978 3.58707451771677e-05 2.27624652869999e-05 1.7915732268244e-05 2.10241404287517e-05
14000 16440 -4978 3.57528792218508e-05 2.4742415189743e-05 1.66124735251069e-05 1.97511262111366e-05
14000 16640 -4978 3.47980411787782e-05 2.59001435078681e-05 1.50409143045545e-05 1.78684235028923e-05
14000 16840 -4978 3.49216487561023e-05 2.75153441913426e-05 1.40637278389186e-05 1.62957406584173e-05
14000 17040 -4978 3.4791419672264e-05 2.86827506460249e-05 1.30697579551488e-05 1.46915759053081e-05
14200 17040 -4978 3.44626452667597e-05 2.86569324396551e-05 1.17030120184645e-05 1.53403330752626e-05
14200 16840 -4978 3.42646894411637e-05 2.73897991627455e-05 1.24551135702059e-05 1.63932300135493e-05
14200 16640 -4978 3.4873099930478e-05 2.64145903512836e-05 1.33313478715718e-05 1.85867840759456e-05
14200 16440 -4978 3.51027117527652e-05 2.46396255791187e-05 1.4531967997551e-05 2.02280266582966e-05
14200 16240 -4978 3.55537169862524e-05 2.28656949736178e-05 1.60006587579846e-05 2.2148764654994e-05
14200 16040 -4978 3.63762125467143e-05 2.08286675363779e-05 1.80365121364594e-05 2.39962431564927e-05
14200 15840 -4978 3.8026982231789e-05 1.91153975836933e-05 2.04681541472673e-05 2.57377717196941e-05
14200 15640 -4978 3.97201421589861e-05 1.70423078481108e-05 2.3403377905488e-05 2.7194325491786e-05
14200 15440 -4978 4.20292054616262e-05 1.43778113769367e-05 2.71056948341429e-05 2.86065570116043e-05
14200 15240 -4978 4.42071603104361e-05 1.13112540105358e-05 3.12216854244471e-05 2.92864830084145e-05
14200 15040 -4978 4.70790401721336e-05 8.36562977801077e-06 3.60980677977204e-05 2.90359875634313e-05
14400 15040 -4978 4.92555702832512e-05 8.43885359086562e-06 3.61995352655649e-05 3.24366041049361e-05
14400 15240 -4978 4.60944360343958e-05 1.11196777038276e-05 3.09847661480307e-05 3.22644396796823e-05
14400 15440 -4978 4.34797055031613e-05 1.40066805575043e-05 2.62457688786089e-05 3.17524993009865e-05
14400 15640 -4978 4.05073202627448e-05 1.63903222512454e-05 2.23042771033943e-05 2.98522815071046e-05
14400 15840 -4978 3.88769506069824e-05 1.91614891812205e-05 1.90161431394517e-05 2.81412769407034e-05
14400 16040 -4978 3.69965246856458e-05 2.09353612065315e-05 1.64993290007114e-05 2.56457627415657e-05
14400 16240 -4978 3.5966071634672e-05 2.30018934160471e-05 1.45751750208437e-05 2.34954353272915e-05
14400 16440 -4978 3.49839953621995e-05 2.46330809667707e-05 1.30263705495745e-05 2.12450199909508e-05
14400 16640 -4978 3.44786978539248e-05 2.61786073595285e-05 1.16929233912379e-05 1.91784094311297e-05
14400 16840 -4978 3.4183947636193e-05 2.75129895992577e-05 1.08092852048576e-05 1.70940222665668e-05
14400 17040 -4978 3.43078083815648e-05 2.89051883295178e-05 1.01554601695389e-05 1.54209773652256e-05
14600 17040 -4978 3.3992960582513e-05 2.89581851959229e-05 8.44455890060635e-06 1.56727248523384e-05
14600 16840 -4978 3.40939477867989e-05 2.78522264659405e-05 8.77657683799043e-06 1.74584165904671e-05
14600 16640 -4978 3.41047625533504e-05 2.63410234600306e-05 9.59410250978544e-06 1.93404011949897e-05
14600 16440 -4978 3.46839262251984e-05 2.48757745847106e-05 1.08056163905421e-05 2.16551445908844e-05
14600 16240 -4978 3.58336285226736e-05 2.31119025610387e-05 1.21942157140002e-05 2.4656429219991e-05
14600 16040 -4978 3.74372813912869e-05 2.14616503119469e-05 1.41478238459676e-05 2.71981312632561e-05
14600 15840 -4978 3.94109063843523e-05 1.9549492591992e-05 1.67460487615317e-05 2.98430349044502e-05
14600 15640 -4978 4.19651521172265e-05 1.70351948812604e-05 2.02065219990909e-05 3.2622314915061e-05
14600 15440 -4978 4.51605846572558e-05 1.45380124505609e-05 2.45311606898904e-05 3.52452484741807e-05
14600 15240 -4978 4.91554600077722e-05 1.19586231452413e-05 3.00490972548723e-05 3.6893457762897e-05
14600 15040 -4978 5.30455070117852e-05 8.72888765973039e-06 3.65887587144971e-05 3.72269785702229e-05
14800 15040 -4978 5.82996591770155e-05 8.60101699532242e-06 3.71501883342862e-05 4.40991640910506e-05
14800 15240 -4978 5.28821911952824e-05 1.1325416976586e-05 2.88753800876439e-05 4.2757409222424e-05
14800 15440 -4978 4.76783982414185e-05 1.42769631203264e-05 2.23547126837075e-05 3.97607518360019e-05
14800 15640 -4978 4.36502990100173e-05 1.69451637454331e-05 1.76667926032096e-05 3.62046790793538e-05
14800 15840 -4978 3.99277389210667e-05 1.89591073654592e-05 1.42287580501288e-05 3.22856895923615e-05
14800 16040 -4978 3.71063103416616e-05 2.07924631163478e-05 1.14447849420831e-05 2.84372179210186e-05
14800 16240 -4978 3.5477082473672e-05 2.28494660034776e-05 9.67426612880081e-06 2.5356140460819e-05
14800 16440 -4978 3.46365146358052e-05 2.49053348824382e-05 8.57669607317075e-06 2.25799336321652e-05
14800 16640 -4978 3.37249943658758e-05 2.61746177226305e-05 7.37492594076321e-06 2.01920677423477e-05
14800 16840 -4978 3.36796744022492e-05 2.78809663578868e-05 6.8906960953027e-06 1.76250056140125e-05
14800 17040 -4978 3.3816115735758e-05 2.92025206722319e-05 6.59585063997656e-06 1.57237789407372e-05
15000 17040 -4978 3.36794243794217e-05 2.94213599041104e-05 4.56123966891028e-06 1.58378919232637e-05
15000 16840 -4978 3.36311968349234e-05 2.82057538032532e-05 4.90596947952872e-06 1.7785647675395e-05
15000 16640 -4978 3.35981919820836e-05 2.65515486113727e-05 5.21445071953349e-06 2.01014718338847e-05
15000 16440 -4978 3.42264945225863e-05 2.50035595819354e-05 5.58745216690659e-06 2.27780033536255e-05
15000 16240 -4978 3.58824707611183e-05 2.3445332929492e-05 6.96371279750019e-06 2.61655133254826e-05
15000 16040 -4978 3.74892035206061e-05 2.13796247988939e-05 7.95630761349457e-06 2.97497763559222e-05
15000 15840 -4978 3.98459689071511e-05 1.925148550421e-05 1.00176934432238e-05 3.3565580971539e-05
15000 15640 -4978 4.4104831790818e-05 1.70090066939592e-05 1.32942256629467e-05 3.84251786991954e-05
15000 15440 -4978 5.03733899733249e-05 1.4722238169983e-05 1.82716802880168e-05 4.47434182539582e-05
15000 15240 -4978 5.77785803527983e-05 1.18651394993067e-05 2.52950863838196e-05 5.05017100349069e-05
15000 15040 -4978 6.70556121997943e-05 9.04635739931837e-06 3.63441342636943e-05 5.57494272664189e-05
15200 15040 -4978 8.00340334026685e-05 9.13173685641959e-06 3.16909206397832e-05 7.29205535799265e-05
15200 15240 -4978 6.39431211142222e-05 1.15164705272764e-05 1.96830539442599e-05 5.97891807407141e-05
15200 15440 -4978 5.3123560743686e-05 1.42978527769446e-05 1.25373048055917e-05 4.96678127795458e-05
15200 15640 -4978 4.58694007719707e-05 1.67998973634094e-05 8.5998154161498e-06 4.18221118450165e-05
15200 15840 -4978 4.07176461948147e-05 1.88696051705629e-05 6.1394772042986e-06 3.55551899448037e-05
15200 16040 -4978 3.77055272305684e-05 2.13704549577087e-05 4.49850403051823e-06 3.06478775553405e-05
15200 16240 -4978 3.56731465669946e-05 2.31938480548561e-05 3.7391151476404e-06 2.70078276917338e-05
15200 16440 -4978 3.41881769897257e-05 2.49138939976692e-05 2.94396801844869e-06 2.32517762109637e-05
15200 16640 -4978 3.32709733303303e-05 2.64309078790247e-05 2.49292785274156e-06 2.01784853413701e-05
15200 16840 -4978 3.3467829992813e-05 2.83708876669407e-05 2.37011437498404e-06 1.74395249933004e-05
15200 17040 -4978 3.32537622579948e-05 2.94039813764393e-05 2.17114888318247e-06 1.54006604552269e-05
15400 17040 -4978 3.30370398592181e-05 2.94470473267138e-05 3.04511800103683e-07 1.48813045322895e-05
15400 16840 -4978 3.31771841454081e-05 2.83310112729669e-05 1.96090511363764e-07 1.73685667496175e-05
15400 16640 -4978 3.35814917951497e-05 2.71409383453429e-05 -4.4178930465931e-11 1.98089958466589e-05
15400 16440 -4978 3.37368299992476e-05 2.50154303908348e-05 -4.54396342530344e-07 2.26102534867823e-05
15400 16240 -4978 3.53768102709534e-05 2.35353997945786e-05 -4.02831625688123e-08 2.64121570251882e-05
15400 16040 -4978 3.71093140139268e-05 2.13769727870822e-05 1.38580854326392e-07 3.03613780289888e-05
15400 15840 -4978 4.08104662564298e-05 1.97148770466447e-05 9.41242802620764e-07 3.58026622086764e-05
15400 15640 -4978 4.54541196819348e-05 1.70883978996426e-05 2.06064501440778e-06 4.20532723292708e-05
15400 15440 -4978 5.35365833889088e-05 1.46811033971608e-05 4.26139902933937e-06 5.12596305012703e-05
15400 15240 -4978 6.56287983749389e-05 1.11002117665485e-05 7.87801806459902e-06 6.41964529901743e-05
15400 15040 -4978 9.07236931503461e-05 8.7452208166942e-06 1.68294981233776e-05 8.87190937995911e-05
15600 15040 -4978 8.23489101434894e-05 5.90980544974445e-06 -1.02053689928725e-05 8.14751474112273e-05
15600 15240 -4978 6.44384089634377e-05 1.06405283659697e-05 -6.7475298010977e-06 6.325726801157e-05
15600 15440 -4978 5.31191360864017e-05 1.425734314695e-05 -5.78940392152799e-06 5.07896850705147e-05
15600 15640 -4978 4.60729657699796e-05 1.7398581949994e-05 -5.04518119330169e-06 4.24315432980657e-05
15600 15840 -4978 4.10706059608347e-05 1.97979277204722e-05 -4.55534548125365e-06 3.56943351179361e-05
15600 16040 -4978 3.74826467761733e-05 2.17704282812774e-05 -4.30633696632867e-06 3.02816260643303e-05
15600 16240 -4978 3.56485005816087e-05 2.38850327581167e-05 -3.6163857026695e-06 2.62215540520847e-05
15600 16440 -4978 3.42245888236624e-05 2.54268687330186e-05 -3.34457448852481e-06 2.2659497693181e-05
15600 16640 -4978 3.33603548472215e-05 2.69328712821007e-05 -2.9378245109931e-06 1.94072594791651e-05
15600 16840 -4978 3.30370829217149e-05 2.84626705162227e-05 -2.19381313897611e-06 1.66708285938948e-05
15600 17040 -4978 3.29306841663864e-05 2.96042486056685e-05 -1.88611910852433e-06 1.42989852391183e-05
15800 17040 -4978 3.29461072352238e-05 2.98432687334716e-05 -4.29389782247927e-06 1.32668742407113e-05
15800 16840 -4978 3.29021846959702e-05 2.85931633412838e-05 -4.85593257157962e-06 1.55634310245514e-05
15800 16640 -4978 3.35435454024941e-05 2.76386044472456e-05 -5.63221689133206e-06 1.83408953417093e-05
15800 16440 -4978 3.4446605808456e-05 2.62548658885062e-05 -6.51736669056118e-06 2.13564485833049e-05
15800 16240 -4978 3.49771449975239e-05 2.39994057975709e-05 -7.4480492179282e-06 2.43456275835633e-05
15800 16040 -4978 3.74856287610919e-05 2.23212650492787e-05 -8.35875203367323e-06 2.90347735695541e-05
15800 15840 -4978 4.00850083481191e-05 2.01310660876334e-05 -9.96458815224469e-06 3.31320777311921e-05
15800 15640 -4978 4.45700416717219e-05 1.78349415920675e-05 -1.15143524110317e-05 3.89362547397614e-05
15800 15440 -4978 5.02902636416356e-05 1.47629657331854e-05 -1.44245036970824e-05 4.58640355691314e-05
15800 15240 -4978 5.82963698519006e-05 1.07007607012056e-05 -1.98037286289036e-05 5.3734112046659e-05
15800 15040 -4978 6.94280361667311e-05 5.92791179311462e-06 -3.10850735083222e-05 6.17966849654913e-05
16000 15040 -4978 6.19787947125063e-05 7.39380382327363e-06 -3.79816104844213e-05 4.8458495862782e-05
16000 15240 -4978 5.53403191127809e-05 1.16554692983627e-05 -2.84398826435208e-05 4.60591932013631e-05
16000 15440 -4978 4.91696971121836e-05 1.53871457204223e-05 -2.22073624357581e-05 4.11736732646823e-05
16000 15640 -4978 4.41182103783165e-05 1.80627537947148e-05 -1.79855228234082e-05 3.61668390110135e-05
16000 15840 -4978 4.05226451834348e-05 2.08153731673956e-05 -1.49873592164367e-05 3.1371708214283e-05
16000 16040 -4978 3.74677468957712e-05 2.25767410323024e-05 -1.28054926805198e-05 2.69213347434998e-05
16000 16240 -4978 3.54758924112832e-05 2.4420711107552e-05 -1.09420779454522e-05 2.31170638911426e-05
16000 16440 -4978 3.45576679161458e-05 2.61164498329163e-05 -9.68128789123148e-06 2.04313385821879e-05
16000 16640 -4978 3.37340824606668e-05 2.76501020751894e-05 -8.44420392718166e-06 1.74232322648168e-05
16000 16840 -4978 3.31783891952542e-05 2.88941385410726e-05 -7.40399178373628e-06 1.45298029314727e-05
16000 17040 -4978 3.35871113545974e-05 3.04884097352624e-05 -5.95458292262629e-06 1.27049951031804e-05
16200 17040 -4978 3.34071379116367e-05 3.03206554614007e-05 -8.26409130124375e-06 1.13453806824982e-05
16200 16840 -4978 3.38302491069949e-05 2.95561444908381e-05 -9.34303947724402e-06 1.34636894781142e-05
16200 16640 -4978 3.41152887808677e-05 2.83301182836294e-05 -1.06950419489294e-05 1.56272252071649e-05
16200 16440 -4978 3.45993443438189e-05 2.67227467186749e-05 -1.24544209968299e-05 1.81380801573396e-05
16200 16240 -4978 3.58296422937991e-05 2.51018855944276e-05 -1.43298351289704e-05 2.11734369359911e-05
16200 16040 -4978 3.75113386286495e-05 2.32929628714919e-05 -1.63838882297277e-05 2.41487155072391e-05
16200 15840 -4978 3.9812139841296e-05 2.13247890137136e-05 -1.88855413794518e-05 2.79504205733538e-05
16200 15640 -4978 4.2965880555993e-05 1.88810579087585e-05 -2.24881087988615e-05 3.12170088477433e-05
16200 15440 -4978 4.75192890501858e-05 1.61311871949583e-05 -2.71750465556979e-05 3.53662163168192e-05
16200 15240 -4978 5.27844655215606e-05 1.31726071238518e-05 -3.28575425744057e-05 3.91035706400871e-05
16200 15040 -4978 5.85113518505975e-05 9.69097563717514e-06 -4.01071350723505e-05 4.14859133064747e-05
16400 15040 -4978 5.68625315791899e-05 1.15532516762614e-05 -4.21748455166817e-05 3.63368414416909e-05
16400 15240 -4978 5.2133181261834e-05 1.46600963352248e-05 -3.63704215884209e-05 3.40693365894258e-05
16400 15440 -4978 4.76985078193954e-05 1.7540202409029e-05 -3.12031929045916e-05 3.14193445593119e-05
16400 15640 -4978 4.35123547790613e-05 1.9506833717227e-05 -2.69605303928256e-05 2.81388534419239e-05
16400 15840 -4978 4.04834903677519e-05 2.19480600692332e-05 -2.29656418673694e-05 2.5095317196101e-05
16400 16040 -4978 3.79578773485507e-05 2.36863745972514e-05 -1.97890830654651e-05 2.21774988658726e-05
16400 16240 -4978 3.68329274443702e-05 2.59264017045498e-05 -1.72647509928793e-05 1.94546932913363e-05
16400 16440 -4978 3.52068189225111e-05 2.69529766216874e-05 -1.52941044978797e-05 1.66023783925921e-05
16400 16640 -4978 3.46581974925274e-05 2.85941782593727e-05 -1.33370565120131e-05 1.41548479180783e-05
16400 16840 -4978 3.45338038476889e-05 3.02192342914641e-05 -1.13252153778449e-05 1.22931274976581e-05
16400 17040 -4978 3.397430090343e-05 3.08772102482617e-05 -1.02440563887358e-05 9.97877473756671e-06
16600 17040 -4978 3.4923601717866e-05 3.15262309610844e-05 -1.19995443653315e-05 9.0424362514168e-06
16600 16840 -4978 3.46910903656307e-05 3.02673204131424e-05 -1.35205972697586e-05 1.03806763826869e-05
16600 16640 -4978 3.49979383208921e-05 2.91063542217016e-05 -1.50245530921966e-05 1.20375448614359e-05
16600 16440 -4978 3.57403311809069e-05 2.75999791249633e-05 -1.75626961700618e-05 1.44870261475444e-05
16600 16240 -4978 3.68189674488545e-05 2.63406494148076e-05 -1.96424783170223e-05 1.65684567475691e-05
16600 16040 -4978 3.84270196497226e-05 2.44234318211675e-05 -2.27896931283176e-05 1.90178485289216e-05
16600 15840 -4978 4.088340310593e-05 2.31956082358956e-05 -2.57067561857402e-05 2.17388843894005e-05
16600 15640 -4978 4.34445010541792e-05 2.0791093416512e-05 -2.96393927708268e-05 2.41724631749094e-05
16600 15440 -4978 4.71762024190017e-05 1.85009406264871e-05 -3.40735612884164e-05 2.69557313881814e-05
16600 15240 -4978 5.16298023955096e-05 1.61060100272298e-05 -3.93020760938525e-05 2.94212505407631e-05
16600 15040 -4978 5.66869206370994e-05 1.38552348110825e-05 -4.44868157878518e-05 3.23241380676627e-05
16800 15040 -4978 5.66164301645159e-05 1.49781747702509e-05 -4.70510883852839e-05 2.78404670134187e-05
16800 15240 -4978 5.19137691480813e-05 1.71711265482009e-05 -4.19102225750685e-05 2.53717378973961e-05
16800 15440 -4978 4.77837603655862e-05 1.95800454672426e-05 -3.70373302549124e-05 2.29951407834887e-05
16800 15640 -4978 4.45641469262239e-05 2.2054700050503e-05 -3.23846617788076e-05 2.12241829894483e-05
16800 15840 -4978 4.15650465743307e-05 2.35912172906101e-05 -2.84763504602015e-05 1.89800536260009e-05
16800 16040 -4978 3.93802185415804e-05 2.53108905665577e-05 -2.54630230627954e-05 1.62377033624798e-05
16800 16240 -4978 3.76874336603699e-05 2.67679507173598e-05 -2.21894831284881e-05 1.45411935131997e-05
16800 16440 -4978 3.67354856185436e-05 2.84001743160188e-05 -1.98901423551142e-05 1.26942889038473e-05
16800 16640 -4978 3.5797533378373e-05 2.94679566808045e-05 -1.744641158171e-05 1.035278865695e-05
16800 16840 -4978 3.56495502840606e-05 3.09734370410442e-05 -1.52873589843512e-05 8.84977092687041e-06
16800 17040 -4978 3.56944201727252e-05 3.22096778526902e-05 -1.35528259817511e-05 7.4324494022876e-06
17000 17040 -4978 3.57459862801763e-05 3.19338332340121e-05 -1.51235688794404e-05 5.67157412628876e-06
17000 16840 -4978 3.60240094607849e-05 3.1121553838253e-05 -1.67368531636894e-05 6.95938434731215e-06
17000 16640 -4978 3.6586927971045e-05 3.01505210511386e-05 -1.89392592478543e-05 8.41747217671946e-06
17000 16440 -4978 3.74649610709047e-05 2.90358644723892e-05 -2.13303933218122e-05 1.01273579332046e-05
17000 16240 -4978 3.8744411478894e-05 2.77916699312627e-05 -2.4045632686466e-05 1.18789032641798e-05
17000 16040 -4978 4.04049986699577e-05 2.65460561811924e-05 -2.69808185361326e-05 1.38254050631076e-05
17000 15840 -4978 4.19025291286999e-05 2.43057519458234e-05 -3.06049909815192e-05 1.51435193046927e-05
17000 15640 -4978 4.47761173469216e-05 2.28033933266997e-05 -3.43848639205098e-05 1.72333880625665e-05
17000 15440 -4978 4.82682731718641e-05 2.07284435853362e-05 -3.91191049069166e-05 1.93004970215261e-05
17000 15240 -4978 5.19117489205901e-05 1.86584164872766e-05 -4.3587174333632e-05 2.1041253650561e-05
17000 15040 -4978 5.68286621971494e-05 1.64749123416841e-05 -4.93106968849897e-05 2.28465972989798e-05
17200 15040 -4978 5.75071985026106e-05 1.81233361940831e-05 -5.10489024072885e-05 1.90889507047832e-05
17200 15240 -4978 5.28709625010255e-05 1.98650184161961e-05 -4.59248396605253e-05 1.71771342605352e-05
17200 15440 -4978 4.91857784459736e-05 2.22052085995674e-05 -4.08601974025369e-05 1.59674997925758e-05
17200 15640 -4978 4.59481371469677e-05 2.38177290000021e-05 -3.66365183442831e-05 1.42025566771626e-05
17200 15840 -4978 4.31358968549185e-05 2.47790357843042e-05 -3.2995261579752e-05 1.24895584047772e-05
17200 16040 -4978 4.13137211152569e-05 2.70797125473619e-05 -2.9137473013252e-05 1.11605172893032e-05
17200 16240 -4978 3.9472601683145e-05 2.79203211143613e-05 -2.62857459783554e-05 9.50828497577459e-06
17200 16440 -4978 3.8207900908159e-05 2.92040339522064e-05 -2.3401066377759e-05 7.60905002806248e-06
17200 16640 -4978 3.75412479485498e-05 3.05442357286811e-05 -2.07604178525508e-05 6.73795309220441e-06
17200 16840 -4978 3.70341199379454e-05 3.17262225747109e-05 -1.81254945937544e-05 5.10853532276087e-06
17200 17040 -4978 3.66399071487773e-05 3.24354407936335e-05 -1.65425369478762e-05 3.87382689931837e-06
17400 17040 -4978 3.7432043850394e-05 3.28304431922734e-05 -1.78470190148801e-05 2.22235245942648e-06
17400 16840 -4978 3.82271569268033e-05 3.26156803071499e-05 -1.96369433365762e-05 3.30117060182965e-06
17400 16640 -4978 3.85137277523438e-05 3.14095349647105e-05 -2.17992590665817e-05 4.6411898076185e-06
17400 16440 -4978 3.94593466095229e-05 3.04036405533552e-05 -2.42920356802642e-05 5.83976872493804e-06
17400 16240 -4978 4.02158171058561e-05 2.8810275323689e-05 -2.72850514650345e-05 6.96975638763979e-06
17400 16040 -4978 4.19613749431751e-05 2.76455825828016e-05 -3.06947993673384e-05 7.77255388286722e-06
17400 15840 -4978 4.39992732309212e-05 2.64376430958509e-05 -3.39101313650608e-05 9.23510453378549e-06
17400 15640 -4978 4.65388534392806e-05 2.50456408262253e-05 -3.77665326446295e-05 1.07364456374198e-05
17400 15440 -4978 4.96153379297328e-05 2.32190363518894e-05 -4.21780930608511e-05 1.19819269953296e-05
17400 15240 -4978 5.35680262608206e-05 2.10423487126827e-05 -4.74845099821687e-05 1.26978087211028e-05
17400 15040 -4978 5.79068019817998e-05 1.93286377489567e-05 -5.270045748353e-05 1.42632959922776e-05
17600 15040 -4978 5.84644997254555e-05 2.05486537441611e-05 -5.38159113675356e-05 1.00771430423483e-05
17600 15240 -4978 5.45076015811488e-05 2.25378508940339e-05 -4.87378073632717e-05 9.36749916616827e-06
17600 15440 -4978 5.0826475693628e-05 2.4167988345027e-05 -4.38336513563991e-05 8.50005407177377e-06
17600 15640 -4978 4.78303779267055e-05 2.55793903470039e-05 -3.97949120104313e-05 7.45461923093535e-06
17600 15840 -4978 4.51047818563357e-05 2.67256113514304e-05 -3.57906821072102e-05 6.1336760870181e-06
17600 16040 -4978 4.32161140069585e-05 2.86750166453421e-05 -3.18699431568384e-05 5.32739685382694e-06
17600 16240 -4978 4.14975552617124e-05 2.94130555093288e-05 -2.89596270211041e-05 4.2730856652488e-06
17600 16440 -4978 4.04849288820704e-05 3.07326115854085e-05 -2.59612313322723e-05 3.65600112002721e-06
17600 16640 -4978 3.95021464695522e-05 3.18863405808806e-05 -2.32750945203006e-05 2.80643314972258e-06
17600 16840 -4978 3.86639348960006e-05 3.27570347711444e-05 -2.04749979972839e-05 1.48759849484122e-06
17600 17040 -4978 3.82834050985101e-05 3.34923702403903e-05 -1.85372236594558e-05 6.14879176363502e-07
17800 17040 -4978 3.94618801526279e-05 3.43259564489126e-05 -1.94417455531657e-05 -9.93593927961456e-07
17800 16840 -4978 3.9820714900209e-05 3.35846850723028e-05 -2.14441182762384e-05 -1.92780819678774e-07
17800 16640 -4978 4.02881289415909e-05 3.24768638908863e-05 -2.39150558188558e-05 3.18165092726531e-07
17800 16440 -4978 4.12312218509646e-05 3.15059050694108e-05 -2.65357879437506e-05 1.03098884873816e-06
17800 16240 -4978 4.24953566115412e-05 3.03326706886292e-05 -2.97110773026943e-05 1.68711356634594e-06
17800 16040 -4978 4.39577644869606e-05 2.90462912768126e-05 -3.29061486274004e-05 2.35404827287857e-06
17800 15840 -4978 4.61393529761472e-05 2.83057096861303e-05 -3.62780770584941e-05 3.39526393082815e-06
17800 15640 -4978 4.83857005204039e-05 2.67171888388693e-05 -4.00965692996979e-05 4.08732230312307e-06
17800 15440 -4978 5.14242837907316e-05 2.49808988831937e-05 -4.45710024014115e-05 4.91096118137648e-06
17800 15240 -4978 5.47595538218391e-05 2.33794346377254e-05 -4.94274019375443e-05 5.32076665089698e-06
17800 15040 -4978 5.91437290159354e-05 2.16013209484518e-05 -5.46244466304779e-05 5.9728138303617e-06
18000 15040 -4978 5.97225044850876e-05 2.29535177610815e-05 -5.51012088507414e-05 1.80954062990463e-06
18000 15240 -4978 5.59589420747571e-05 2.45190004296601e-05 -5.02730252817273e-05 1.43997109635166e-06
18000 15440 -4978 5.25577735861209e-05 2.58098716810346e-05 -4.57282238155604e-05 1.16325013677829e-06
18000 15640 -4978 4.96639031475868e-05 2.75467967353761e-05 -4.12578072249889e-05 1.11744224863332e-06
18000 15840 -4978 4.71303531010774e-05 2.87292276099324e-05 -3.73561424985528e-05 3.99752665407505e-07
18000 16040 -4978 4.54586434968816e-05 3.03511248268187e-05 -3.38394870087504e-05 3.46279030238293e-07
18000 16240 -4978 4.35609693379208e-05 3.11354118026793e-05 -3.04636149406433e-05 -3.35180973612296e-07
18000 16440 -4978 4.2465549648675e-05 3.23354487642646e-05 -2.75545704253018e-05 -8.50111461702909e-07
18000 16640 -4978 4.14045797375243e-05 3.2971084035933e-05 -2.49288194850087e-05 -1.68125047527428e-06
18000 16840 -4978 4.08352861747917e-05 3.41763605922461e-05 -2.22613379098475e-05 -2.11566982640033e-06
18000 17040 -4978 4.01505080651473e-05 3.45516818985343e-05 -2.02685613781214e-05 -2.64128319856445e-06
18200 17040 -4978 4.11357867344424e-05 3.51486978903413e-05 -2.09089390356094e-05 -4.20873820077395e-06
18200 16840 -4978 4.15901285177493e-05 3.45461087226868e-05 -2.28745830394328e-05 -4.11014120104551e-06
18200 16640 -4978 4.24961931872384e-05 3.39371666759253e-05 -2.53250231556594e-05 -3.35281216559815e-06
18200 16440 -4978 4.34907360451135e-05 3.30409198030829e-05 -2.79687693342566e-05 -3.08949375728844e-06
18200 16240 -4978 4.43602465078087e-05 3.14325683563948e-05 -3.11476485803723e-05 -3.08472009071193e-06
18200 16040 -4978 4.61290133708851e-05 3.08381254449487e-05 -3.42243690937757e-05 -2.33350508440344e-06
18200 15840 -4978 4.81791998125323e-05 3.00159788951278e-05 -3.76288644894958e-05 -2.08443344204716e-06
18200 15640 -4978 5.02656549426588e-05 2.84078018441796e-05 -4.13958721905947e-05 -2.06645164046313e-06
18200 15440 -4978 5.30859891396573e-05 2.72728237807751e-05 -4.55196768566966e-05 -1.56981732980876e-06
18200 15240 -4978 5.66147950344853e-05 2.59317362383008e-05 -5.02994998767972e-05 -1.58186327568364e-06
18200 15040 -4978 6.02808005082404e-05 2.38579987287521e-05 -5.53153004646301e-05 -2.17151481275687e-06
18400 15040 -4978 6.10377525797945e-05 2.48756438978016e-05 -5.54279226586223e-05 -5.92764306381286e-06
18400 15240 -4978 5.73288887083405e-05 2.65798828974366e-05 -5.05462395176291e-05 -5.18292359716361e-06
18400 15440 -4978 5.407126733005e-05 2.79235328063369e-05 -4.60145471543074e-05 -4.98773795691523e-06
18400 15640 -4978 5.15074303617155e-05 2.90656924918294e-05 -4.22414213940501e-05 -5.03396412224902e-06
18400 15840 -4978 4.89618299494522e-05 3.04639640003443e-05 -3.80280443578958e-05 -4.73474940954475e-06
18400 16040 -4978 4.69263647692062e-05 3.16363163739443e-05 -3.43257091268897e-05 -4.79300424331814e-06
18400 16240 -4978 4.56290116219733e-05 3.26952267885208e-05 -3.14953120090067e-05 -4.78724223019526e-06
18400 16440 -4978 4.4422453929033e-05 3.3571675054729e-05 -2.86317130289972e-05 -5.01128247042652e-06
18400 16640 -4978 4.32948215825107e-05 3.42065034508705e-05 -2.5839572224766e-05 -5.5360479488736e-06
18400 16840 -4978 4.24968047726021e-05 3.49874287396669e-05 -2.33560248538852e-05 -5.85415627310067e-06
18400 17040 -4978 4.20589855239233e-05 3.58423144668341e-05 -2.11876298598945e-05 -5.85012199679113e-06
18600 17040 -4978 4.29194353139717e-05 3.63591841831803e-05 -2.15377473272383e-05 -7.49753914773464e-06
18600 16840 -4978 4.33152438197959e-05 3.5507406629622e-05 -2.35077213235199e-05 -7.90432362648426e-06
18600 16640 -4978 4.42322457085181e-05 3.49633618816733e-05 -2.60478786379099e-05 -7.29953158129865e-06
18600 16440 -4978 4.53072927879494e-05 3.44164427220821e-05 -2.86191849522293e-05 -7.02021230396349e-06
18600 16240 -4978 4.6352901665111e-05 3.32195504382253e-05 -3.1497775323689e-05 -7.18201805534773e-06
18600 16040 -4978 4.79728399871899e-05 3.22577220052481e-05 -3.47710628956557e-05 -7.19763381779194e-06
18600 15840 -4978 4.9664517420646e-05 3.14618353955448e-05 -3.77064920589328e-05 -7.41199438605691e-06
18600 15640 -4978 5.20298644071032e-05 3.0293196503073e-05 -4.16402041465044e-05 -7.68027657466883e-06
18600 15440 -4978 5.47247361791951e-05 2.92333735376597e-05 -4.56653706729412e-05 -7.98644233122468e-06
18600 15240 -4978 5.78871439782449e-05 2.75239777490497e-05 -5.01817207187414e-05 -8.77471151389182e-06
18600 15040 -4978 6.15928308849061e-05 2.66364359818399e-05 -5.47958735302091e-05 -8.96017377846874e-06
18800 15040 -4978 6.2056794924029e-05 2.74182056672871e-05 -5.42513280287385e-05 -1.24932462293655e-05
18800 15240 -4978 5.8586089367097e-05 2.85668914057314e-05 -4.98336841538548e-05 -1.17015771381557e-05
18800 15440 -4978 5.55123909804954e-05 2.98135300055146e-05 -4.55778478458524e-05 -1.0873168121092e-05
18800 15640 -4978 5.29660095686605e-05 3.06117370948195e-05 -4.19250097423792e-05 -1.04505427088588e-05
18800 15840 -4978 5.080176983003e-05 3.19224174432456e-05 -3.82070670947433e-05 -1.01607744833455e-05
18800 16040 -4978 4.89033957257244e-05 3.29243656918407e-05 -3.4855499625206e-05 -9.62405336508527e-06
18800 16240 -4978 4.75203377481297e-05 3.38215229958296e-05 -3.18814149573445e-05 -9.47222183085978e-06
18800 16440 -4978 4.5992976388705e-05 3.43351947627962e-05 -2.90093170292675e-05 -9.43141743959859e-06
18800 16640 -4978 4.51280095202229e-05 3.54167557358742e-05 -2.64231769293547e-05 -9.12674482166767e-06
18800 16840 -4978 4.43179883280578e-05 3.61168487966061e-05 -2.3893010944128e-05 -9.43432049360127e-06
18800 17040 -4978 4.35847847592509e-05 3.65448317602277e-05 -2.17706076055765e-05 -9.49470266047865e-06
19000 17040 -4978 4.43636014790747e-05 3.69621180146933e-05 -2.20774958990514e-05 -1.09899041554891e-05
19000 16840 -4978 4.49612806006377e-05 3.65887873321772e-05 -2.37695544324815e-05 -1.0942779250443e-05
19000 16640 -4978 4.58360757429511e-05 3.62804049029946e-05 -2.59371814988553e-05 -1.05684425451327e-05
19000 16440 -4978 4.67742973337221e-05 3.52162765264511e-05 -2.86623319014907e-05 -1.11889691532706e-05
19000 16240 -4978 4.81906609170902e-05 3.46139083132148e-05 -3.14934206604958e-05 -1.15057205776684e-05
19000 16040 -4978 4.96853151180575e-05 3.36124649569392e-05 -3.45954165905714e-05 -1.19159510247409e-05
19000 15840 -4978 5.14935024808285e-05 3.31152929589152e-05 -3.75414437651634e-05 -1.20159219875932e-05
19000 15640 -4978 5.33040807298123e-05 3.22179774567485e-05 -4.06814533099532e-05 -1.23854256318882e-05
19000 15440 -4978 5.59271529696339e-05 3.09785259030759e-05 -4.45537526607514e-05 -1.36334597757086e-05
19000 15240 -4978 5.87619830927186e-05 2.96813413798809e-05 -4.86131072789431e-05 -1.44757713517174e-05
19000 15040 -4978 6.21227129988234e-05 2.85189764127135e-05 -5.30003106743097e-05 -1.53904685806483e-05
