# amount of points in x direction: 66 (distance of 200 steps)
# amount of points in y direction: 11 (distance of 200 steps)
# abs. coordinates of point 1: P1 (, , ) (offsets not corrected)
# Offsets of the hall probe have already been corrected for all following coordinates.
#
# X (absolute in steps=10um) Y (absolute in steps=10um) Z (absolute in steps=10um) Babs(in T) Bx By Bz
6000 7440 -2178 0.0003738123787 -0.000147896521151066 -9.64144982099533e-05 -0.000329494397580624
6000 7640 -2178 0.000385214473487343 -0.000155635407537222 -7.84251236021519e-05 -0.000343565590620041
6000 7840 -2178 0.000394113958642747 -0.000161556477814913 -5.76587236523628e-05 -0.000354726526975632
6000 8040 -2178 0.000402016889213443 -0.000166885612636805 -3.5518227390945e-05 -0.0003640580371
6000 8240 -2178 0.000407185013232736 -0.000170318939954042 -1.18142249975354e-05 -0.000369859445869923
6000 8440 -2178 0.000409510042348614 -0.000172216699063778 1.18763895092998e-05 -0.000371367249786854
6000 8640 -2178 0.000409387689488409 -0.000172580869168043 3.56335402131081e-05 -0.000369539733588696
6000 8840 -2178 0.000406353506837194 -0.000170985544383526 5.94174403846264e-05 -0.000363747610747814
6000 9040 -2178 0.000400950218138549 -0.000167970432370901 8.19280419796705e-05 -0.000354630625844002
6000 9240 -2178 0.000392760936842242 -0.000163500942349434 0.000102794319257140 -0.000341996963858604
6000 9440 -2178 0.000382895197444037 -0.000157881256759167 0.000121039915233851 -0.000327224516153336
6200 9440 -2178 0.000425596184288419 -0.000190378886699677 0.000137851992994547 -0.000354832324445248
6200 9240 -2178 0.000437042291815586 -0.0001973039757 0.0001179976972 -0.000371525913774967
6200 9040 -2178 0.000446259764837956 -0.000202488170534372 9.50379423946142e-05 -0.000385984689593315
6200 8840 -2178 0.000452598605123479 -0.000206247008144855 6.97620146125555e-05 -0.000396813884198666
6200 8640 -2178 0.000456752495273391 -0.000208398183643818 4.1989231236279e-05 -0.000404188778042793
6200 8440 -2178 0.000457322154477148 -0.000208396463394165 1.45365270338953e-05 -0.000406732061326504
6200 8240 -2178 0.000454919425960022 -0.0002065089665 -1.39694773424417e-05 -0.000405098287999630
6200 8040 -2178 0.000448957217253861 -0.000202433450937271 -4.09161556512117e-05 -0.000398506066262722
6200 7840 -2178 0.000439762979367795 -0.000196178334891796 -6.66182198375464e-05 -0.0003878246541
6200 7640 -2178 0.000428929162924452 -0.000188690367043018 -8.96785570979118e-05 -0.000374611703753471
6200 7440 -2178 0.000414632069033316 -0.000179265659153461 -0.000111869809 -0.000356864336013794
6400 7440 -2178 0.000461579293425599 -0.000216058964848518 -0.000130338748514652 -0.000386412779331207
6400 7640 -2178 0.000478472770929483 -0.000227447776257992 -0.000107003800123930 -0.000407122489094734
6400 7840 -2178 0.000491959838888114 -0.000236779981851578 -7.9931226208806e-05 -0.000423652999639511
6400 8040 -2178 0.0005026200291 -0.000244225086271763 -5.0378976739943e-05 -0.000436397708058357
6400 8240 -2178 0.000510443090668185 -0.000249538329064846 -1.89084589052945e-05 -0.000444901381254196
6400 8440 -2178 0.000514267488722152 -0.000252369064927101 1.28877110742033e-05 -0.000447872758984566
6400 8640 -2178 0.000514025269932618 -0.0002525740363 4.51573329269886e-05 -0.000445416342616081
6400 8840 -2178 0.000509621691819683 -0.000250122908473015 7.66158965826034e-05 -0.000437245985031128
6400 9040 -2178 0.000501773987748989 -0.000245207401931286 0.000106672660917044 -0.000424516453981400
6400 9240 -2178 0.000490097295679507 -0.000238402533590794 0.000133830052673817 -0.0004067542392
6400 9440 -2178 0.0004760265153 -0.000229629054486752 0.000157702160745859 -0.000385953188657761
6600 9440 -2178 0.000533834834292641 -0.000275808502912521 0.000181038337379694 -0.000419696591973305
6600 9240 -2178 0.000549953769524806 -0.000285916911542416 0.0001552374767 -0.000443492252945900
6600 9040 -2178 0.000564178811873394 -0.000294889418065548 0.000124506815731525 -0.000464452226042748
6600 8840 -2178 0.000573488941915282 -0.000300947585761547 9.05052418410778e-05 -0.000479717540144920
6600 8640 -2178 0.000579415121069774 -0.000304545047760010 5.31033451706171e-05 -0.000490135741829872
6600 8440 -2178 0.000579205635391166 -0.000303725677967072 1.65122072659433e-05 -0.000492881473422050
6600 8240 -2178 0.000575174038777764 -0.000300684482216835 -2.19710863530636e-05 -0.000489897748827934
6600 8040 -2178 0.000566339012120880 -0.000294508346676826 -5.80348098278046e-05 -0.000480407956838608
6600 7840 -2178 0.000553328166485947 -0.000285605433940888 -9.25305734872818e-05 -0.000464837135791779
6600 7640 -2178 0.000536648952344011 -0.000273801708579063 -0.000122994732141495 -0.000444856177091599
6600 7440 -2178 0.000516205452768057 -0.000259720087170601 -0.000152178924351931 -0.000419227485418320
6800 7440 -2178 0.000579356287613117 -0.000311464851617813 -0.000178669107735157 -0.000454589543819428
6800 7640 -2178 0.000603216714411023 -0.000328401552319527 -0.000148106076538563 -0.000483870884299278
6800 7840 -2178 0.000623759063758685 -0.000343032524347305 -0.000112270133197308 -0.0005085398395
6800 8040 -2178 0.000640408624652180 -0.0003549049049 -7.22479471415281e-05 -0.000528183352231979
6800 8240 -2178 0.000651973280848590 -0.000362759354531765 -2.96258603855968e-05 -0.000540988807439804
6800 8440 -2178 0.000657342972387998 -0.000366998940348625 1.42280182484537e-05 -0.000545254416346550
6800 8640 -2178 0.000657454981438355 -0.000367284174144268 5.7770800203085e-05 -0.000542095434784889
6800 8840 -2178 0.000650796877755332 -0.000363215277969837 0.000100986845821142 -0.000530585377454758
6800 9040 -2178 0.000640066629584092 -0.000356359125077724 0.000141451036632061 -0.000512539433
6800 9240 -2178 0.000622440466479556 -0.0003447561956 0.000177827776253223 -0.0004867408123
6800 9440 -2178 0.000602066895769665 -0.000331268726050854 0.000209214218854904 -0.000456965123653412
7000 9440 -2178 0.000681317322518837 -0.000397610306799412 0.000242754515171051 -0.000497190763473511
7000 9240 -2178 0.000704676943034433 -0.000413490472674370 0.000208353327333927 -0.000531256268739700
7000 9040 -2178 0.000725176568697179 -0.000427205657243729 0.000166944890469313 -0.000561699017047882
7000 8840 -2178 0.000739219694121510 -0.000436798670649529 0.000120990649312735 -0.000583933641791344
7000 8640 -2178 0.000747955603546528 -0.000442312620282173 6.92236741483212e-05 -0.000599178038835526
7000 8440 -2178 0.000748040236478311 -0.000442220459818840 1.84635225925595e-05 -0.000603223499298096
7000 8240 -2178 0.000741877255257186 -0.000437385950922966 -3.41766690909863e-05 -0.000598312618255615
7000 8040 -2178 0.000727979460331970 -0.000427645855784416 -8.39447143822908e-05 -0.000583117828249931
7000 7840 -2178 0.000708217650355445 -0.000413585526823997 -0.000130888604372740 -0.000559803775668144
7000 7640 -2178 0.0006839774455 -0.000395808424592018 -0.000172051847755909 -0.000530706879496575
7000 7440 -2178 0.0006534135132 -0.000373783122062683 -0.000210020704448223 -0.0004928911122
7200 7440 -2178 0.000740068088055007 -0.0004484227823 -0.000249234988152981 -0.000533469988584518
7200 7640 -2178 0.000776247796153311 -0.000475215018510819 -0.000208125839948654 -0.000577225803732872
7200 7840 -2178 0.000807358661418993 -0.000498233807325363 -0.000160619324058294 -0.000614648284912109
7200 8040 -2178 0.000831790156578479 -0.000515916041970253 -0.000105383089125156 -0.000643611699223518
7200 8240 -2178 0.000849080489845280 -0.000528415680885315 -4.62922565862536e-05 -0.000663205239534378
7200 8440 -2178 0.000857957679946947 -0.000534957813143730 1.49667001534253e-05 -0.000670627092361450
7200 8640 -2178 0.000857958961827812 -0.000535204553365707 7.57561955302954e-05 -0.000666266211867332
7200 8840 -2178 0.000849180512920966 -0.000529514434695244 0.000135580278784037 -0.0006498613274
7200 9040 -2178 0.000831721406257065 -0.000517261834144592 0.000191776590496302 -0.000622423848986626
7200 9240 -2178 0.000805823797359230 -0.000499125251054764 0.000241658472657204 -0.000584704202175140
7200 9440 -2178 0.000774833259891811 -0.000477460049152374 0.000283327892482281 -0.000540470410943031
7400 9440 -2178 0.000886855725427927 -0.000575142307758331 0.000332211437761784 -0.000587673348188400
7400 9240 -2178 0.000922464318662131 -0.000601182096362114 0.000285605111896992 -0.000638837651848793
7400 9040 -2178 0.000952922528719003 -0.000622630030155182 0.000229197735786438 -0.000684028464674950
7400 8840 -2178 0.000973815383613038 -0.000637696822524071 0.000164918792068958 -0.000717259336590767
7400 8640 -2178 0.000987105593862404 -0.0006470496205 9.22953024357557e-05 -0.000739582811474800
7400 8440 -2178 0.000986738992728070 -0.000646606582045555 2.0627704039216e-05 -0.000745120964169502
7400 8240 -2178 0.000977091680711406 -0.000639329984188080 -5.35116977840662e-05 -0.0007371231898
7400 8040 -2178 0.0009559087513 -0.000623861738443375 -0.000123414647638798 -0.000713528373360634
7400 7840 -2178 0.0009264564528 -0.000602104896068573 -0.0001890710684 -0.000678279015421867
7400 7640 -2178 0.000888992106035418 -0.000573789666056633 -0.000245176599383354 -0.000633214670419693
7400 7440 -2178 0.0008429777918 -0.000539334732413292 -0.000296453357756138 -0.000576193737745285
7600 7440 -2178 0.000965416187049931 -0.000649697659969330 -0.000355077892 -0.0006193811351
7600 7640 -2178 0.00102106562321172 -0.000692915838599205 -0.000300346495747566 -0.000687232180476189
7600 7840 -2178 0.00106764726766234 -0.000728700732946396 -0.000233573749780655 -0.000744362053632736
7600 8040 -2178 0.00110583608869581 -0.0007574241321 -0.000155830126762390 -0.000790611665010452
7600 8240 -2178 0.00113212552788175 -0.000776713913559914 -7.16918249130249e-05 -0.000820538841
7600 8440 -2178 0.00114620220724965 -0.0007871689316 1.49040542128496e-05 -0.000833061437845230
7600 8640 -2178 0.00114650637847259 -0.000787584639430046 0.000102109738349915 -0.000826924853563309
7600 8840 -2178 0.00113212980891307 -0.000777336464762688 0.0001877777028 -0.000801392612695694
7600 9040 -2178 0.00110648463902361 -0.000758353863358498 0.000266756090760231 -0.000760403930425644
7600 9240 -2178 0.00106753241393098 -0.000729650879263878 0.000335841149926186 -0.000703115517854691
7600 9440 -2178 0.00102033898506922 -0.000694516550898552 0.000392138170480728 -0.000636594965457916
7800 9440 -2178 0.0011834460433 -0.000843230464935303 0.000466067624688148 -0.000687377150535584
7800 9240 -2178 0.00123903327314772 -0.000885554045438767 0.000402406231582165 -0.000767492427110672
7800 9040 -2178 0.00128593458207586 -0.000920608890295029 0.0003228840155 -0.000837651316165924
7800 8840 -2178 0.00131750835599350 -0.000944512088298798 0.000230806082367897 -0.000889116488695144
7800 8640 -2178 0.00133657728543566 -0.000958620519161224 0.000126858627587557 -0.000922717458963394
7800 8440 -2178 0.00133676924383485 -0.000958751312255859 2.30185723043978e-05 -0.000931221124887466
7800 8240 -2178 0.00132126698497293 -0.000947274687290192 -8.43030770272016e-05 -0.000917369837999344
7800 8040 -2178 0.00128852978259866 -0.000923016643524170 -0.000184589320987463 -0.000879650063037872
7800 7840 -2178 0.00124220774996278 -0.000887466714382171 -0.000278432151317596 -0.000823546680450439
7800 7640 -2178 0.00118583092957279 -0.0008434388833 -0.000357578548312187 -0.000753118225932121
7800 7440 -2178 0.00111502296949187 -0.000787413839221001 -0.000426781023740768 -0.000664163854837418
8000 7440 -2178 0.00129745779658826 -0.000958047238826752 -0.000518988251686096 -0.000704383732438087
8000 7640 -2178 0.00138288693608846 -0.00102740457415581 -0.000443465766668320 -0.0008128742063
8000 7840 -2178 0.00145569460861838 -0.0010854802556 -0.000348672671616077 -0.000904992318630218
8000 8040 -2178 0.0015145071075 -0.00113084753775597 -0.000236242653310299 -0.000979251623630524
8000 8240 -2178 0.00155622790996624 -0.00116175174641609 -0.000113535167992115 -0.00102921715545654
8000 8440 -2178 0.0015774763349 -0.00117770322775841 1.40790378386155e-05 -0.0010495240271
8000 8640 -2178 0.00157888868377125 -0.00117886807918549 0.000141805434793234 -0.00104086253643036
8000 8840 -2178 0.00155757602783980 -0.00116279232048988 0.000266824402451515 -0.00100131881475449
8000 9040 -2178 0.00151759831216902 -0.00113194398283958 0.000381557589471340 -0.000936066911458969
8000 9240 -2178 0.00145772339897283 -0.00108609998035431 0.000480439644455910 -0.000845096555948257
8000 9440 -2178 0.00138453439664309 -0.00102886003136635 0.0005585946418 -0.000739356710910797
8200 9440 -2178 0.00163740256441578 -0.00126491297101975 0.0006744220407 -0.000791353520989418
8200 9240 -2178 0.00172322724547949 -0.00133313674831390 0.000585107619762421 -0.000922084883689880
8200 9040 -2178 0.00179492801828804 -0.00138839123606682 0.000470169287323952 -0.00103589439988136
8200 8840 -2178 0.00184401781143155 -0.0014266951754 0.0003344119234 -0.00111950919008255
8200 8640 -2178 0.00187437342622856 -0.00145009075617790 0.000178559970945120 -0.00117414681172371
8200 8440 -2178 0.00187355272693684 -0.00144972046184540 2.41005871407688e-05 -0.00118645484495163
8200 8240 -2178 0.00184988077207501 -0.00143207160806656 -0.000134873786032200 -0.00116324187803268
8200 8040 -2178 0.00179870585841156 -0.00139381019783020 -0.000284309902667999 -0.0011009980359
8200 7840 -2178 0.00172718354904338 -0.00133817773127556 -0.000421690979242325 -0.00100728351998329
8200 7640 -2178 0.00163813263628083 -0.00126620144748688 -0.000537214882373810 -0.000889464971065521
8200 7440 -2178 0.00152690340241230 -0.00117434465217590 -0.000635047093033791 -0.000741223060488701
8400 7440 -2178 0.00182515502156912 -0.00145563567757606 -0.000788039554119110 -0.000768519424796105
8400 7640 -2178 0.00195998186355119 -0.00156973842978477 -0.000680102363824844 -0.000956586639881134
8400 7840 -2178 0.00207364566784972 -0.00166228106212616 -0.000539108332276344 -0.00111632890868187
8400 8040 -2178 0.00216448554705179 -0.0017327621541 -0.000368975315093994 -0.00124365327024460
8400 8240 -2178 0.00222945291127106 -0.0017810076723 -0.000182617942661047 -0.00132883195281029
8400 8440 -2178 0.00226200980655759 -0.001805171072 1.07881648994553e-05 -0.00136303092384338
8400 8640 -2178 0.0022641219336 -0.00180630268049240 0.000204546889215708 -0.00134977299976349
8400 8840 -2178 0.00223192946672475 -0.00178163333511353 0.000394278055548668 -0.00128490523982048
8400 9040 -2178 0.00217090246358374 -0.0017340745263 0.000566449844717979 -0.00117680964112282
8400 9240 -2178 0.00207808063132142 -0.00166172144794464 0.000713862619876862 -0.00102353886842728
8400 9440 -2178 0.00196467477813592 -0.00157017425918579 0.0008264043889 -0.0008426993854
8600 9440 -2178 0.00240187338133922 -0.00197333469247818 0.00102735710406303 -0.000905268179893494
8600 9240 -2178 0.00253127829757710 -0.00207809185504913 0.000893244999647141 -0.0011362294805
8600 9040 -2178 0.00264198735746810 -0.00216356316137314 0.000714995329976082 -0.00133689335536957
8600 8840 -2178 0.00271363115994286 -0.00221885664749145 0.000505150972247124 -0.00147829808688164
8600 8640 -2178 0.00275769782213589 -0.00225248004055023 0.000265255994856358 -0.00156893274092674
8600 8440 -2178 0.00275675048593475 -0.00225226654005051 2.66366527527571e-05 -0.00158941255903244
8600 8240 -2178 0.00272102964257688 -0.00222648441267014 -0.000220336037874222 -0.00154861922574043
8600 8040 -2178 0.00264535482318997 -0.00217141857099533 -0.000452355297565460 -0.00144122649359703
8600 7840 -2178 0.0025364252181 -0.00208776553726196 -0.000665637597084045 -0.00127761906266212
8600 7640 -2178 0.00240017847611465 -0.00197694812059402 -0.000843179078340530 -0.00106831253671646
8600 7440 -2178 0.00222754251877932 -0.00182945991897583 -0.000990529663562775 -0.000796824406981468
8800 7440 -2178 0.00279367480421585 -0.00234011080789566 -0.00127345749926567 -0.000840717738628387
8800 7640 -2178 0.00299311505995706 -0.0025124800806 -0.00109793722581863 -0.00120065329599380
8800 7840 -2178 0.0031578780765 -0.00264454655647278 -0.000868423102140427 -0.00149128990173340
8800 8040 -2178 0.00328720653144388 -0.00274140257024765 -0.000596653180599213 -0.00171330128097534
8800 8240 -2178 0.00337918662476509 -0.00280571296453476 -0.000302230228424072 -0.00185940412616730
8800 8440 -2178 0.00342541188194598 -0.00283791221237183 3.80267394871043e-06 -0.00191825086355209
8800 8640 -2178 0.00342791588512685 -0.00283913463878632 0.000309055117130280 -0.00189580933046341
8800 8840 -2178 0.00338398447887784 -0.00280759135627747 0.000607686029076576 -0.00178867267704010
8800 9040 -2178 0.00329971038728326 -0.00274457038688660 0.000883653783559799 -0.00160506236362457
8800 9240 -2178 0.00316834865987314 -0.00264529636526108 0.001121406147 -0.00133506019878387
8800 9440 -2178 0.00300359930986418 -0.00251308032751083 0.00130387289142609 -0.00100297136783600
9000 9440 -2178 0.00386384661653600 -0.00324637629795075 0.00169290569972992 -0.00123441430425644
9000 9240 -2178 0.00402250567714129 -0.00337121665382385 0.00144899391674995 -0.0016479119625
9000 9040 -2178 0.00415520243838289 -0.00346664221096039 0.00114444503188133 -0.00198446030569077
9000 8840 -2178 0.00424239102814394 -0.00352875362873077 0.000797807565093041 -0.0022156684904
9000 8640 -2178 0.00429879709417800 -0.00356750691604614 0.000406619899451733 -0.00236368049383164
9000 8440 -2178 0.00429585313498717 -0.00356586194229126 2.58961130809039e-05 -0.00239551019477844
9000 8240 -2178 0.00425081537067519 -0.00353611973667145 -0.0003663728137 -0.00233028243541718
9000 8040 -2178 0.00415454969462746 -0.00347252848052979 -0.000741667840838432 -0.00215659516334534
9000 7840 -2178 0.0040181427694 -0.00337541314601898 -0.00109741692543030 -0.00188478280925751
9000 7640 -2178 0.00384490561722220 -0.00324147099494934 -0.00140260578513145 -0.00151829924464226
9000 7440 -2178 0.00362631110273430 -0.00305511573362350 -0.00167375693035126 -0.001009661134
9200 7440 -2178 0.00482289205003366 -0.00401245409011841 -0.00222369166994095 -0.00148856560611725
9200 7640 -2178 0.00500579279338915 -0.00416880847263336 -0.00185676080369949 -0.00205705201625824
9200 7840 -2178 0.00516934959937985 -0.00429100355148316 -0.00143875265264511 -0.00249758588027954
9200 8040 -2178 0.00530218684805516 -0.00437960012054443 -0.000977236454725265 -0.00282497092914581
9200 8240 -2178 0.00540130763381156 -0.00443898445034027 -0.000497158676981926 -0.00303683625745773
9200 8440 -2178 0.00545200007408639 -0.00447030014514923 -9.48785837056857e-06 -0.00312087611579895
9200 8640 -2178 0.00545766441696864 -0.00447412685585022 0.0004784214431 -0.00308843379688263
9200 8840 -2178 0.00541121721725296 -0.00444648936176300 0.000966657797813416 -0.00292879941225052
9200 9040 -2178 0.00532832284222924 -0.00439205311965942 0.00142715049982071 -0.00265732213401794
9200 9240 -2178 0.00520181528853829 -0.0043056038475 0.00185448635816574 -0.00225422673034668
9200 9440 -2178 0.00505496777529414 -0.00419127298927307 0.00222611828231812 -0.00174053820943832
9400 9440 -2178 0.00654802653959436 -0.00530002167129516 0.00284888039541245 -0.00258275887489319
9400 9240 -2178 0.00664915080007790 -0.00537920869159699 0.00236255205965042 -0.00311273386859894
9400 9040 -2178 0.00675344177849130 -0.00544271785449982 0.00182253392982483 -0.00355861184501648
9400 8840 -2178 0.00682483127315913 -0.00548420825767517 0.00124883885526657 -0.00386551202392578
9400 8640 -2178 0.0068740578148 -0.00550896799182892 0.0006335100305 -0.00406234015655518
9400 8440 -2178 0.00686784750927024 -0.00550362121963501 3.45313129611313e-05 -0.00410769036769867
9400 8240 -2178 0.00682562299832347 -0.00548051577091217 -0.000589317178487778 -0.00402538233566284
9400 8040 -2178 0.0067314523202 -0.00543060873985291 -0.00118726311659813 -0.00379701094913483
9400 7840 -2178 0.00660800496847988 -0.0053557337656 -0.00177126110553742 -0.00344085609245300
9400 7640 -2178 0.00645989251746905 -0.00525203392505646 -0.00231159105539322 -0.00296696777534485
9400 7440 -2178 0.00631293036277825 -0.00512575424385071 -0.00285150064945221 -0.00233430758714676
9600 7440 -2178 0.00799070374448681 -0.00632678370952606 -0.00352769568157196 -0.00337273592662811
9600 7640 -2178 0.00818118055998498 -0.00646525633239746 -0.00290418942499161 -0.00408681581687927
9600 7840 -2178 0.00834808349628523 -0.00656532702827454 -0.00222591980409622 -0.00465213154888153
9600 8040 -2178 0.00847863603856781 -0.00662916282272339 -0.00149933400416374 -0.0050678581562
9600 8240 -2178 0.00857683977991118 -0.00666887838745117 -0.000761747718453407 -0.00533875611019134
9600 8440 -2178 0.00862849139089147 -0.00669359800529480 -1.9271354128432e-05 -0.00544530426502228
9600 8640 -2178 0.0086371874312 -0.0067017295227 0.000720571270465851 -0.00540095087623596
9600 8840 -2178 0.00859524930296155 -0.00669037919616699 0.00146847596931458 -0.00519224451541901
9600 9040 -2178 0.0085201287204 -0.00666040381813049 0.00219339272737503 -0.00483985571193695
9600 9240 -2178 0.00840204498438803 -0.00660598225593567 0.00288749744749069 -0.00431482523918152
9600 9440 -2178 0.00826920783411357 -0.00652544025993347 0.00352040448284149 -0.00366139710712433
9800 9440 -2178 0.0103687034647228 -0.0079506479454 0.00430475939559937 -0.00507651217174530
9800 9240 -2178 0.0105107169584 -0.00799562527656555 0.00354509417152405 -0.00582911498832702
9800 9040 -2178 0.0106249963298722 -0.00801138623619080 0.00271464921951294 -0.00642926281738281
9800 8840 -2178 0.0106918246455884 -0.00801290879249573 0.00184818923616409 -0.00683319862747192
9800 8640 -2178 0.0107442560410405 -0.00801397190856934 0.000925009007930756 -0.00709624933815002
9800 8440 -2178 0.0107336817453801 -0.00800104831886292 4.55312543511391e-05 -0.00715512991714478
9800 8240 -2178 0.0106917215980532 -0.00798891040039063 -0.000863456203460693 -0.00705246775245667
9800 8040 -2178 0.0105973648407545 -0.0079709200592 -0.00175489812517166 -0.00676072309494019
9800 7840 -2178 0.0104644243945 -0.00793468360137939 -0.00264162275314331 -0.00629118208122254
9800 7640 -2178 0.0102772135716292 -0.00786052515602112 -0.00347407607173920 -0.00563596118831635
9800 7440 -2178 0.0100373614918586 -0.00773937183189392 -0.00432110609149933 -0.00470757926273346
10000 7440 -2178 0.0127556471743932 -0.00950412530136108 -0.00533771582126618 -0.0066241966381
10000 7640 -2178 0.0130203295478534 -0.00954759319114685 -0.00432388593387604 -0.00772583659744263
10000 7840 -2178 0.0131954651837671 -0.00953956414604187 -0.00326566852951050 -0.00851018811798096
10000 8040 -2178 0.0133021293354129 -0.00950458858299255 -0.00217774660921097 -0.00904792017173767
10000 8240 -2178 0.0133738488340904 -0.0094716113739 -0.00109431815695763 -0.00937812624359131
10000 8440 -2178 0.0134115216198785 -0.00946530974769592 -2.59170171074366e-05 -0.00950160109138489
10000 8640 -2178 0.0134218702519563 -0.00948134495353699 0.00103772979331017 -0.00944312535095215
10000 8840 -2178 0.0133945427319384 -0.00951770215606689 0.00212819953584671 -0.00918138809776306
10000 9040 -2178 0.0133468288675703 -0.00956884559249878 0.00321009308528900 -0.00873304841232300
10000 9240 -2178 0.0132465513087512 -0.0096268068695 0.00428325334453583 -0.00802844226455688
10000 9440 -2178 0.0130984066986849 -0.00966377207565308 0.00530128022575378 -0.00707773210144043
10200 9440 -2178 0.0168031802166751 -0.0116769244461 0.00654736733055115 -0.0101557564125
10200 9240 -2178 0.0167803592238 -0.0114319492301941 0.00525389688301086 -0.0111034931449890
10200 9040 -2178 0.0167443351061672 -0.0112115009422302 0.00392757369709015 -0.0118006132926941
10200 8840 -2178 0.0166947560267921 -0.0110555365982 0.00263125899028778 -0.0122298270015717
10200 8640 -2178 0.0166844112371425 -0.0109623701839447 0.00131391056489944 -0.012508923666
10200 8440 -2178 0.0166620592960257 -0.0109336013355255 8.03023470491171e-05 -0.0125729133129120
10200 8240 -2178 0.0166765796163546 -0.0109793742866516 -0.00120318113636970 -0.0124949409484863
10200 8040 -2178 0.0166822231301 -0.0110937245883942 -0.00247618608903885 -0.0122104195575714
10200 7840 -2178 0.0166918614192797 -0.0112618953742981 -0.00380246961688995 -0.0117183867721558
10200 7640 -2178 0.0166488353989825 -0.0114510262031555 -0.00512158584117890 -0.0109479214363
10200 7440 -2178 0.0165383324692966 -0.0116730080566406 -0.00657997924041748 -0.00969104937553406
10400 7440 -2178 0.0219604022397956 -0.0141077118377686 -0.00804480451393127 -0.0147823977661133
10400 7640 -2178 0.0215861228393659 -0.0134388348388672 -0.00618596788597107 -0.0157191672401428
10400 7840 -2178 0.021225395458 -0.0129235095634460 -0.0044959327383 -0.0162260964508
10400 8040 -2178 0.0209207467641585 -0.0125372022018433 -0.0029103848114 -0.0164932050781250
10400 8240 -2178 0.0207288733722349 -0.0122872870750427 -0.00142259029221535 -0.0166333610687256
10400 8440 -2178 0.0206495887526445 -0.0121910668640137 -1.37036260624882e-06 -0.0166667914314270
10400 8640 -2178 0.0206778459532944 -0.0122232042465210 0.00140908626675606 -0.0166186963119507
10400 8840 -2178 0.0208035956195289 -0.0123913416671753 0.0028946843605 -0.0164578554153442
10400 9040 -2178 0.0210489781093142 -0.0126876467857361 0.0044661057024 -0.0161910194778442
10400 9240 -2178 0.0214097407376817 -0.0131518465766907 0.00617264975261688 -0.0157272598648
10400 9440 -2178 0.0218653762647473 -0.0137590702018738 0.00800680089378357 -0.0149910857048
10600 9440 -2178 0.0281134857230192 -0.0150969327278137 0.00917240303993225 -0.0218712008895874
10600 9240 -2178 0.0267393108380159 -0.0141507667083740 0.00694149422645569 -0.0215992657928467
10600 9040 -2178 0.0257909663551491 -0.0134600570869446 0.00499212837982178 -0.0214264076614380
10600 8840 -2178 0.0252003201670647 -0.0130358796463 0.00328407981967926 -0.0213153822288513
10600 8640 -2178 0.0249083149803934 -0.0127866545162201 0.0016277397468 -0.0213137315979
10600 8440 -2178 0.0248389334457760 -0.0127370704326630 0.0001462773064 -0.0213239855575562
10600 8240 -2178 0.0250194977099353 -0.0128595842552185 -0.00138238018035889 -0.0214171749649
10600 8040 -2178 0.0254480494709236 -0.0131910960006714 -0.00295947116994858 -0.0215610769767761
10600 7840 -2178 0.0261809637203871 -0.0137364619865417 -0.00469316067218781 -0.0217894518585205
10600 7640 -2178 0.0272422995171396 -0.0145414554023743 -0.00661386174583435 -0.0220659788703919
10600 7440 -2178 0.0290057621716321 -0.0158637398948669 -0.00912159818267822 -0.0225066671333313
10800 7440 -2178 0.0347358876985751 -0.0150925109558105 -0.00865527531433106 -0.0300646672439575
10800 7640 -2178 0.0321882006071568 -0.0138827832756 -0.00638947941207886 -0.0283263938903809
10800 7840 -2178 0.0305495984698 -0.0130990034255982 -0.00453019004249573 -0.0272273206787109
10800 8040 -2178 0.0294694159610809 -0.0125806287307739 -0.00286944376945496 -0.0264944341201782
10800 8240 -2178 0.0288290250752 -0.0122587172660828 -0.0013510637803 -0.0260574280014
10800 8440 -2178 0.0285703033655268 -0.0121370128479 8.52546052858234e-05 -0.0258640268554688
10800 8640 -2178 0.0286363950544299 -0.0121790641422272 0.00152126075339317 -0.0258728151550293
10800 8840 -2178 0.0290408273036 -0.0124008760299683 0.00304895275211334 -0.0260822479095459
10800 9040 -2178 0.0298392409489376 -0.0127974956645966 0.00470921231937409 -0.0265401927108765
10800 9240 -2178 0.0311853909580797 -0.0134577924690247 0.00662972009849549 -0.0273389159240723
10800 9440 -2178 0.0332548485163870 -0.0144048451957703 0.00890579813575745 -0.0286194364776611
11000 9440 -2178 0.0353599516080428 -0.0116537978668213 0.0070184569931 -0.0326372847061157
11000 9240 -2178 0.0336386381783129 -0.0112663949985504 0.00556085326576233 -0.0312041379623413
11000 9040 -2178 0.0323769573787777 -0.0109248371486664 0.00413484035205841 -0.0301967266616821
11000 8840 -2178 0.0315780713263921 -0.0107006384220123 0.00280174352455139 -0.0295775932235718
11000 8640 -2178 0.0311397388995836 -0.0105405894622803 0.00147287129235268 -0.0292644829559326
11000 8440 -2178 0.0310472595944292 -0.0105030890941620 0.000258255195736885 -0.0292151341247559
11000 8240 -2178 0.0312875915448259 -0.0105493260478973 -0.000991256064653397 -0.0294386915359497
11000 8040 -2178 0.0318818334079633 -0.0107111762161255 -0.00225150020647049 -0.0299458603591919
11000 7840 -2178 0.0328730800282490 -0.0109547482051849 -0.00357682771682739 -0.0307866539001465
11000 7640 -2178 0.0342886860130846 -0.0112852037525177 -0.00494561083984375 -0.0320041565780640
11000 7440 -2178 0.0364846314315645 -0.0117066040267944 -0.00650903217506409 -0.0339369452514648
11200 7440 -2178 0.0363763848519381 -0.00813322341156006 -0.00437334166431427 -0.0351827930679321
11200 7640 -2178 0.0349931827697682 -0.00827794504356384 -0.00356136903667450 -0.0338150907592773
11200 7840 -2178 0.0339298781308561 -0.00832682434082031 -0.00265591522026062 -0.0327819858779907
11200 8040 -2178 0.0331437392744388 -0.00833610905456543 -0.00170398155593872 -0.0320327372665405
11200 8240 -2178 0.0326416441864489 -0.00832304433822632 -0.000739872892379761 -0.0315540244064331
11200 8440 -2178 0.0324344887169795 -0.00832848258209229 0.000216037874937058 -0.0313462178268433
11200 8640 -2178 0.0324942161400572 -0.00835237766075134 0.0011694987843 -0.0313807228240967
11200 8840 -2178 0.0328302732929186 -0.0084036995964 0.00215730236196518 -0.0316628234252930
11200 9040 -2178 0.0334519395354630 -0.00845606002235413 0.00314996998262405 -0.0322128904342651
11200 9240 -2178 0.0344034363596233 -0.00850127565956116 0.00412858251571655 -0.033079896492
11200 9440 -2178 0.0356503009921 -0.00847567424774170 0.00500541190719605 -0.0342669224853516
11400 9440 -2178 0.0353945879684 -0.00586713689041138 0.00349367190647125 -0.0347295222778320
11400 9240 -2178 0.0345867664305185 -0.00609663730716705 0.00304218840265274 -0.0339089441070557
11400 9040 -2178 0.0339111916295984 -0.00622173848247528 0.00244421268987656 -0.0332458806152344
11400 8840 -2178 0.0334416763568 -0.00628708548927307 0.00177047053432465 -0.0327979992446900
11400 8640 -2178 0.0331622390662945 -0.00628858642292023 0.00102243323969841 -0.0325444682083130
11400 8440 -2178 0.0331021356757809 -0.00627874773693085 0.000317590377628803 -0.0324997167205811
11400 8240 -2178 0.0332496210511370 -0.00623421275043488 -0.0004042784937 -0.0326564549255371
11400 8040 -2178 0.0336073173169622 -0.0061621817255 -0.00109995330786705 -0.0330204082870483
11400 7840 -2178 0.0341631640707427 -0.00602680822849274 -0.00176216888427734 -0.0335829169692993
11400 7640 -2178 0.0348943135219945 -0.00582004901313782 -0.00233921673679352 -0.0343260002593994
11400 7440 -2178 0.0358523637506951 -0.0054485341196 -0.00281439036941528 -0.0353239956588745
11600 7440 -2178 0.0353658609690968 -0.00359391228866577 -0.00177586715841293 -0.0351387346191406
11600 7640 -2178 0.0347451678746639 -0.00393549516582489 -0.00152762155008316 -0.0344868726730347
11600 7840 -2178 0.0342180761471220 -0.00418562821388245 -0.00116293381524086 -0.0339410555953980
11600 8040 -2178 0.0338037938143920 -0.00435948993682861 -0.0007157166202 -0.0335146085357666
11600 8240 -2178 0.0335281512285999 -0.0044626785345 -0.000226053576260805 -0.0332290584411621
11600 8440 -2178 0.0334110667327425 -0.00451610132408142 0.000284156127691269 -0.0331034105758667
11600 8640 -2178 0.0334468712773389 -0.00452459834861755 0.000799492304682732 -0.0331297367324829
11600 8840 -2178 0.0336429158664301 -0.00449241326045990 0.0013144223423 -0.0333154261398315
11600 9040 -2178 0.0339828285360719 -0.00439687621402740 0.00178599773406982 -0.0336490158920288
11600 9240 -2178 0.0344728562202690 -0.00423137725543976 0.00219120522737503 -0.0341414877471924
11600 9440 -2178 0.0350637281565735 -0.00397020939826965 0.0024719326229 -0.0347488868560791
11800 9440 -2178 0.0347641000009849 -0.0026136985588 0.00176944090032577 -0.0346201609725952
11800 9240 -2178 0.0343598800359914 -0.00284260549592972 0.00162427206802368 -0.0342035555343628
11800 9040 -2178 0.0339976883527 -0.0030042547307 0.00137702392554283 -0.0338369284667969
11800 8840 -2178 0.0337381267609893 -0.00310753215026855 0.00106653477525711 -0.0335777745666504
11800 8640 -2178 0.0335764085576504 -0.00314636321735382 0.000696972384095192 -0.0334213060989380
11800 8440 -2178 0.0335407951910868 -0.00314798954486847 0.0003414002068 -0.0333909531707764
11800 8240 -2178 0.0336214316890505 -0.00309702365684509 -2.56021046112291e-05 -0.0334790167236328
11800 8040 -2178 0.0338209811548 -0.00300121762704849 -0.000367144432127476 -0.0336859494018555
11800 7840 -2178 0.0341225685176284 -0.00284446653747559 -0.000674088824868202 -0.0339962422103882
11800 7640 -2178 0.0344959301605770 -0.00263443467473984 -0.000908236243486405 -0.0343831944198608
11800 7440 -2178 0.0349632977676415 -0.00232505412626267 -0.00106824626493454 -0.0348706145935
12000 7440 -2178 0.0346780007875 -0.00142201526403427 -0.000580331212759018 -0.0346436251831
12000 7640 -2178 0.0343444062951560 -0.00163375041961670 -0.000498418998956680 -0.0343018359756470
12000 7840 -2178 0.0340541076938468 -0.00180020960187912 -0.000352551083445549 -0.0340035737762451
12000 8040 -2178 0.0338153893224726 -0.00192665280914307 -0.000153537682890892 -0.0337601094512939
12000 8240 -2178 0.0336539428068458 -0.00200568602132797 7.37484111264348e-05 -0.0335936921386719
12000 8440 -2178 0.0335867146537301 -0.00204644430923462 0.000315365054547787 -0.0335228210449219
12000 8640 -2178 0.0336091941675711 -0.0020482951045 0.000559608458399773 -0.0335420988769531
12000 8840 -2178 0.0337285659408489 -0.00201547021675110 0.000798543062448501 -0.0336589696731567
12000 9040 -2178 0.0339295185816827 -0.00193622459602356 0.0010116132996 -0.0338591184768677
12000 9240 -2178 0.0342115105205494 -0.00181014995145798 0.00118187954592705 -0.0341438906707764
12000 9440 -2178 0.034539073972 -0.00163324049472809 0.00128073186039925 -0.0344775533981323
12200 9440 -2178 0.0343870183546301 -0.000888818753480911 0.000914949369668961 -0.0343631952056885
12200 9240 -2178 0.0341320465751 -0.00100834348583221 0.000866935047149658 -0.0341062286300659
12200 9040 -2178 0.0339033832714189 -0.00109743061804771 0.000775321270823479 -0.0338768685989380
12200 8840 -2178 0.0337337374861445 -0.00115695522284508 0.000650787885189056 -0.0337076100387573
12200 8640 -2178 0.0336244991445672 -0.00118050316524506 0.000492958621144295 -0.0336000774612427
12200 8440 -2178 0.0335990113803294 -0.001182476125 0.000343252404987812 -0.0335762368774414
12200 8240 -2178 0.0336501972704737 -0.00115431411504745 0.000187069922387600 -0.0336299815979
12200 8040 -2178 0.0337777187118401 -0.0011009025774 4.56991927325726e-05 -0.0337600709152222
12200 7840 -2178 0.0339692909244868 -0.00101620683264732 -7.79690383076668e-05 -0.0339533543243408
12200 7640 -2178 0.0342021392606172 -0.000908278351783753 -0.000163775995224714 -0.03418869207
12200 7440 -2178 0.0344833260890461 -0.000757419635176659 -0.000219301614910364 -0.0344751821517944
12400 7440 -2178 0.0343869338278 -0.000222611260354519 6.44801052510738e-05 -0.0343858983764648
12400 7640 -2178 0.0341502947691816 -0.000292171670317650 8.25030272752047e-05 -0.0341488542709351
12400 7840 -2178 0.0339395654788136 -0.000349925378382206 0.000122694462388754 -0.0339375360031128
12400 8040 -2178 0.0337661627478 -0.0003959192059 0.000182012969315052 -0.0337633509292603
12400 8240 -2178 0.0336467577238778 -0.000424576165199280 0.000251913249373436 -0.0336427206344605
12400 8440 -2178 0.0335974782915601 -0.000439349777817726 0.000326185413062573 -0.0335926654891968
12400 8640 -2178 0.0336180480716986 -0.000440045864582062 0.000402013867735863 -0.0336127474975586
12400 8840 -2178 0.0337089736107846 -0.000428430117011070 0.000477952894568443 -0.0337027656707764
12400 9040 -2178 0.0338612882126440 -0.000399437269985676 0.000544473913192749 -0.0338545541610718
12400 9240 -2178 0.0340716187112421 -0.000354122604072094 0.000598117494225502 -0.0340644308319
12400 9440 -2178 0.0343102897388531 -0.000290768057048321 0.000627466918230057 -0.0343036648178101
12600 9440 -2178 0.0343017975980374 0.000239593601524830 0.000371477929949760 -0.0342992709579468
12600 9240 -2178 0.0340758449222732 0.000227570296049118 0.000373256413817406 -0.0340729143066406
12600 9040 -2178 0.0338715677203914 0.000220425922214985 0.000367600485920906 -0.0338688556365967
12600 8840 -2178 0.0337187986182244 0.000214427902281284 0.0003595904774 -0.0337156425170898
12600 8640 -2178 0.0336203015749 0.000218063163757324 0.000345669005811215 -0.0336177660217285
12600 8440 -2178 0.0335954749058496 0.000217244650483131 0.0003380663982 -0.0335930315780640
12600 8240 -2178 0.033638081647 0.000220673802196980 0.000329634218692779 -0.0336355252227783
12600 8040 -2178 0.0337502667486401 0.000223766957223415 0.000323753343641758 -0.0337481733703613
12600 7840 -2178 0.0339185760805971 0.000229977676331997 0.000317969428122044 -0.0339168613891602
12600 7640 -2178 0.0341232147245675 0.000235168955087662 0.000317242384552956 -0.0341209295883179
12600 7440 -2178 0.0343698003667830 0.000245438447296619 0.000314803892314434 -0.0343667886199951
12800 7440 -2178 0.0344370776994264 0.000710179026722908 0.000559623809814453 -0.0344255808258
12800 7640 -2178 0.0341820521178713 0.000769405518770218 0.000535539630889893 -0.0341694090576172
12800 7840 -2178 0.0339525884558547 0.0008157946577 0.0004974530245 -0.0339397982254
12800 8040 -2178 0.0337651647662867 0.000849057023525238 0.000447893704056740 -0.0337515161895752
12800 8240 -2178 0.0336377275487386 0.000872571768999100 0.000391253348231316 -0.0336238187484741
12800 8440 -2178 0.0335860621995632 0.000883012715578079 0.000329557691752911 -0.0335730627212524
12800 8640 -2178 0.0336094707747 0.000883156881093979 0.000269450851559639 -0.0335968026351929
12800 8840 -2178 0.0337088534187573 0.000867709449052811 0.000214755661875010 -0.0336970588531494
12800 9040 -2178 0.0338754751551767 0.000843836337089539 0.000169131875246763 -0.0338645412139893
12800 9240 -2178 0.0341035595124532 0.000806567533612251 0.000138661271154881 -0.0340934748382568
12800 9440 -2178 0.0343645881695544 0.000760984135031700 0.000121815888762474 -0.0343558938446
13000 9440 -2178 0.0344909808271699 0.0013398257668 -0.000157848816514015 -0.0344646331939697
13000 9240 -2178 0.0341904926182198 0.00143142926549912 -0.000109429829999804 -0.0341604922103882
13000 9040 -2178 0.033921437675 0.00150705896329880 -3.22152289822698e-05 -0.0338879280776978
13000 8840 -2178 0.0337235813253553 0.00155510500454903 7.32270815819502e-05 -0.0336876705322266
13000 8640 -2178 0.0335961892234 0.00158846689772606 0.000196808668762445 -0.0335579458999634
13000 8440 -2178 0.0335637410727353 0.00158956201386452 0.000329534650862217 -0.0335246310119629
13000 8240 -2178 0.0336203487999742 0.00157004707717895 0.000464737789511681 -0.03358044207
13000 8040 -2178 0.0337645473188520 0.0015231227777 0.000591830532193184 -0.0337254488372803
13000 7840 -2178 0.0339808886840118 0.00145351041173935 0.000702237798571587 -0.0339434895706177
13000 7640 -2178 0.0342527943569842 0.0013562130773 0.0007864467107 -0.0342159935302734
13000 7440 -2178 0.0345880920611335 0.00122821085834503 0.000835460805177689 -0.0345561805725
13200 7440 -2178 0.0348216033102338 0.00186779384994507 0.0011777482686 -0.0347521292037964
13200 7640 -2178 0.0344080625363554 0.00206596002435684 0.00109346279168129 -0.0343278790740967
13200 7840 -2178 0.0340470772477 0.00221882400083542 0.000951120024919510 -0.0339613330383301
13200 8040 -2178 0.0337627849403409 0.0023284950056 0.000766777859687805 -0.0336738590927124
13200 8240 -2178 0.0335719312969254 0.00240198182344437 0.000555769369840622 -0.0334816792907715
13200 8440 -2178 0.0334955337466523 0.00243619287109375 0.000332281792342663 -0.0334053465042114
13200 8640 -2178 0.033529896298 0.00243610915422440 0.000110145608037710 -0.0334410690231323
13200 8840 -2178 0.0336769253913215 0.00239531619501114 -0.000101341882079840 -0.0335913244628906
13200 9040 -2178 0.0339244554204215 0.00232019534587860 -0.000283828341186047 -0.0338439041976929
13200 9240 -2178 0.0342727656909521 0.00220039201116562 -0.000421827252268791 -0.0341994562072754
13200 9440 -2178 0.0346838886479851 0.00204109878778458 -0.000501271860718727 -0.0346199377288818
13400 9440 -2178 0.0349181720067 0.00296500749206543 -0.000963515041828155 -0.0347784079971313
13400 9240 -2178 0.0343870640706833 0.00315847700691223 -0.000824721902132034 -0.0342320460662842
13400 9040 -2178 0.0339285602852430 0.00330951023387909 -0.000609367817282677 -0.0337610004501343
13400 8840 -2178 0.0336011079592726 0.00340325469779968 -0.000333680122375488 -0.0334267825546265
13400 8640 -2178 0.0333925155916 0.00346306307697296 -1.15337456120178e-05 -0.0332124548721314
13400 8440 -2178 0.0333406759440107 0.00346415804958344 0.000318518322527409 -0.0331590826492310
13400 8240 -2178 0.0334297509648157 0.00342545849323273 0.000656365589022637 -0.0332468306579590
13400 8040 -2178 0.0336676674485151 0.00333694180488586 0.000974992021322250 -0.0334869494323730
13400 7840 -2178 0.0340353927176716 0.00319869428348541 0.00126204773473740 -0.0338607030410767
13400 7640 -2178 0.0345086033909265 0.00300220948266983 0.00148960104036331 -0.0343462524261475
13400 7440 -2178 0.0351214653813973 0.00272426883935928 0.00164094528055191 -0.0349777660064697
13600 7440 -2178 0.0354633174398945 0.00391990393066406 0.00229886999702454 -0.0351699431991577
13600 7640 -2178 0.0346323688920786 0.00425559864425659 0.00205877151107788 -0.0343093062362671
13600 7840 -2178 0.0339574442637777 0.00449057611083984 0.00170966598367691 -0.0336145492782593
13600 8040 -2178 0.0334478355077789 0.00464775424766541 0.00128407633805275 -0.0330976597213745
13600 8240 -2178 0.0331159720015173 0.00474630008792877 0.000819315156221390 -0.0327639039382935
13600 8440 -2178 0.0329886852230445 0.00479357301521301 0.000338650253474712 -0.0326372607040405
13600 8640 -2178 0.0330445393467726 0.00479531732654571 -0.0001400799463 -0.0326944521713257
13600 8840 -2178 0.0332986708730897 0.00474380230712891 -0.000608503449082375 -0.0329534147720337
13600 9040 -2178 0.0337300550116485 0.00464255099964142 -0.00103070248365402 -0.0333938372116
13600 9240 -2178 0.0343659306402806 0.00446960904216766 -0.00137828993368149 -0.0340472848815918
13600 9440 -2178 0.0351461141234739 0.00422232994461060 -0.00161422996187210 -0.0348524474487305
13800 9440 -2178 0.0351996313206 0.00599649424743652 -0.00257233816051483 -0.0345907214202881
13800 9240 -2178 0.0341425991711867 0.00620455155372620 -0.00216685224008560 -0.0335049980773926
13800 9040 -2178 0.0333055615974795 0.00633307487583160 -0.00163956583356857 -0.0326567668304443
13800 8840 -2178 0.0327338647683185 0.00640332845878601 -0.00103228157806396 -0.0320845191802979
13800 8640 -2178 0.0323789592301576 0.0064467202835 -0.000362964610517025 -0.0317288789901733
13800 8440 -2178 0.0322913612295 0.00644058060264587 0.000299743714630604 -0.0316414854049683
13800 8240 -2178 0.0324377165174724 0.00640923732376099 0.000978872077465057 -0.0317828083648682
13800 8040 -2178 0.0328455624588 0.00633672812747955 0.00163768392705917 -0.0321856241683960
13800 7840 -2178 0.0334994176131855 0.00621215688419342 0.0022661737914 -0.0328402884216309
13800 7640 -2178 0.0343978267608798 0.00600248034858704 0.00281044594812393 -0.0337530102462769
13800 7440 -2178 0.0356629887550719 0.00566078858375549 0.00326334532833099 -0.0350628567199707
14000 7440 -2178 0.0353759889979296 0.00817995779991150 0.00469930386829376 -0.0340927761383
14000 7640 -2178 0.0336893140728876 0.00837636194801331 0.00394678358364105 -0.0323919215011597
14000 7840 -2178 0.0324759601150217 0.00844898391723633 0.00308598960304260 -0.0312054374160767
14000 8040 -2178 0.0316416170624 0.00846085157394409 0.0021720393815 -0.0304105825119
14000 8240 -2178 0.0311285163038121 0.00845922410202027 0.00125459028744698 -0.0299297279968262
14000 8440 -2178 0.0309377778292207 0.00846453055953980 0.000344411261618137 -0.0297558071212769
14000 8640 -2178 0.0310264710066601 0.00848063959693909 -0.000563534114 -0.0298398512573242
14000 8840 -2178 0.0314245117884484 0.00849778391838074 -0.00148816698765755 -0.0302170972900391
14000 9040 -2178 0.0321244811923925 0.00851654144859314 -0.00239198128223419 -0.0308848560333252
14000 9240 -2178 0.0332251610270739 0.00851012765312195 -0.00325150344467163 -0.0319510993347168
14000 9440 -2178 0.0347218049076792 0.00844244813728333 -0.00399895293998718 -0.0334379680023193
14200 9440 -2178 0.0328758559125 0.0115688411884308 -0.00602097822952270 -0.0301789116821289
14200 9240 -2178 0.0312370101200239 0.0112208657150269 -0.00471127092456818 -0.0287688529510498
14200 9040 -2178 0.0300399736654 0.0109300276470184 -0.00341160206222534 -0.0277718442916870
14200 8840 -2178 0.0292882963289938 0.0107321627769470 -0.00216537577438354 -0.0271650891723633
14200 8640 -2178 0.0288160003886147 0.0106243510818481 -0.000905658627510071 -0.0267704867019653
14200 8440 -2178 0.0287065033471754 0.0105877563343 0.000259491410791874 -0.0266818357315
14200 8240 -2178 0.0288731487267874 0.0106355234184265 0.00145028541159630 -0.026802853096
14200 8040 -2178 0.0293735033715657 0.0107736915550232 0.00266241581678391 -0.0271963566055298
14200 7840 -2178 0.0302227627191952 0.0109908020286560 0.00393934875965118 -0.0278783750534
14200 7640 -2178 0.0315109369660944 0.0112551497898102 0.00523915247535706 -0.0289661053314209
14200 7440 -2178 0.0335971762697891 0.0116037904777527 0.00669998197937012 -0.0308084602737427
14400 7440 -2178 0.0295843020054206 0.0151009533081 0.0088197828598 -0.0238627438659668
14400 7640 -2178 0.0279055197473221 0.0140119583053589 0.00666514782714844 -0.0231923768424988
14400 7840 -2178 0.0267982629510396 0.0132737668418884 0.00484524342823028 -0.0227711034164429
14400 8040 -2178 0.0260847395127901 0.0127769598655701 0.00321900726032257 -0.0225121360549927
14400 8240 -2178 0.0256576860146613 0.0124739322280884 0.00172917936944962 -0.0223545924835205
14400 8440 -2178 0.0255096537047416 0.0123627999038696 0.000315566664278507 -0.0223114211044312
14400 8640 -2178 0.0256009159027736 0.0124090316963196 -0.00109184934329987 -0.0223661572647
14400 8840 -2178 0.0259720952562235 0.0126175982379913 -0.00259325628376007 -0.0225529668388367
14400 9040 -2178 0.0266175478949202 0.0130029125671387 -0.0042145919342 -0.0228397752952576
14400 9240 -2178 0.0276526559335240 0.0136271677589416 -0.00605641244506836 -0.0232891635932922
14400 9440 -2178 0.0291827635194113 0.0145469424476623 -0.00824189167594910 -0.0239189782066345
14600 9440 -2178 0.0245645837587882 0.0156696116790771 -0.0090858940277 -0.0165927503280640
14600 9240 -2178 0.0235414726065335 0.0146426899528503 -0.00674375224876404 -0.0171559112319946
14600 9040 -2178 0.0228047975178 0.0139059328842163 -0.00473884313011169 -0.0174421095695496
14600 8840 -2178 0.0223360253992720 0.0134496734962463 -0.00299145722055435 -0.0175801051902771
14600 8640 -2178 0.0220217104870999 0.0131816911163330 -0.00133082988357544 -0.0175906042098999
14600 8440 -2178 0.0219391406219 0.0131188550300598 0.000163550493657589 -0.0175837384681702
14600 8240 -2178 0.0220034944090976 0.0132366162300110 0.00170881464147568 -0.0174939314880371
14600 8040 -2178 0.0222739246779 0.0135704061584473 0.00329264605522156 -0.0173537245445251
14600 7840 -2178 0.0227331701689961 0.0141205102882385 0.00502897542858124 -0.0170914487762451
14600 7640 -2178 0.0234522397581230 0.0149447393722534 0.00697060004997253 -0.0166757156295776
14600 7440 -2178 0.0246162586582162 0.0163131151046753 0.00950318812561035 -0.0157971800880432
14800 7440 -2178 0.0198111441881900 0.0147415335388184 0.00846571229171753 -0.0101751604938507
14800 7640 -2178 0.0192000518832419 0.0139846328201294 0.00653172560119629 -0.0114202337131500
14800 7840 -2178 0.0187926546110953 0.0134249397163391 0.00479684151744843 -0.0122443935089111
14800 8040 -2178 0.0185376245218605 0.0130264154701233 0.00318056726121902 -0.0128002268314362
14800 8240 -2178 0.0183877751426492 0.0127687158794403 0.00166907333183289 -0.0131262108650208
14800 8440 -2178 0.0183514488015 0.0126759529800415 0.000224295221775770 -0.0132677530021667
14800 8640 -2178 0.0184157589241156 0.0127231885147 -0.00121717207455635 -0.0132579650497437
14800 8840 -2178 0.0186118007597521 0.0129273358573914 -0.00275889341688156 -0.0131023517837524
14800 9040 -2178 0.0189117962165375 0.013267652359 -0.0043845239582 -0.0127441174488
14800 9240 -2178 0.0193906289398956 0.0138093141784668 -0.00620761130428314 -0.0121152681999207
14800 9440 -2178 0.0200367737809912 0.0145146979408264 -0.00820121024513245 -0.0111127823333740
15000 9440 -2178 0.0160185022566138 0.0123515039768219 -0.00675281408119202 -0.00764389764213562
15000 9240 -2178 0.0157815324491756 0.0120919121551514 -0.00537546343708038 -0.00859936487388611
15000 9040 -2178 0.0155534660610192 0.0118273094234467 -0.00395193357086182 -0.00929526119804382
15000 8840 -2178 0.0153931462144483 0.0116443311882 -0.00258341735315323 -0.0097309155693
15000 8640 -2178 0.0152469350994613 0.0114996785335541 -0.00118424925422668 -0.00994093782615662
15000 8440 -2178 0.0151975424698587 0.0114628104953766 8.72942349463701e-05 -0.00997844334411621
15000 8240 -2178 0.0151842338459670 0.0114934912338257 0.00138843730473518 -0.00982563988876343
15000 8040 -2178 0.0152322485293511 0.0116170066089630 0.00269918555784225 -0.00947528100013733
15000 7840 -2178 0.0153180981522902 0.0117893034057617 0.00406527128028870 -0.00889488796997070
15000 7640 -2178 0.0154676307036754 0.0120113199348450 0.00544020188903809 -0.00808533439445496
15000 7440 -2178 0.0156570459804379 0.0122500360889435 0.0069298481121 -0.00686112661361694
15200 7440 -2178 0.0123952361192171 0.0099647975521 0.00559647143173218 -0.00479890143871307
15200 7640 -2178 0.0123825025680294 0.00998697418785095 0.0045479278593 -0.00573611964702606
15200 7840 -2178 0.0123740562130735 0.00997158089447021 0.0034608933382 -0.00645847166442871
15200 8040 -2178 0.0123830466790852 0.00994513479042053 0.00234582473897934 -0.00699457560729980
15200 8240 -2178 0.0123944293866788 0.0099134400196 0.00123237999534607 -0.00733750597572327
15200 8440 -2178 0.0124232579712638 0.0099136742134 0.000134234434843063 -0.00748598127746582
15200 8640 -2178 0.0124662457218710 0.00994012459754944 -0.0009634044044 -0.00746132756614685
15200 8840 -2178 0.0125412425165631 0.0100055374240875 -0.00210655185747147 -0.00726209127998352
15200 9040 -2178 0.0126175683097704 0.0100744572753906 -0.00323855779123306 -0.00687168713569641
15200 9240 -2178 0.0127132471341704 0.0101599965858459 -0.00438651791191101 -0.00625785460853576
15200 9440 -2178 0.0127901722123918 0.0102073928909302 -0.00547486243724823 -0.00542529697418213
15400 9440 -2178 0.0102484652059623 0.00837097288513183 -0.00443344332504272 -0.00391196438121796
15400 9240 -2178 0.0102685390258171 0.00844320891571045 -0.0036416866312 -0.00457095655632019
15400 9040 -2178 0.0102571684614866 0.00846260154342651 -0.002764235116 -0.00509439733314514
15400 8840 -2178 0.0102359204478840 0.00846536673355103 -0.00185061943054199 -0.00544800488758087
15400 8640 -2178 0.0101850253306855 0.00843569831466675 -0.0008779868164 -0.00563958116912842
15400 8440 -2178 0.0101541353838421 0.00842011757278442 3.48304179105908e-05 -0.00567518381214142
15400 8240 -2178 0.0101096133445285 0.00839399143791199 0.000972925048828125 -0.00554913688182831
15400 8040 -2178 0.0100691144564981 0.0083735271244 0.00189428290557861 -0.00526144483089447
15400 7840 -2178 0.0100169987973546 0.00832417598724365 0.00280539524507523 -0.00481436564445496
15400 7640 -2178 0.00996938608848509 0.00825004156494141 0.00366546174812317 -0.00422953855133057
15400 7440 -2178 0.00988847515858320 0.00810182079505920 0.00452183131122589 -0.00341985440254212
15600 7440 -2178 0.00792845887593079 0.0066116550045 0.00368213313674927 -0.0023643833847
15600 7640 -2178 0.00798852016635565 0.00675468962097168 0.00304021747303009 -0.00299147401714325
15600 7840 -2178 0.0080533602032 0.00686201118087769 0.00234412303733826 -0.0035029692316
15600 8040 -2178 0.00812235125105875 0.00694267052459717 0.00160240884113312 -0.00389902966403961
15600 8240 -2178 0.00817507060853091 0.00698731698989868 0.000842314626812935 -0.0041592590065
15600 8440 -2178 0.00821625957212974 0.00701787737655640 7.82089182436466e-05 -0.00427234186172485
15600 8640 -2178 0.00824480627838068 0.00703188454437256 -0.00068426949 -0.00424999388027191
15600 8840 -2178 0.00826904233862797 0.00703542299079895 -0.00146963179612160 -0.00408934280395508
15600 9040 -2178 0.00827219976426072 0.00700784984779358 -0.00222649951219559 -0.00378976346397400
15600 9240 -2178 0.00826555605183422 0.00695691612625122 -0.00296040280818939 -0.00333987915134430
15600 9440 -2178 0.00823767169561793 0.00686002828407287 -0.00362613470172882 -0.00276640809202194
15800 9440 -2178 0.00657960613551843 0.00557732416439056 -0.00294748966646194 -0.00187007183218002
15800 9240 -2178 0.00662700174895494 0.00568531157779694 -0.00244295168781281 -0.00237199736404419
15800 9040 -2178 0.0066600741047 0.00575711264324188 -0.00187072734689713 -0.00277716047191620
15800 8840 -2178 0.00667967085331452 0.00580483754062653 -0.00126620363306999 -0.00305245466327667
15800 8640 -2178 0.00666521052748856 0.00581075429439545 -0.000609247684717178 -0.00320736779308319
15800 8440 -2178 0.00664665790681330 0.00580527658271790 1.25174692630335e-05 -0.00323693547534943
15800 8240 -2178 0.00660328242474748 0.00577030168628693 0.0006474733293 -0.00314462762069702
15800 8040 -2178 0.00654655745387037 0.00571757055473328 0.00126632770085335 -0.00292520112609863
15800 7840 -2178 0.00647084383431000 0.00562947535896301 0.00187202010393143 -0.00258386683893204
15800 7640 -2178 0.00639902187056445 0.00552007828426361 0.00243085883998871 -0.00213716287469864
15800 7440 -2178 0.00632654408526928 0.00536989868545532 0.00297741666173935 -0.00152431819963455
16000 7440 -2178 0.00492776679358170 0.00422641936016083 0.00233218238782883 -0.000990000420093537
16000 7640 -2178 0.0050205148429 0.00437860020637512 0.00194773169422150 -0.00149646072626114
16000 7840 -2178 0.00511606214392259 0.00450468345355988 0.00151751782035828 -0.00189119937515259
16000 8040 -2178 0.00520507268551826 0.00460446423435211 0.00104454969668388 -0.002191028687
16000 8240 -2178 0.00527159909747163 0.00466754272174835 0.000546280040383339 -0.0023884434638
16000 8440 -2178 0.00531237848713152 0.00470236511898041 4.36464183405042e-05 -0.00247139399385452
16000 8640 -2178 0.00532870056599383 0.00470871306514740 -0.000461616259098053 -0.00245165169477463
16000 8840 -2178 0.00532566376669404 0.004690998003 -0.000976863373041153 -0.0023244290142
16000 9040 -2178 0.00529169408504726 0.0046358779087 -0.00146115786933899 -0.00209207381486893
16000 9240 -2178 0.00523429077404156 0.00454892152214050 -0.00191564601993561 -0.00174185697174072
16000 9440 -2178 0.00515817671694481 0.00442582369804382 -0.00231986082458496 -0.00128076181697845
16200 9440 -2178 0.00398111962214861 0.0034252558794 -0.0017539091382 -0.00102021697092056
16200 9240 -2178 0.00410677539677719 0.00357331161689758 -0.0014981085875 -0.00136114617443085
16200 9040 -2178 0.00419614761215910 0.00367960551738739 -0.00117533060598373 -0.00163914325618744
16200 8840 -2178 0.00425104650689851 0.00374997279167175 -0.000808588737130165 -0.00183194730615616
16200 8640 -2178 0.00426619678143580 0.00377632800483704 -0.000397923073649407 -0.00194454062271118
16200 8440 -2178 0.00425822483946587 0.00377658601188660 -8.56281454034615e-07 -0.00196706698465347
16200 8240 -2178 0.00421642835825439 0.00373999848175049 0.000407347919285297 -0.00190393262004852
16200 8040 -2178 0.00414790940833936 0.00367422192382812 0.000797863926887512 -0.00175175879287720
16200 7840 -2178 0.00404908323091382 0.00356793981933594 0.00116651179242134 -0.00151758059954643
16200 7640 -2178 0.00393117702266078 0.00343049545764923 0.00148514654803276 -0.00121665917539597
16200 7440 -2178 0.00376677149938984 0.0032287333374 0.00176199418401718 -0.000810653839230537
16400 7440 -2178 0.00291904257157018 0.00247499740123749 0.00134309175992012 -0.000769108747
16400 7640 -2178 0.00307442671807645 0.00265022770881653 0.00115972607278824 -0.00104087855792046
16400 7840 -2178 0.00319979501782692 0.00278819699382782 0.000923273242235184 -0.00126969543266296
16400 8040 -2178 0.00330107962273958 0.00289445488691330 0.000643104367971420 -0.0014510316677
16400 8240 -2178 0.00337062719657754 0.00296165264034271 0.000337481454372406 -0.00157342885804176
16400 8440 -2178 0.00340810737157293 0.00299534917783737 2.35972766345367e-05 -0.00162552140998840
16400 8640 -2178 0.00341562141118601 0.00299721931409836 -0.000291377898871899 -0.00161190723299980
16400 8840 -2178 0.00339503298453140 0.00296896239471435 -0.000608647263050079 -0.00153004737758636
16400 9040 -2178 0.00333787222707090 0.00290192640113831 -0.0008944463365 -0.00138560393118858
16400 9240 -2178 0.00324277367571852 0.00279694897222519 -0.00114482936906815 -0.00117548441886902
16400 9440 -2178 0.00310604900429059 0.00265004615736008 -0.00133586878728867 -0.000915879204988480
16600 9440 -2178 0.00248124367766582 0.00207988730096817 -0.00104094916534424 -0.000864328547716141
16600 9240 -2178 0.00260260149233510 0.00220454087257385 -0.0009056685543 -0.00104560917115211
16600 9040 -2178 0.00269335171309581 0.00229978591585159 -0.0007214897418 -0.00120182322883606
16600 8840 -2178 0.00275075594821296 0.00236370378351212 -0.000502189563155174 -0.00131422239375114
16600 8640 -2178 0.00277443882775395 0.00239306240558624 -0.000249425076663494 -0.00138144702124596
16600 8440 -2178 0.00277196343622771 0.00239520583295822 -2.37757059933983e-06 -0.00139522010993958
16600 8240 -2178 0.00273942894971404 0.00236539652252197 0.000252172661423683 -0.00135847994065285
16600 8040 -2178 0.00267973598265950 0.00230801457357407 0.000492289881825447 -0.00126952917933464
16600 7840 -2178 0.00259205911314669 0.00221774340772629 0.000713786995291710 -0.00113597675871849
16600 7640 -2178 0.0024822616547 0.00210101502132416 0.000898107200145722 -0.000969840687036515
16600 7440 -2178 0.00233272799615713 0.00194120641708374 0.00104679500603676 -0.000760362726211548
16800 7440 -2178 0.00191253919188354 0.00155227225923538 0.000835913022994995 -0.000741374284625054
16800 7640 -2178 0.00202455836654616 0.00166882515048981 0.000723853217482567 -0.000888760775566101
16800 7840 -2178 0.00211731433093965 0.00176526564598083 0.000578607782 -0.00101589444994926
16800 8040 -2178 0.00219341955567377 0.00184239148235321 0.000404619571745396 -0.00111940819454193
16800 8240 -2178 0.00224644610271275 0.00189310595369339 0.0002122712692 -0.00119050747823715
16800 8440 -2178 0.00227340334847768 0.00191778545379639 1.37891977322288e-05 -0.00122082394599915
16800 8640 -2178 0.00227664139689103 0.00191771576118469 -0.000185361094623804 -0.00121289058613777
16800 8840 -2178 0.00225639208899622 0.00189408234786987 -0.000384249558031559 -0.00116454004502296
16800 9040 -2178 0.00220891340185577 0.00184272905445099 -0.000561993255376816 -0.00108082061719894
16800 9240 -2178 0.00213337767499403 0.00176512178039551 -0.000715151373267174 -0.000961433815
16800 9440 -2178 0.00203083678287676 0.00166260775995255 -0.000830983349084854 -0.000818611106634140
17000 9440 -2178 0.00169332999467452 0.00134818722152710 -0.000672468602657318 -0.000773009485721588
17000 9240 -2178 0.00177447736864942 0.0014278778944 -0.000582207873225212 -0.000878105514287949
17000 9040 -2178 0.00183775900447086 0.00149099413585663 -0.000464441248893738 -0.000968717954397202
17000 8840 -2178 0.00187953860957963 0.00153508557152748 -0.000323988069772720 -0.00103502109956741
17000 8640 -2178 0.00189822976255660 0.0015558922491 -0.000161555766761303 -0.00107528477048874
17000 8440 -2178 0.00189795600775821 0.00155764874649048 -2.36924365624327e-06 -0.00108441771316528
17000 8240 -2178 0.00187600038461714 0.00153759849691391 0.0001617337909 -0.0010626059401
17000 8040 -2178 0.00183477809545687 0.00149875278973579 0.000317293620646000 -0.00100947557806969
17000 7840 -2178 0.00177402099747761 0.00143820602369308 0.000458947831630707 -0.000931845299482346
17000 7640 -2178 0.00170016030344287 0.00136316666483879 0.000578353030443192 -0.000835472015619278
17000 7440 -2178 0.00160144492789229 0.00126300832056999 0.000677442985892296 -0.000714581476330757
17200 7440 -2178 0.00136124236981017 0.0010405467453 0.000556923415780067 -0.000678191435098648
17200 7640 -2178 0.00143331182585871 0.0011118241713 0.000478799901962280 -0.000767410992383957
17200 7840 -2178 0.00149479444418955 0.00117296486473083 0.000380579048156738 -0.000844816120386124
17200 8040 -2178 0.0015446061246 0.00122178239417076 0.000265464930295944 -0.0009067764244
17200 8240 -2178 0.00157898705098241 0.00125397657251358 0.000139322199791670 -0.000949306150197983
17200 8440 -2178 0.00159674860071654 0.00126997453045845 8.89307796937647e-06 -0.000967828341722489
17200 8640 -2178 0.00159820869239885 0.00127001097822189 -0.0001221972067 -0.0009626082766
17200 8840 -2178 0.00158358934593582 0.00125423993301392 -0.000253207827687263 -0.000933182762384415
17200 9040 -2178 0.00155120045363079 0.00122117156243324 -0.0003698557682 -0.0008823273909
17200 9240 -2178 0.00150033182342349 0.00117146935558319 -0.000472424718499184 -0.000809689867496491
17200 9440 -2178 0.0014337403808 0.00110758399343491 -0.000552297152161598 -0.000724048102259636
17400 9440 -2178 0.00122898320713929 0.000919966022014618 -0.000456805775046349 -0.0006748374809
17400 9240 -2178 0.00128089423002385 0.000968495687 -0.000393568147897720 -0.000740051687240601
17400 9040 -2178 0.00132259274005246 0.00100799566769600 -0.000311830913662910 -0.000797607043623924
17400 8840 -2178 0.00135035604969007 0.00103597471594810 -0.000216596479952335 -0.000838688198328018
17400 8640 -2178 0.00136333428601705 0.00104929706192017 -0.0001081175373 -0.000863693608522415
17400 8440 -2178 0.00136390458664284 0.00105064901733398 -1.26882979318179e-06 -0.000869619259595871
17400 8240 -2178 0.00134968740835736 0.00103786587023735 0.000108121939 -0.000856025970220566
17400 8040 -2178 0.00132283280426188 0.00101290764355659 0.000212365868031979 -0.000823747643232345
17400 7840 -2178 0.00128348772671026 0.000975151408433914 0.000308667157649994 -0.000775571530938148
17400 7640 -2178 0.001235565141 0.000928442304134369 0.000390579895496368 -0.000715586089015007
17400 7440 -2178 0.00117349328028141 0.000868427993535996 0.000460892567157745 -0.000640791133284569
17600 7440 -2178 0.00101989873541892 0.000729829919457435 0.000385579234540462 -0.0005990579046
17600 7640 -2178 0.00106570370376167 0.000772998456954956 0.000329312715470791 -0.000655920833230019
17600 7840 -2178 0.00110498223067909 0.000810280926227570 0.000261123437643051 -0.000704421035647392
17600 8040 -2178 0.00113725086544612 0.000840899158477784 0.000181610816985369 -0.000743800525069237
17600 8240 -2178 0.00115996116548659 0.000861405370712280 9.51002653241158e-05 -0.000771082465767860
17600 8440 -2178 0.00117132227123405 0.000871550393342972 6.01454406222183e-06 -0.000782456104993820
17600 8640 -2178 0.00117176580093954 0.000871305410623551 -8.268903657794e-05 -0.000779045749425888
17600 8840 -2178 0.00116159428193474 0.000861514052867889 -0.000171660196214914 -0.000760024830222130
17600 9040 -2178 0.00114008081215224 0.000840945445775986 -0.000252051862478256 -0.000727587522745132
17600 9240 -2178 0.00110687689626377 0.000809825104713440 -0.000323769534230232 -0.000681493146657944
17600 9440 -2178 0.00106398664739936 0.000770677152752876 -0.000381620598793030 -0.000626490247845650
17800 9440 -2178 0.000928965259313782 0.0006511763544 -0.0003203042562 -0.000579980933666229
17800 9240 -2178 0.000963093957497643 0.000681331266880036 -0.000273818876028061 -0.000622964337468147
17800 9040 -2178 0.000990412692944590 0.000705968755126000 -0.000215718929111958 -0.0006600939418
17800 8840 -2178 0.00100879653358613 0.000723327531218529 -0.000149597329765558 -0.0006870132656
17800 8640 -2178 0.00101773813318988 0.000731603662610054 -7.40623520314694e-05 -0.000703606251120567
17800 8440 -2178 0.00101847193618967 0.000732600449681282 -8.62755114259017e-07 -0.0007075345
17800 8240 -2178 0.00100960813684212 0.000724664056420326 7.50530096292496e-05 -0.000698734331250191
17800 8040 -2178 0.000992211650439458 0.000709114755392075 0.000147078426897526 -0.000678068073987961
17800 7840 -2178 0.000966484228459245 0.000685422065854073 0.000214599592268467 -0.000646848747015000
17800 7640 -2178 0.000935680032587845 0.000656801862478256 0.000272611397385597 -0.000608273972988129
17800 7440 -2178 0.000894868906691332 0.000619088884830475 0.000324508975863457 -0.000558760447263718
18000 7440 -2178 0.000790157754714766 0.000528762884855270 0.0002749732775 -0.000518770411372185
18000 7640 -2178 0.000820454465847426 0.000555995328664780 0.0002332706772 -0.000556397833824158
18000 7840 -2178 0.000846374435932205 0.000579634027 0.000183813593596220 -0.000588829486250877
18000 8040 -2178 0.000867638540345550 0.000599107725262642 0.000127517716437578 -0.000614390017628670
18000 8240 -2178 0.000882210171341731 0.000611348698258400 6.70259886234999e-05 -0.0006324590708
18000 8440 -2178 0.000889400872614594 0.000617894744396210 4.87956414452492e-06 -0.000639710534811020
18000 8640 -2178 0.000889459373868653 0.000618014276146889 -5.70971062928438e-05 -0.000637131268024445
18000 8840 -2178 0.000882319891117352 0.000611404489040375 -0.0001197431088 -0.000624995673179626
18000 9040 -2178 0.000867938502776536 0.000598550650835037 -0.000176857786893845 -0.000603057534813881
18000 9240 -2178 0.000845795375537121 0.0005790766561 -0.000228261571168900 -0.000572683454394341
18000 9440 -2178 0.0008173381151 0.000554540373086929 -0.000270638022482395 -0.000536188492059708
18200 9440 -2178 0.000723689932333769 0.000475461067795753 -0.000229479357838631 -0.000494977893948555
18200 9240 -2178 0.000746317268423129 0.000494803355216980 -0.0001946520287 -0.000523707030892372
18200 9040 -2178 0.000764830615273103 0.000510146048665047 -0.000152529179066420 -0.000548949674367905
18200 8840 -2178 0.000777231974346724 0.000521356770157814 -0.000104983916059136 -0.000566816664218903
18200 8640 -2178 0.000783458153296773 0.000526410148382187 -5.15629817992449e-05 -0.000578084683895111
18200 8440 -2178 0.000783931312555142 0.000526921218752861 2.17687522625056e-07 -0.000580432842493057
18200 8240 -2178 0.000778597507092664 0.000522226008176804 5.37335113808513e-05 -0.000574984159946442
18200 8040 -2178 0.000767180092450215 0.000512586818933487 0.000104843327522278 -0.000561017710447311
18200 7840 -2178 0.000750270449779350 0.000497130458950996 0.000153158037781715 -0.000540503159165382
18200 7640 -2178 0.000729726287614277 0.000479103174090385 0.000195666627675295 -0.0005144105823
18200 7440 -2178 0.000702816000734114 0.000455811879158020 0.000233744554638863 -0.0004813341813
18400 7440 -2178 0.000628437658327203 0.000395230483591557 0.000200477815598249 -0.000445573114871979
18400 7640 -2178 0.000648599685298037 0.000412021197319031 0.000169182373017073 -0.000471393045425415
18400 7840 -2178 0.000665660347658141 0.000427238685846329 0.000133216758877039 -0.000492879094719887
18400 8040 -2178 0.000679702434619134 0.000439027673959732 9.22091693282128e-05 -0.000510671948194504
18400 8240 -2178 0.000689391341925292 0.000447019797325134 4.85584472939372e-05 -0.000522474151492119
18400 8440 -2178 0.000693967631452380 0.000451190446853638 4.02509644508246e-06 -0.0005272589997
18400 8640 -2178 0.0006937412121 0.000450948220729828 -4.03048671483994e-05 -0.000525619984388351
18400 8840 -2178 0.000688872575554590 0.000447133018612862 -8.49394899308681e-05 -0.000517068755626678
18400 9040 -2178 0.000678854080321234 0.000438862336754799 -0.000126037961661816 -0.000502433369874954
18400 9240 -2178 0.000663893477033550 0.000426654903292656 -0.000163892528414726 -0.000481484238386154
18400 9440 -2178 0.000644799976351657 0.000411249636650085 -0.0001961213307 -0.000456212729096413
18600 9440 -2178 0.000577402503229491 0.000357823939323425 -0.000167409239292145 -0.000421032288551331
18600 9240 -2178 0.000593042657574402 0.000369931960165501 -0.000141221989184618 -0.000441537559747696
18600 9040 -2178 0.000605827157524659 0.000379655507385731 -0.000109972875863314 -0.000459029229879379
18600 8840 -2178 0.000614540514577831 0.000386930788218975 -7.52045859098434e-05 -0.000471475216150284
18600 8640 -2178 0.000618835596168456 0.000390279119551182 -3.64083008244634e-05 -0.000478765666246414
18600 8440 -2178 0.000619565717127859 0.000390590755641461 8.99224634686107e-07 -0.0004809460653
18600 8240 -2178 0.0006161630443 0.000387437100648880 3.98263409137726e-05 -0.000477238978862763
18600 8040 -2178 0.000608412861880790 0.000381124817550182 7.66675870418548e-05 -0.000467977057933807
18600 7840 -2178 0.0005972474391 0.000371586900889873 0.000111841809928417 -0.000453973909258842
18600 7640 -2178 0.000583247744561719 0.000360081988990307 0.000143346106946468 -0.000435856382727623
18600 7440 -2178 0.000564892844744187 0.000345029758453369 0.000172426679521799 -0.000412773659229279
18800 7440 -2178 0.000510355407344404 0.000302875041246414 0.000149183402627707 -0.000382602189242840
18800 7640 -2178 0.0005242092632 0.000314093136429787 0.000125409769773483 -0.000400467521667480
18800 7840 -2178 0.000535802033833414 0.0003238012945 9.84847905188799e-05 -0.0004153419336
18800 8040 -2178 0.000545421892847683 0.0003315249722 6.81563620716333e-05 -0.000427704272031784
18800 8240 -2178 0.000551781200433818 0.000337026791453361 3.64894743785262e-05 -0.0004353776232
18800 8440 -2178 0.0005547738332 0.000339721466362476 4.10549898049794e-06 -0.000438610212564468
18800 8640 -2178 0.000554407673177870 0.000339432154417038 -2.84804872721434e-05 -0.000437492147922516
18800 8840 -2178 0.000551036969693576 0.0003369247666 -6.11927032619715e-05 -0.000431445664882660
18800 9040 -2178 0.000543522587721883 0.000331318874895573 -9.14250492304564e-05 -0.000420987045168877
18800 9240 -2178 0.000533295198360124 0.000323472706019878 -0.000119666196674108 -0.000406772123694420
18800 9440 -2178 0.000519751874294698 0.000313932343482971 -0.000143614151626825 -0.000388620851337910
19000 9440 -2178 0.000470137683960614 0.000276550991117954 -0.000123728178530931 -0.000359420237421989
19000 9240 -2178 0.000481147012743428 0.000284864687561989 -0.000103506011933088 -0.000373607029199600
19000 9040 -2178 0.000490344068250494 0.000291062281668186 -8.02842386513949e-05 -0.000386449199497700
19000 8840 -2178 0.000496620364562822 0.000295750612437725 -5.44010640159249e-05 -0.000395226373076439
19000 8640 -2178 0.000499763141158073 0.0002974760394 -2.60236078649759e-05 -0.0004005943852
19000 8440 -2178 0.000500407070087555 0.000298437430083752 1.73829675205025e-06 -0.0004015406714
19000 8240 -2178 0.000498154139810393 0.000296263373255730 3.00111557543278e-05 -0.000399359878
19000 8040 -2178 0.000492996009287399 0.000292221006333828 5.75143672823906e-05 -0.000392830126166344
19000 7840 -2178 0.000485343850066046 0.000285739629268646 8.35988831520081e-05 -0.000383252290546894
19000 7640 -2178 0.000475971893868783 0.000278669346451759 0.000107289268851280 -0.000370596129417419
19000 7440 -2178 0.000463393688853710 0.000268805329024792 0.000129462040275335 -0.0003546280393
