# amount of points in x direction: 11 (distance of 200 steps)
# amount of points in y direction: 33 (distance of 206 steps)
# abs. coordinates of point 1: P1 (, , ) (offsets not corrected)
# Offsets of the hall probe have already been corrected for all following coordinates.
#
# X (absolute in steps=10um) Y (absolute in steps=10um) Z (absolute in steps=10um) Babs(in T) Bx By Bz
6000 8440 -2978 4.56681379011797e-05 4.47408434599638e-05 -1.20049028601034e-06 9.07714541722089e-06
6000 8646 -2978 4.54954044770955e-05 4.45720894485712e-05 -1.67562768887365e-06 8.89482173603028e-06
6000 8852 -2978 4.53945789176973e-05 4.44829166829586e-05 -2.04419457833137e-06 8.81452483776957e-06
6000 9058 -2978 4.52435707505974e-05 4.43397603332996e-05 -2.52561580470319e-06 8.62005015928298e-06
6000 9264 -2978 4.51060424337553e-05 4.4248539686203e-05 -2.84681051594089e-06 8.27752798609436e-06
6000 9470 -2978 4.50655375345418e-05 4.4293732598424e-05 -3.28666540319682e-06 7.94778470508754e-06
6000 9676 -2978 4.49163263810255e-05 4.41282857432961e-05 -3.48114187435567e-06 7.74819937441498e-06
6000 9882 -2978 4.47555885738086e-05 4.39620777517557e-05 -3.99908048111683e-06 7.36410285998136e-06
6000 10088 -2978 4.4563103422979e-05 4.3839678928256e-05 -4.20141352087376e-06 6.91190732875839e-06
6000 10294 -2978 4.47605551092748e-05 4.40563775971532e-05 -4.86734213633463e-06 6.23196773719974e-06
6000 10500 -2978 4.44471299807105e-05 4.37699223011732e-05 -5.14700854814146e-06 5.86510172998532e-06
6000 10706 -2978 4.44634982007942e-05 4.38252154961228e-05 -5.35722974385135e-06 5.1127453786321e-06
6000 10912 -2978 4.42064328762285e-05 4.36606400087476e-05 -5.51223651040346e-06 4.16096094727982e-06
6000 11118 -2978 4.4338456893807e-05 4.37859804257751e-05 -6.17066757380963e-06 3.30258344492177e-06
6000 11324 -2978 4.41344823718554e-05 4.36334804520011e-05 -6.21200081612915e-06 2.32012149183356e-06
6000 11530 -2978 4.40467578620289e-05 4.35658172890544e-05 -6.24810086353682e-06 1.54854322856409e-06
6000 11736 -2978 4.41859574268038e-05 4.37492700219154e-05 -6.19242328521796e-06 2.73077114057742e-07
6000 11942 -2978 4.42005501480936e-05 4.37245597243309e-05 -6.45200336677954e-06 -7.37185485471855e-07
6000 12148 -2978 4.41614032693771e-05 4.36631910577416e-05 -6.29876857949421e-06 -1.91039093910331e-06
6000 12354 -2978 4.41507848921132e-05 4.36337654814124e-05 -6.04788230359554e-06 -2.93963733633427e-06
6000 12560 -2978 4.41325957149347e-05 4.36068925485015e-05 -5.74959491030313e-06 -4.06731619735365e-06
6000 12766 -2978 4.43324695518055e-05 4.36603374704719e-05 -5.26276466879062e-06 -5.36380197154358e-06
6000 12972 -2978 4.44181938459892e-05 4.36625983566046e-05 -5.0035703254398e-06 -6.43628886761144e-06
6000 13178 -2978 4.46234741573242e-05 4.37391872182488e-05 -4.27312496915693e-06 -7.85553791839629e-06
6000 13384 -2978 4.49724190349832e-05 4.39364055842161e-05 -3.78480890579522e-06 -8.90541815571487e-06
6000 13590 -2978 4.51321674052218e-05 4.39293014034629e-05 -3.17934773649176e-06 -9.8289779368788e-06
6000 13796 -2978 4.52371332660591e-05 4.38712662756443e-05 -2.52250497280875e-06 -1.08009057417512e-05
6000 14002 -2978 4.56412432968425e-05 4.40639129430056e-05 -1.71074727842824e-06 -1.17604335173964e-05
6000 14208 -2978 4.5815301589641e-05 4.4074829146266e-05 -7.00982010859662e-07 -1.26414754968137e-05
6000 14414 -2978 4.61911335996419e-05 4.42603607401252e-05 -1.81689111147989e-07 -1.32139426153153e-05
6000 14620 -2978 4.65601865649662e-05 4.44208704531193e-05 8.4244819307878e-07 -1.38375754989684e-05
6000 14826 -2978 4.69095031163795e-05 4.45603319182992e-05 1.29590343535892e-06 -1.44556181561202e-05
6000 15032 -2978 4.73677104478152e-05 4.48866545930505e-05 2.30872106105653e-06 -1.49887843206525e-05
6200 15032 -2978 4.63656915558208e-05 4.38363321945071e-05 1.9205090624564e-06 -1.49727404583245e-05
6200 14826 -2978 4.61536048091341e-05 4.37776055037975e-05 1.06982890320069e-06 -1.45784758925438e-05
6200 14620 -2978 4.55360939018913e-05 4.34368217289448e-05 1.61931223665306e-07 -1.36651865635067e-05
6200 14414 -2978 4.51872709961263e-05 4.31759015023708e-05 -7.31470764247206e-07 -1.32609880678356e-05
6200 14208 -2978 4.49190910306763e-05 4.31156505793333e-05 -1.40794343763537e-06 -1.26221737843007e-05
6200 14002 -2978 4.45415450833822e-05 4.29390021339059e-05 -2.3570330077855e-06 -1.15983136696741e-05
6200 13796 -2978 4.41662825578072e-05 4.27937030121684e-05 -3.21278362174053e-06 -1.0442103182897e-05
6200 13590 -2978 4.4011026697339e-05 4.27430889010429e-05 -4.05375122302212e-06 -9.67294800840318e-06
6200 13384 -2978 4.36193193770929e-05 4.2517018660903e-05 -4.67561688547721e-06 -8.5121661927551e-06
6200 13178 -2978 4.33732517553311e-05 4.23703048527241e-05 -5.39665834093467e-06 -7.21258561592549e-06
6200 12972 -2978 4.32628728160395e-05 4.24199551492929e-05 -5.98842081683688e-06 -6.11525590438396e-06
6200 12766 -2978 4.33905863246326e-05 4.26485887765884e-05 -6.35137035744265e-06 -4.80438667908311e-06
6200 12560 -2978 4.31456356712133e-05 4.2465838290751e-05 -6.81480927066878e-06 -3.42882346312399e-06
6200 12354 -2978 4.31809222003258e-05 4.25319288149476e-05 -7.03283256106079e-06 -2.1565457665638e-06
6200 12148 -2978 4.29802885535092e-05 4.23637419715524e-05 -7.10830568708479e-06 -8.97231757759983e-07
6200 11942 -2978 4.29445076628285e-05 4.23035454824567e-05 -7.36997296335176e-06 4.79210225157658e-07
6200 11736 -2978 4.31049957814997e-05 4.24551694467664e-05 -7.27028780058026e-06 1.64349069173295e-06
6200 11530 -2978 4.30887721318637e-05 4.23615010306239e-05 -7.29341199994087e-06 2.99193176112749e-06
6200 11324 -2978 4.33016557925774e-05 4.25205522030592e-05 -7.20581057714298e-06 4.1035863319994e-06
6200 11118 -2978 4.31422197412987e-05 4.2335340090096e-05 -6.67265308462083e-06 5.06370922672795e-06
6200 10912 -2978 4.32348704324331e-05 4.2305624820292e-05 -6.68718179548159e-06 5.85566309397109e-06
6200 10706 -2978 4.33189557952426e-05 4.23496723100543e-05 -6.11989042768255e-06 6.73558415193111e-06
6200 10500 -2978 4.35247096547504e-05 4.24954587519169e-05 -5.76739727263339e-06 7.46676002675667e-06
6200 10294 -2978 4.33919560120836e-05 4.23191210776567e-05 -5.11133859818801e-06 8.02323242742568e-06
6200 10088 -2978 4.35383102899674e-05 4.23950326144695e-05 -4.84506819024682e-06 8.64702184312046e-06
6200 9882 -2978 4.35251474087628e-05 4.23211801201105e-05 -4.40433917890186e-06 9.24237676989287e-06
6200 9676 -2978 4.37825034391979e-05 4.2512292265892e-05 -4.00164078635862e-06 9.64546727389097e-06
6200 9470 -2978 4.38923515711315e-05 4.2581960298121e-05 -3.64102186233504e-06 1.00164528228343e-05
6200 9264 -2978 4.40181160188031e-05 4.26951069608331e-05 -3.01818267189083e-06 1.03147025229409e-05
6200 9058 -2978 4.42348660392909e-05 4.28989890813828e-05 -2.78112630669784e-06 1.05387433897704e-05
6200 8852 -2978 4.43590881819457e-05 4.2993093892932e-05 -2.17383786940627e-06 1.07049993351102e-05
6200 8646 -2978 4.4282444531879e-05 4.29168937131762e-05 -1.85295617671636e-06 1.07309573898092e-05
6200 8440 -2978 4.43803537314613e-05 4.29716102257371e-05 -1.52862513959371e-06 1.10013073924929e-05
6400 8440 -2978 4.34027885138446e-05 4.13961564972997e-05 -1.70626747095866e-06 1.30652216393501e-05
6400 8646 -2978 4.33337891798048e-05 4.12752318903804e-05 -2.0856354666937e-06 1.29334379471839e-05
6400 8852 -2978 4.28055433608201e-05 4.0848453655839e-05 -2.67322236998007e-06 1.24911358263344e-05
6400 9058 -2978 4.30180413207956e-05 4.10313031226396e-05 -2.77174233927508e-06 1.25531888268888e-05
6400 9264 -2978 4.29479125825362e-05 4.10273474529386e-05 -3.53975758136949e-06 1.21483336146921e-05
6400 9470 -2978 4.28539807435125e-05 4.09664643928409e-05 -3.93039250086622e-06 1.19452073015273e-05
6400 9676 -2978 4.26406271687221e-05 4.0845890417695e-05 -4.15107674663887e-06 1.15316803473979e-05
6400 9882 -2978 4.28565512818363e-05 4.10475897043943e-05 -4.94903045799583e-06 1.13955890536308e-05
6400 10088 -2978 4.247499702273e-05 4.074450263381e-05 -5.30048608360812e-06 1.0649283638224e-05
6400 10294 -2978 4.257193951848e-05 4.08839840739966e-05 -5.7700111954473e-06 1.02202036604285e-05
6400 10500 -2978 4.24371761924979e-05 4.08403234705329e-05 -6.54059032304213e-06 9.46632820740342e-06
6400 10706 -2978 4.23123612731005e-05 4.08375517129898e-05 -6.80471920827404e-06 8.73648001719266e-06
6400 10912 -2978 4.23192171240094e-05 4.09341323301196e-05 -7.33584480872378e-06 7.78304386511445e-06
6400 11118 -2978 4.21149618885055e-05 4.07616757750511e-05 -7.81015877053141e-06 6.99327307380736e-06
6400 11324 -2978 4.21527781950319e-05 4.09820391833782e-05 -8.08937487006188e-06 5.86461092019454e-06
6400 11530 -2978 4.2122273959453e-05 4.09769518524408e-05 -8.4608097448945e-06 4.73087223572657e-06
6400 11736 -2978 4.19131074909249e-05 4.09378857463598e-05 -8.42904355935753e-06 3.12238928358784e-06
6400 11942 -2978 4.2069991244153e-05 4.11384609267116e-05 -8.6087234551087e-06 1.97628950145008e-06
6400 12148 -2978 4.19698556819245e-05 4.10788117945194e-05 -8.62606676667929e-06 6.9174688860312e-07
6400 12354 -2978 4.19271747018138e-05 4.10383701324463e-05 -8.55067855957896e-06 -8.16143872067187e-07
6400 12560 -2978 4.17463803934625e-05 4.08692808300257e-05 -8.21793925855309e-06 -2.19282009327435e-06
6400 12766 -2978 4.17694581768242e-05 4.08470828831196e-05 -7.77962739299983e-06 -3.92225939259515e-06
6400 12972 -2978 4.22464728413196e-05 4.12775922119618e-05 -7.24347420269624e-06 -5.26514382357709e-06
6400 13178 -2978 4.2412659687302e-05 4.1372912235558e-05 -6.41823970712721e-06 -6.55430602515116e-06
6400 13384 -2978 4.23434393074861e-05 4.11635473668575e-05 -5.9350616640877e-06 -8.03642192482948e-06
6400 13590 -2978 4.25863266181461e-05 4.12986197024584e-05 -5.162243405357e-06 -9.2294005798176e-06
6400 13796 -2978 4.29829869054787e-05 4.14929793328047e-05 -4.39982071163831e-06 -1.03204363817349e-05
6400 14002 -2978 4.35859965418952e-05 4.199453253299e-05 -3.27764404366462e-06 -1.12204960715026e-05
6400 14208 -2978 4.3704429898263e-05 4.18807121813297e-05 -2.23484145379916e-06 -1.21288603879511e-05
6400 14414 -2978 4.43041778816294e-05 4.22948734089732e-05 -1.56573429174023e-06 -1.32314764875919e-05
6400 14620 -2978 4.44997317020815e-05 4.22937423363328e-05 -6.38348509021853e-07 -1.38276516217738e-05
6400 14826 -2978 4.49550574939943e-05 4.25104049891233e-05 3.18267721008851e-07 -1.46192122772336e-05
6400 15032 -2978 4.53444928752541e-05 4.27267720475793e-05 1.54072366683522e-06 -1.50438473466784e-05
6600 15032 -2978 4.43841870046346e-05 4.17312188073993e-05 1.11330114724296e-06 -1.52022523954511e-05
6600 14826 -2978 4.406451510206e-05 4.15589671805501e-05 1.12622772207942e-07 -1.47039069198072e-05
6600 14620 -2978 4.33883229894983e-05 4.1035918161273e-05 -1.06724076797423e-06 -1.39991678763181e-05
6600 14414 -2978 4.29646129338217e-05 4.08034626096487e-05 -2.12445610951727e-06 -1.32861615922302e-05
6600 14208 -2978 4.25627815764325e-05 4.05851799845696e-05 -3.1902407658672e-06 -1.23239892031997e-05
6600 14002 -2978 4.23384583273181e-05 4.05930488556623e-05 -4.11081470064528e-06 -1.13539240323007e-05
6600 13796 -2978 4.18227955854127e-05 4.01867938935757e-05 -5.40203878073953e-06 -1.02382279429585e-05
6600 13590 -2978 4.16659558800914e-05 4.01972540840507e-05 -6.19441408710554e-06 -8.89884318038821e-06
6600 13384 -2978 4.11366955985573e-05 3.97930636182427e-05 -7.00736752990633e-06 -7.77955729980022e-06
6600 13178 -2978 4.11430057925815e-05 3.99097170680761e-05 -7.88792947027833e-06 -6.14344999706373e-06
6600 12972 -2978 4.08572804785777e-05 3.96856077834964e-05 -8.60511777922511e-06 -4.61439665453508e-06
6600 12766 -2978 4.07260872782085e-05 3.95801346898079e-05 -9.22505233157426e-06 -3.12816024629865e-06
6600 12560 -2978 4.07928789031297e-05 3.9657451570034e-05 -9.44616771861911e-06 -1.43706089382454e-06
6600 12354 -2978 4.06736714183102e-05 3.94194158837199e-05 -1.00206736838445e-05 2.26214203439668e-07
6600 12148 -2978 4.08123958747605e-05 3.95195414945483e-05 -9.99848247878253e-06 1.89467750604672e-06
6600 11942 -2978 4.09143183005826e-05 3.95543754845858e-05 -9.95108595769852e-06 3.22625328954314e-06
6600 11736 -2978 4.09972158534428e-05 3.95092139393091e-05 -9.89929973799736e-06 4.75510071066674e-06
6600 11530 -2978 4.09630810577999e-05 3.93289711922407e-05 -9.66256733890623e-06 6.51110734743997e-06
6600 11324 -2978 4.10870680123209e-05 3.92890608459711e-05 -9.2405300643295e-06 7.78806765377522e-06
6600 11118 -2978 4.12590755229322e-05 3.93136160448194e-05 -8.76548036839813e-06 8.91423990018666e-06
6600 10912 -2978 4.13833960944302e-05 3.93137118816376e-05 -8.17193031497299e-06 9.90920604020357e-06
6600 10706 -2978 4.14997525076552e-05 3.93157929554582e-05 -7.64070101547986e-06 1.08681907635182e-05
6600 10500 -2978 4.15773695869493e-05 3.92022754400969e-05 -7.18272647168487e-06 1.184313695319e-05
6600 10294 -2978 4.15633740196123e-05 3.91293384209275e-05 -6.53337276913226e-06 1.23498145099729e-05
6600 10088 -2978 4.17968545151368e-05 3.92869176343083e-05 -6.08616380300373e-06 1.30484153013676e-05
6600 9882 -2978 4.1622553653654e-05 3.90344878211617e-05 -5.45554401772097e-06 1.34629912227392e-05
6600 9676 -2978 4.16057578673616e-05 3.89735091030598e-05 -4.92194497073069e-06 1.37069009486586e-05
6600 9470 -2978 4.16589898374016e-05 3.90043107047677e-05 -4.13903329276946e-06 1.39880441408604e-05
6600 9264 -2978 4.17336615247772e-05 3.90663536339998e-05 -3.72459707961389e-06 1.41407581847161e-05
6600 9058 -2978 4.19607352629519e-05 3.92574960142374e-05 -3.09250525405514e-06 1.45644263345748e-05
6600 8852 -2978 4.21210314173733e-05 3.93040565773845e-05 -2.71972155630283e-06 1.49103142675012e-05
6600 8646 -2978 4.23167268365792e-05 3.95406459346414e-05 -2.31210028127771e-06 1.48962035942823e-05
6600 8440 -2978 4.21446460253437e-05 3.93488796725869e-05 -1.88857717126666e-06 1.51344590894878e-05
6800 8440 -2978 4.13711847068185e-05 3.76621210947633e-05 -2.08144412025649e-06 1.69781125374138e-05
6800 8646 -2978 4.10430111319786e-05 3.73129395022988e-05 -2.43375330483832e-06 1.68721581790596e-05
6800 8852 -2978 4.10340876385355e-05 3.72831915169954e-05 -2.85530337542878e-06 1.67780641466379e-05
6800 9058 -2978 4.09364157348856e-05 3.71678003817797e-05 -3.47197265347495e-06 1.68014926090837e-05
6800 9264 -2978 4.09366038321563e-05 3.73640355542302e-05 -3.77043991931714e-06 1.64647732116282e-05
6800 9470 -2978 4.0750458793866e-05 3.7102124966681e-05 -4.35904695658246e-06 1.62380529642105e-05
6800 9676 -2978 4.06804302430794e-05 3.70668665617704e-05 -5.2028817825485e-06 1.61220244523138e-05
6800 9882 -2978 4.0786191237515e-05 3.7175116635859e-05 -5.76188760856166e-06 1.56793055925518e-05
6800 10088 -2978 4.07737130640755e-05 3.73647556602955e-05 -6.38010630244389e-06 1.50301189012825e-05
6800 10294 -2978 4.06982558063956e-05 3.73081326112151e-05 -7.00961833726615e-06 1.47483528852463e-05
6800 10500 -2978 4.07770964723409e-05 3.74577691033482e-05 -7.8591518830508e-06 1.40316450893879e-05
6800 10706 -2978 4.07045012762959e-05 3.75326625779271e-05 -8.55021760519594e-06 1.32492467574775e-05
6800 10912 -2978 4.06157522123452e-05 3.75690867453814e-05 -9.31057504564524e-06 1.22898717988282e-05
6800 11118 -2978 4.06033520633322e-05 3.77386390119791e-05 -9.97666276898235e-06 1.11179847512394e-05
6800 11324 -2978 4.04001762079496e-05 3.77138003408909e-05 -1.0503595083952e-05 9.97587047796696e-06
6800 11530 -2978 4.0265627549636e-05 3.77611020952463e-05 -1.11857645474374e-05 8.45625963620841e-06
6800 11736 -2978 4.02723137672026e-05 3.80246599540114e-05 -1.130045703426e-05 6.84609034191817e-06
6800 11942 -2978 4.01149135911436e-05 3.80610688924789e-05 -1.1520993154496e-05 5.30396264279261e-06
6800 12148 -2978 3.98461018377724e-05 3.79258546754718e-05 -1.17940725777298e-05 3.4744584717555e-06
6800 12354 -2978 3.99171707240694e-05 3.81127224937081e-05 -1.17537269555032e-05 1.6281294136445e-06
6800 12560 -2978 3.96988358375946e-05 3.80764940604568e-05 -1.12127464022487e-05 -1.59882369187471e-07
6800 12766 -2978 3.98443089427228e-05 3.82766984030604e-05 -1.08587294686586e-05 -2.14342988909993e-06
6800 12972 -2978 3.9575837366046e-05 3.80585559979081e-05 -1.01449125204235e-05 -3.84671210126908e-06
6800 13178 -2978 3.98213297256421e-05 3.83279635682702e-05 -9.32993966527283e-06 -5.6354562100023e-06
6800 13384 -2978 4.01797640880079e-05 3.85548402965069e-05 -8.68014099355787e-06 -7.25209516007453e-06
6800 13590 -2978 4.01256046575015e-05 3.84426349699497e-05 -7.6218844447285e-06 -8.64791580382734e-06
6800 13796 -2978 4.06267655977731e-05 3.8825087942183e-05 -6.41747425170616e-06 -1.00338872000575e-05
6800 14002 -2978 4.09414427161355e-05 3.89745858237147e-05 -5.46180272847414e-06 -1.12645658664405e-05
6800 14208 -2978 4.13091129939747e-05 3.91246704086661e-05 -4.22642837360036e-06 -1.26702751573175e-05
6800 14414 -2978 4.18663401587069e-05 3.95497595816851e-05 -3.05067194968433e-06 -1.3390308285132e-05
6800 14620 -2978 4.22790647850122e-05 3.97688469141722e-05 -2.13748485805263e-06 -1.42207771539688e-05
6800 14826 -2978 4.28485135003324e-05 4.02018804773688e-05 -7.81098136654237e-07 -1.47263026405126e-05
6800 15032 -2978 4.35622069211995e-05 4.07569205835462e-05 5.47690780594166e-07 -1.52657546438277e-05
7000 15032 -2978 4.23645825697902e-05 3.93151679709554e-05 -1.14513941954783e-07 -1.58551239836961e-05
7000 14826 -2978 4.19322675791206e-05 3.89924439713359e-05 -1.25566884653676e-06 -1.53729526512325e-05
7000 14620 -2978 4.11360100636159e-05 3.84597119018435e-05 -2.63444843023535e-06 -1.44111607130617e-05
7000 14414 -2978 4.07497886976117e-05 3.81394733041525e-05 -3.69356431960478e-06 -1.37059139311314e-05
7000 14208 -2978 4.00886237743458e-05 3.76326787024736e-05 -5.23414808278903e-06 -1.28493497017771e-05
7000 14002 -2978 3.99739351558649e-05 3.76727422997356e-05 -6.48763220757246e-06 -1.16741502638906e-05
7000 13796 -2978 3.95305441799996e-05 3.73332922980189e-05 -7.88287816662341e-06 -1.03319621160626e-05
7000 13590 -2978 3.91320565703409e-05 3.7076843418181e-05 -8.94586338847876e-06 -8.74334713257849e-06
7000 13384 -2978 3.89806196828622e-05 3.69855118617415e-05 -9.93552730325609e-06 -7.24826517188921e-06
7000 13178 -2978 3.87586735698869e-05 3.67613679841161e-05 -1.1020186977461e-05 -5.35987726901658e-06
7000 12972 -2978 3.86942724485035e-05 3.66683001890779e-05 -1.18721132818609e-05 -3.35498040003586e-06
7000 12766 -2978 3.87483109826292e-05 3.66398228928447e-05 -1.25261180773377e-05 -1.32493878328933e-06
7000 12560 -2978 3.88755339876252e-05 3.65962887480855e-05 -1.2840660482645e-05 4.3816934680217e-07
7000 12354 -2978 3.91669670471204e-05 3.67132185697555e-05 -1.33962637223303e-05 2.53448994951032e-06
7000 12148 -2978 3.91773954633619e-05 3.65218709036708e-05 -1.33683929350227e-05 4.81577852391638e-06
7000 11942 -2978 3.95046952694363e-05 3.6493126347661e-05 -1.34680823143572e-05 6.88596037216485e-06
7000 11736 -2978 3.94374476481973e-05 3.6201665006578e-05 -1.30297827981412e-05 8.78795297630131e-06
7000 11530 -2978 3.95720767900296e-05 3.6100625731051e-05 -1.24590540844947e-05 1.03665835559368e-05
7000 11324 -2978 3.99517743006845e-05 3.61248852014542e-05 -1.18081508558244e-05 1.20516557507217e-05
7000 11118 -2978 4.00857279200134e-05 3.60209400728345e-05 -1.13174755293876e-05 1.34164528828114e-05
7000 10912 -2978 4.02234988330633e-05 3.60193503499031e-05 -1.04603096153587e-05 1.44804096333683e-05
7000 10706 -2978 4.02991395061567e-05 3.58752510622144e-05 -9.66752108279616e-06 1.55632316637784e-05
7000 10500 -2978 4.0096191719352e-05 3.55323496311903e-05 -8.72511734906584e-06 1.64021049663425e-05
7000 10294 -2978 4.02401975572237e-05 3.55891698822379e-05 -7.7964289393276e-06 1.71933195106685e-05
7000 10088 -2978 4.01120199338691e-05 3.54471760764718e-05 -6.89273910829797e-06 1.74413954019546e-05
7000 9882 -2978 3.99420058003829e-05 3.517976090312e-05 -6.20566594135016e-06 1.79333195649088e-05
7000 9676 -2978 3.99819837587665e-05 3.51954822540283e-05 -5.50027635603328e-06 1.80201959982514e-05
7000 9470 -2978 3.98693302501773e-05 3.50568301081657e-05 -4.722889902303e-06 1.84314172975719e-05
7000 9264 -2978 4.0050831524202e-05 3.52641884312034e-05 -4.21929408115102e-06 1.85122574940324e-05
7000 9058 -2978 4.00157388115498e-05 3.52296405136585e-05 -3.70569402299589e-06 1.87183875516057e-05
7000 8852 -2978 4.00125812841019e-05 3.5209122300148e-05 -3.1748255724342e-06 1.87283220663667e-05
7000 8646 -2978 3.98631259683495e-05 3.50397689342499e-05 -2.64162853444577e-06 1.89225777685642e-05
7000 8440 -2978 4.02136811466251e-05 3.5323793835938e-05 -2.22862431070462e-06 1.90480332672596e-05
7200 8440 -2978 3.93297330379548e-05 3.31333391293883e-05 -2.54072544217979e-06 2.09375537633896e-05
7200 8646 -2978 3.90100546815401e-05 3.27866523116827e-05 -2.62644559329419e-06 2.0924629304558e-05
7200 8852 -2978 3.8936070070903e-05 3.28622339963913e-05 -3.15229654278664e-06 2.06845413707197e-05
7200 9058 -2978 3.88282947293165e-05 3.27472140267491e-05 -3.7443297970467e-06 2.05770861208439e-05
7200 9264 -2978 3.88416501870495e-05 3.26967281475663e-05 -4.20351033122279e-06 2.05991513393819e-05
7200 9470 -2978 3.89755879625732e-05 3.26765729859471e-05 -4.97718482196797e-06 2.06572477035224e-05
7200 9676 -2978 3.89657361872038e-05 3.28326633423567e-05 -5.62439879029989e-06 2.04316971451044e-05
7200 9882 -2978 3.91714122967905e-05 3.30421018749476e-05 -6.55464799050242e-06 2.0143598921597e-05
7200 10088 -2978 3.9281782119547e-05 3.31359796747565e-05 -7.46953167486936e-06 1.9775294046849e-05
7200 10294 -2978 3.96422586053051e-05 3.33945622220635e-05 -8.25854235049337e-06 1.96039876304567e-05
7200 10500 -2978 3.99618957712861e-05 3.36415914446116e-05 -9.33024839032442e-06 1.94458968341351e-05
7200 10706 -2978 3.97781395664254e-05 3.37347106412053e-05 -1.02421056972817e-05 1.83588575534523e-05
7200 10912 -2978 4.00538746924202e-05 3.41611253544688e-05 -1.14208022076637e-05 1.73036751169711e-05
7200 11118 -2978 3.9869314033256e-05 3.42463993951678e-05 -1.24614196158946e-05 1.62264032643288e-05
7200 11324 -2978 3.96687863304264e-05 3.42854944914579e-05 -1.34159744475037e-05 1.46818822007626e-05
7200 11530 -2978 3.96121928526035e-05 3.45646586120129e-05 -1.41503758858889e-05 1.31976156905293e-05
7200 11736 -2978 3.93078321006802e-05 3.46519852131605e-05 -1.49146182909608e-05 1.11012528240681e-05
7200 11942 -2978 3.88133488910799e-05 3.4620818592608e-05 -1.52772572543472e-05 8.56664334796369e-06
7200 12148 -2978 3.85344063296558e-05 3.46297049820423e-05 -1.55238400436938e-05 6.71300799585879e-06
7200 12354 -2978 3.83970933297831e-05 3.48517086878419e-05 -1.54756029881537e-05 4.36976543348282e-06
7200 12560 -2978 3.80710771858829e-05 3.48987217023969e-05 -1.50745554137975e-05 2.06007784038684e-06
7200 12766 -2978 3.77952291511992e-05 3.48614293783903e-05 -1.47255151495338e-05 -3.01914469469921e-07
7200 12972 -2978 3.77317599655228e-05 3.50199777856469e-05 -1.37833762858063e-05 -2.62146435927843e-06
7200 13178 -2978 3.77786116997505e-05 3.51294521093369e-05 -1.30355976000428e-05 -4.89228579844348e-06
7200 13384 -2978 3.79194942814562e-05 3.53194829523563e-05 -1.18923779707402e-05 -6.91261009080335e-06
7200 13590 -2978 3.7742629268785e-05 3.52381054088473e-05 -1.04445464834571e-05 -8.58448834065348e-06
7200 13796 -2978 3.81999569193148e-05 3.56264013573527e-05 -9.32997130788863e-06 -1.01971280192956e-05
7200 14002 -2978 3.86892161110275e-05 3.59722219035029e-05 -7.93913567345589e-06 -1.1826068431139e-05
7200 14208 -2978 3.89768248834282e-05 3.61776667013764e-05 -6.26635776786134e-06 -1.31288872864097e-05
7200 14414 -2978 3.94263507429562e-05 3.65218708589673e-05 -4.66682597366162e-06 -1.42165779080242e-05
7200 14620 -2978 4.01068730124417e-05 3.70184732452035e-05 -3.28796995347147e-06 -1.50792292580008e-05
7200 14826 -2978 4.0574773296076e-05 3.73466047421098e-05 -1.83397834621701e-06 -1.57593298833817e-05
7200 15032 -2978 4.11650733363566e-05 3.78902594521642e-05 -3.25853723447608e-07 -1.60789177119732e-05
7400 15032 -2978 4.00958706154146e-05 3.64509634897113e-05 -1.00841999477052e-06 -1.67826565876603e-05
7400 14826 -2978 3.95209278175315e-05 3.59625621959567e-05 -2.24114589118471e-06 -1.62349967956543e-05
7400 14620 -2978 3.88477964218222e-05 3.537348408252e-05 -3.95155567087932e-06 -1.56277899928391e-05
7400 14414 -2978 3.84056458665503e-05 3.50239629969001e-05 -5.43810387537815e-06 -1.48440511506051e-05
7400 14208 -2978 3.782846297823e-05 3.4501645155251e-05 -7.16643664520234e-06 -1.39097666554153e-05
7400 14002 -2978 3.74161558472438e-05 3.4200876377523e-05 -8.74027042090893e-06 -1.23432000111788e-05
7400 13796 -2978 3.72680302138778e-05 3.3909691631794e-05 -1.08741789981723e-05 -1.09882017932832e-05
7400 13590 -2978 3.68066410568321e-05 3.35743815675378e-05 -1.2045243954286e-05 -9.07754517067224e-06
7400 13384 -2978 3.6888562140619e-05 3.35353332236409e-05 -1.3578469729051e-05 -7.0713844653219e-06
7400 13178 -2978 3.69191041460291e-05 3.33404709622264e-05 -1.50847403928637e-05 -4.77089737961069e-06
7400 12972 -2978 3.70768192026966e-05 3.33242831006646e-05 -1.61282684318721e-05 -2.21320491368624e-06
7400 12766 -2978 3.73197221660656e-05 3.32644813507795e-05 -1.69145903363824e-05 3.17433245243592e-07
7400 12560 -2978 3.781475043379e-05 3.34660157114267e-05 -1.73951034545898e-05 3.0178804737152e-06
7400 12354 -2978 3.8244052738027e-05 3.33666490614414e-05 -1.78440860211849e-05 5.66770914383233e-06
7400 12148 -2978 3.86268409418335e-05 3.33298915997148e-05 -1.77157724127173e-05 8.33524428680539e-06
7400 11942 -2978 3.89203187999401e-05 3.31518605425954e-05 -1.73893620483577e-05 1.06468514408916e-05
7400 11736 -2978 3.94210586523359e-05 3.31080050244928e-05 -1.70285604856908e-05 1.31383842341602e-05
7400 11530 -2978 3.95947168393032e-05 3.27669483572245e-05 -1.61126276925206e-05 1.5276796547696e-05
7400 11324 -2978 4.00679235368744e-05 3.27039198577404e-05 -1.53520106710494e-05 1.73189759291708e-05
7400 11118 -2978 3.99693843743162e-05 3.23091481551528e-05 -1.39618396516889e-05 1.88180132471025e-05
7400 10912 -2978 3.99856690349562e-05 3.21523361280561e-05 -1.2692549733445e-05 2.0099258467555e-05
7400 10706 -2978 4.00436478837224e-05 3.2001890130341e-05 -1.13819104358554e-05 2.1136511772871e-05
7400 10500 -2978 3.95551578729757e-05 3.15167291611433e-05 -1.00818357914686e-05 2.16322651021183e-05
7400 10294 -2978 3.94371208324339e-05 3.14624069780111e-05 -8.72335680108517e-06 2.22783589474857e-05
7400 10088 -2978 3.93365999845008e-05 3.12181109338999e-05 -7.60268619842827e-06 2.26828635632992e-05
7400 9882 -2978 3.88446188588115e-05 3.09187559485436e-05 -6.66247072676197e-06 2.25509740076959e-05
7400 9676 -2978 3.86380234016667e-05 3.07733928337693e-05 -5.94607012765482e-06 2.25199870094657e-05
7400 9470 -2978 3.8309728376941e-05 3.06048190742731e-05 -4.98408236203249e-06 2.25475995913148e-05
7400 9264 -2978 3.81954491714112e-05 3.04880250841379e-05 -4.61960862902924e-06 2.23993891626597e-05
7400 9058 -2978 3.79597160731201e-05 3.03746278434992e-05 -3.84380287263775e-06 2.24489702656865e-05
7400 8852 -2978 3.79558404675641e-05 3.03841709792614e-05 -3.4689749572135e-06 2.25720398128033e-05
7400 8646 -2978 3.78405778327644e-05 3.03151129111648e-05 -2.91098046361367e-06 2.24710978195071e-05
7400 8440 -2978 3.81311003171839e-05 3.04319872409105e-05 -2.5723335915427e-06 2.27261192277074e-05
7600 8440 -2978 3.69071310605894e-05 2.76377786621451e-05 -2.85702347138886e-06 2.43260506764054e-05
7600 8646 -2978 3.67543116684662e-05 2.75889120027423e-05 -2.78053322441701e-06 2.40853183194995e-05
7600 8852 -2978 3.68241823804583e-05 2.76631285510957e-05 -3.44222945954971e-06 2.40488604642451e-05
7600 9058 -2978 3.70363799002268e-05 2.76744628287852e-05 -3.75650598929496e-06 2.43250119425356e-05
7600 9264 -2978 3.71573736734588e-05 2.77386546432972e-05 -4.23236897028983e-06 2.45040713176131e-05
7600 9470 -2978 3.75734979640878e-05 2.79278494529426e-05 -5.14723905990832e-06 2.4594108287245e-05
7600 9676 -2978 3.80852825342504e-05 2.82061254493892e-05 -5.87363929999992e-06 2.4892776440829e-05
7600 9882 -2978 3.847592674378e-05 2.83651990965009e-05 -6.75287880050018e-06 2.51282135881483e-05
7600 10088 -2978 3.91140023159793e-05 2.86935356631875e-05 -7.76150048989803e-06 2.54233219400048e-05
7600 10294 -2978 3.93842341062684e-05 2.89638960435987e-05 -9.14343359135091e-06 2.51436177790165e-05
7600 10500 -2978 3.99114722911108e-05 2.92643838711083e-05 -1.06412828769535e-05 2.50922198332846e-05
7600 10706 -2978 4.04854173829396e-05 2.96392333582044e-05 -1.2112034002319e-05 2.4591682780534e-05
7600 10912 -2978 4.07399128617393e-05 2.99634954333305e-05 -1.3885358016938e-05 2.38563675805926e-05
7600 11118 -2978 4.07044835669122e-05 3.0378510966897e-05 -1.53895921558142e-05 2.24547339268029e-05
7600 11324 -2978 4.06744103717462e-05 3.07397272735834e-05 -1.70121655836701e-05 2.06115497611463e-05
7600 11530 -2978 4.04522444037405e-05 3.09515580162406e-05 -1.82020845487714e-05 1.86970403119922e-05
7600 11736 -2978 4.01022764520495e-05 3.12904029488564e-05 -1.9155140709132e-05 1.61121563091874e-05
7600 11942 -2978 3.94924418300679e-05 3.13849792480469e-05 -1.99029402695596e-05 1.34468633625656e-05
7600 12148 -2978 3.90598898265553e-05 3.16471353322267e-05 -2.02928179353476e-05 1.05988376140594e-05
7600 12354 -2978 3.83729523888813e-05 3.15038774162531e-05 -2.04327919185162e-05 7.48270346177742e-06
7600 12560 -2978 3.74271099341487e-05 3.13317616730928e-05 -2.00115943104029e-05 4.40729198418558e-06
7600 12766 -2978 3.70082143441002e-05 3.14835146218538e-05 -1.93973254114389e-05 1.25845826153454e-06
7600 12972 -2978 3.65909005446504e-05 3.14634064510465e-05 -1.85979244112968e-05 -1.75078975220731e-06
7600 13178 -2978 3.63629598384813e-05 3.16560180559754e-05 -1.74180185999721e-05 -4.40945708798245e-06
7600 13384 -2978 3.61036268336675e-05 3.16577378064394e-05 -1.6023944048211e-05 -7.01938019320369e-06
7600 13590 -2978 3.60062441959347e-05 3.17069857940078e-05 -1.42585086319596e-05 -9.45746851433069e-06
7600 13796 -2978 3.58353337782751e-05 3.18306682258844e-05 -1.19343700967729e-05 -1.15840859469026e-05
7600 14002 -2978 3.63881954022543e-05 3.22452301904559e-05 -1.04869190072641e-05 -1.3204939391464e-05
7600 14208 -2978 3.67442919925828e-05 3.26582855507731e-05 -8.3433078918606e-06 -1.45955672636628e-05
7600 14414 -2978 3.70634438912153e-05 3.30512628555298e-05 -6.29890355467796e-06 -1.55749625843018e-05
7600 14620 -2978 3.77093916589892e-05 3.35939325988293e-05 -4.7258895811392e-06 -1.64713708870113e-05
7600 14826 -2978 3.82944871756991e-05 3.42683558613062e-05 -2.76202858503893e-06 -1.68267204649746e-05
7600 15032 -2978 3.91598718324634e-05 3.49790054187179e-05 -1.17597722043683e-06 -1.74008028712124e-05
7800 15032 -2978 3.78497574518218e-05 3.32259386479855e-05 -1.65167732860937e-06 -1.80002224761993e-05
7800 14826 -2978 3.71601335230142e-05 3.24497822225094e-05 -3.45562926577259e-06 -1.76798521354795e-05
7800 14620 -2978 3.65585634198605e-05 3.16768163591623e-05 -5.32157284882851e-06 -1.74924233257771e-05
7800 14414 -2978 3.58927365482969e-05 3.09944385737181e-05 -7.23067122511566e-06 -1.65147446095943e-05
7800 14208 -2978 3.56935361821421e-05 3.06787992194295e-05 -9.22773265093565e-06 -1.57381305675954e-05
7800 14002 -2978 3.50149899969959e-05 2.99330526217818e-05 -1.15378701798618e-05 -1.40474317576736e-05
7800 13796 -2978 3.53048535495826e-05 2.99609971120954e-05 -1.40021577291191e-05 -1.2347027188167e-05
7800 13590 -2978 3.5279546987715e-05 2.96932383552194e-05 -1.6122327953577e-05 -1.02067773193121e-05
7800 13384 -2978 3.55411998875355e-05 2.95940614491701e-05 -1.81892774235457e-05 -7.6261708913371e-06
7800 13178 -2978 3.62253169952275e-05 2.99035890549421e-05 -1.99050484038889e-05 -4.67311470827553e-06
7800 12972 -2978 3.65833460861588e-05 2.96645019389689e-05 -2.1210461832583e-05 -1.73128373928375e-06
7800 12766 -2978 3.72562738014417e-05 2.97903436496854e-05 -2.23591028191149e-05 1.86588105387091e-06
7800 12560 -2978 3.79476930572528e-05 2.96296292692423e-05 -2.30821033902466e-05 5.28429559897631e-06
7800 12354 -2978 3.90049923996629e-05 2.99943730533123e-05 -2.32894921861589e-05 8.78882559202611e-06
7800 12148 -2978 3.98848949655958e-05 2.97920896708965e-05 -2.34269830211997e-05 1.24262909181416e-05
7800 11942 -2978 4.07417945275922e-05 2.97794418781996e-05 -2.28005797937512e-05 1.56235180590302e-05
7800 11736 -2978 4.13290606116596e-05 2.95138262212276e-05 -2.20184551291168e-05 1.89711678214371e-05
7800 11530 -2978 4.19021237905325e-05 2.92785265333951e-05 -2.05580584667623e-05 2.18156387545168e-05
7800 11324 -2978 4.23013701080774e-05 2.90328134521842e-05 -1.89732608608902e-05 2.41405792608857e-05
7800 11118 -2978 4.23201434624373e-05 2.86560076624155e-05 -1.69965915754437e-05 2.6055140003562e-05
7800 10912 -2978 4.19301579271576e-05 2.79588011354208e-05 -1.50924144592136e-05 2.73616996668279e-05
7800 10706 -2978 4.15801046592277e-05 2.77152694500983e-05 -1.30460122916847e-05 2.80566912889481e-05
7800 10500 -2978 4.09573795968308e-05 2.72522874623537e-05 -1.13469684645534e-05 2.85128860063851e-05
7800 10294 -2978 3.99405900689729e-05 2.65401374101639e-05 -9.34004864376038e-06 2.82619850747287e-05
7800 10088 -2978 3.88594692168284e-05 2.59924360178411e-05 -7.88943637302145e-06 2.77516788430512e-05
7800 9882 -2978 3.81319553213124e-05 2.57115407288074e-05 -6.71933180885389e-06 2.73461746871471e-05
7800 9676 -2978 3.75584449254798e-05 2.54538256488741e-05 -5.6513087246567e-06 2.68989052064717e-05
7800 9470 -2978 3.67221347798652e-05 2.51770915165543e-05 -4.7202951941872e-06 2.62501273080707e-05
7800 9264 -2978 3.62070288558737e-05 2.47788510248065e-05 -4.30007065410609e-06 2.61476420424879e-05
7800 9058 -2978 3.58054148183343e-05 2.48364980854094e-05 -3.68495231223642e-06 2.55364635810256e-05
7800 8852 -2978 3.57798417390405e-05 2.48855847343802e-05 -3.51201347843744e-06 2.53929113522172e-05
7800 8646 -2978 3.55764825088407e-05 2.46612346544862e-05 -3.29108881485081e-06 2.54298711642623e-05
7800 8440 -2978 3.57381789443418e-05 2.48911831974983e-05 -2.94357207146823e-06 2.56067474149167e-05
8000 8440 -2978 3.4380319755491e-05 2.14740108028054e-05 -3.33754558920191e-06 2.64842873960733e-05
8000 8646 -2978 3.42834539421625e-05 2.15023613460362e-05 -3.35385920150293e-06 2.63811095319688e-05
8000 8852 -2978 3.420954038337e-05 2.16312361583114e-05 -3.35205118211525e-06 2.63202510252595e-05
8000 9058 -2978 3.47775548380353e-05 2.17884428538382e-05 -3.45803511198028e-06 2.68731025122106e-05
8000 9264 -2978 3.52544852027774e-05 2.18700077012181e-05 -3.93743273729342e-06 2.73692914322019e-05
8000 9470 -2978 3.58513981483802e-05 2.21016127578914e-05 -4.10768297675531e-06 2.79028378687799e-05
8000 9676 -2978 3.68690698184655e-05 2.22805194929242e-05 -5.12754542473704e-06 2.89801072925329e-05
8000 9882 -2978 3.78639207557743e-05 2.26958459354937e-05 -5.93622193019837e-06 2.98128428310156e-05
8000 10088 -2978 3.91732767049034e-05 2.30712837055326e-05 -7.28595009446144e-06 3.08087066784501e-05
8000 10294 -2978 4.0563402258474e-05 2.3679437700659e-05 -9.13265657611191e-06 3.16445324569941e-05
8000 10500 -2978 4.1895107871721e-05 2.43364067710936e-05 -1.11078914646059e-05 3.21121587231755e-05
8000 10706 -2978 4.30465026340881e-05 2.49505155459046e-05 -1.34244674872607e-05 3.23502396419645e-05
8000 10912 -2978 4.4196381649194e-05 2.57810023091733e-05 -1.62662142086774e-05 3.18985349088907e-05
8000 11118 -2978 4.47575472257667e-05 2.65598629675806e-05 -1.86153317689896e-05 3.07066837772727e-05
8000 11324 -2978 4.47260005522165e-05 2.69883757829666e-05 -2.10757393464446e-05 2.85863248594105e-05
8000 11530 -2978 4.42735185906816e-05 2.736729131639e-05 -2.31693797744811e-05 2.58292683772743e-05
8000 11736 -2978 4.36896071392342e-05 2.7801642768085e-05 -2.49219145067036e-05 2.26019794419408e-05
8000 11942 -2978 4.25918557012485e-05 2.79483069628477e-05 -2.59636527709663e-05 1.89432585574687e-05
8000 12148 -2978 4.15065149748705e-05 2.80232001878321e-05 -2.65945549197495e-05 1.50743370447308e-05
8000 12354 -2978 4.02601655751293e-05 2.79774274863303e-05 -2.68769126720727e-05 1.11656398363411e-05
8000 12560 -2978 3.93648371612182e-05 2.81518136151135e-05 -2.65935919731855e-05 7.00040987413377e-06
8000 12766 -2978 3.81396778192728e-05 2.78706096336246e-05 -2.58586177192628e-05 3.04186754184775e-06
8000 12972 -2978 3.69608926807289e-05 2.75764127410948e-05 -2.46510927826166e-05 -7.35947010133941e-07
8000 13178 -2978 3.62731752408541e-05 2.76774265542626e-05 -2.28655398823321e-05 -4.80526268098038e-06
8000 13384 -2978 3.55458246327892e-05 2.75481246002018e-05 -2.09265430569649e-05 -8.12750552315265e-06
8000 13590 -2978 3.5056559116245e-05 2.75717051364481e-05 -1.85032186992466e-05 -1.11381734665483e-05
8000 13796 -2978 3.45766516562054e-05 2.7500974021852e-05 -1.59391789939255e-05 -1.36082269456238e-05
8000 14002 -2978 3.4759453507939e-05 2.79829466976225e-05 -1.33301086388528e-05 -1.55450190287083e-05
8000 14208 -2978 3.45643593145243e-05 2.81531106866896e-05 -1.05034844279289e-05 -1.70217742025852e-05
8000 14414 -2978 3.51328992790189e-05 2.88663496226072e-05 -8.30899207852781e-06 -1.80986405089498e-05
8000 14620 -2978 3.53593831934544e-05 2.9584411919117e-05 -5.97595784277655e-06 -1.84350368604064e-05
8000 14826 -2978 3.60199478433053e-05 3.04840627983212e-05 -3.61296314495849e-06 -1.884423135221e-05
8000 15032 -2978 3.66188555463043e-05 3.13192815482616e-05 -1.7290055041085e-06 -1.89488223269582e-05
