# amount of points in x direction: 66 (distance of 200 steps)
# amount of points in y direction: 13 (distance of 200 steps)
# abs. coordinates of point 1: P1 (, , ) (offsets not corrected)
# Offsets of the hall probe have already been corrected for all following coordinates.
#
# X (absolute in steps=10um) Y (absolute in steps=10um) Z (absolute in steps=10um) Babs(in T) Bx By Bz
6000 7240 -5578 3.36772642210906e-05 3.09499869793653e-05 -1.13439975830261e-06 -1.32500607278198e-05
6000 7440 -5578 3.36315833380584e-05 3.09434683769941e-05 -1.43638085801467e-06 -1.30966397468001e-05
6000 7640 -5578 3.34763868339363e-05 3.08635971397162e-05 -1.63423856662575e-06 -1.28131324350834e-05
6000 7840 -5578 3.32364604822824e-05 3.06645766124129e-05 -1.6457082521465e-06 -1.26689850315452e-05
6000 8040 -5578 3.29963754076243e-05 3.04531694427133e-05 -2.03170825874258e-06 -1.24567496068776e-05
6000 8240 -5578 3.30678771971157e-05 3.05552462264895e-05 -2.37875632102077e-06 -1.26461040042341e-05
6000 8440 -5578 3.29766290648548e-05 3.04094883576035e-05 -2.80391883704942e-06 -1.24442404936999e-05
6000 8640 -5578 3.28250767044093e-05 3.02256959229708e-05 -2.83740126949579e-06 -1.25710149947554e-05
6000 8840 -5578 3.30688679932148e-05 3.04233272448182e-05 -2.88791928522551e-06 -1.26553481463343e-05
6000 9040 -5578 3.30791332826616e-05 3.029560983181e-05 -3.29078363301232e-06 -1.29488496296108e-05
6000 9240 -5578 3.30219182590712e-05 3.02162527814507e-05 -3.37772564962506e-06 -1.28847243972123e-05
6000 9440 -5578 3.3309577192954e-05 3.03420099616051e-05 -3.51576669231872e-06 -1.32567701097578e-05
6000 9640 -5578 3.33730099083228e-05 3.0285552278161e-05 -3.92707947845338e-06 -1.32463729418814e-05
6200 9640 -5578 3.13965065599622e-05 2.85042386166751e-05 -4.01363428629702e-06 -1.25542722959071e-05
6200 9440 -5578 3.13206312457495e-05 2.85421493835747e-05 -4.14363585429965e-06 -1.22685523666441e-05
6200 9240 -5578 3.11573438749596e-05 2.84551224447787e-05 -3.69949961092789e-06 -1.21408313810825e-05
6200 9040 -5578 3.12152504605328e-05 2.87009369470179e-05 -3.57915275837877e-06 -1.1946571610868e-05
6200 8840 -5578 3.10668645974872e-05 2.86024954505265e-05 -3.13156172812796e-06 -1.18242769353092e-05
6200 8640 -5578 3.10421794853345e-05 2.86419106982648e-05 -2.91029233382142e-06 -1.15369924176484e-05
6200 8440 -5578 3.10465865577112e-05 2.8709585107863e-05 -2.6667823898315e-06 -1.13052745442837e-05
6200 8240 -5578 3.08029243291519e-05 2.85045848339796e-05 -2.23176326274552e-06 -1.15261137802154e-05
6200 8040 -5578 3.1090343276763e-05 2.87630066946149e-05 -2.2019399147066e-06 -1.16149222552776e-05
6200 7840 -5578 3.11970847042341e-05 2.88789962902665e-05 -1.82221097330694e-06 -1.16357915010303e-05
6200 7640 -5578 3.12426736380972e-05 2.89114767275751e-05 -1.41715336456946e-06 -1.16879812199622e-05
6200 7440 -5578 3.13551971919944e-05 2.89814762845635e-05 -1.28840993032713e-06 -1.19501101765782e-05
6200 7240 -5578 3.15150346894967e-05 2.90623194947839e-05 -9.23043787026472e-07 -1.202933450602e-05
6400 7240 -5578 2.9177116910512e-05 2.70285824984312e-05 -5.98726357797204e-07 -1.1060832163319e-05
6400 7440 -5578 2.91097693490273e-05 2.70564418807626e-05 -1.12760900814556e-06 -1.07294753398746e-05
6400 7640 -5578 2.90241437620502e-05 2.69928459115326e-05 -1.31539275852356e-06 -1.05856947153807e-05
6400 7840 -5578 2.89485793257494e-05 2.68979576453567e-05 -1.67240471837772e-06 -1.04946603048593e-05
6400 8040 -5578 2.86577616004311e-05 2.66813126504421e-05 -2.03075657527643e-06 -1.03493336597458e-05
6400 8240 -5578 2.87577145438881e-05 2.67488932162523e-05 -2.39060489715484e-06 -1.03788300082088e-05
6400 8440 -5578 2.88516685795124e-05 2.67803314216435e-05 -2.75795402067161e-06 -1.04203184386715e-05
6400 8640 -5578 2.89183053025403e-05 2.67583505734801e-05 -2.8020128349126e-06 -1.05543535286561e-05
6400 8840 -5578 2.8855176207402e-05 2.66579841785133e-05 -3.12032024769724e-06 -1.06465669628233e-05
6400 9040 -5578 2.88604125702202e-05 2.65099142640829e-05 -3.57098795636557e-06 -1.07930464884266e-05
6400 9240 -5578 2.90825995099168e-05 2.66940964981914e-05 -3.86862616291546e-06 -1.08799623381346e-05
6400 9440 -5578 2.92580691636188e-05 2.66663898006082e-05 -4.18742715544067e-06 -1.12873256355524e-05
6400 9640 -5578 2.94117753134598e-05 2.67180181927979e-05 -4.67124488612171e-06 -1.13387443087995e-05
6600 9640 -5578 2.72199782928344e-05 2.47007615938783e-05 -4.88293396978406e-06 -1.02628375571221e-05
6600 9440 -5578 2.70049642532229e-05 2.4679602149874e-05 -4.54035199899227e-06 -9.98116747010499e-06
6600 9240 -5578 2.68511553136496e-05 2.46335008218884e-05 -4.22351953212638e-06 -9.82210679445416e-06
6600 9040 -5578 2.66555719521479e-05 2.46395794525743e-05 -3.77933175486396e-06 -9.43043195549399e-06
6600 8840 -5578 2.67084795349454e-05 2.4793763872236e-05 -3.5143674032006e-06 -9.27858033031225e-06
6600 8640 -5578 2.66615955669384e-05 2.48663700520992e-05 -3.14179410284851e-06 -9.0902941878885e-06
6600 8440 -5578 2.66601457497304e-05 2.47704295925796e-05 -2.82287859455937e-06 -9.3027983866632e-06
6600 8240 -5578 2.66177546776473e-05 2.48338779360056e-05 -2.53208687958977e-06 -9.24890584126115e-06
6600 8040 -5578 2.65232400126472e-05 2.48039702437818e-05 -1.94912609176936e-06 -9.22378652635962e-06
6600 7840 -5578 2.66587938275736e-05 2.49846225641668e-05 -1.47501639640723e-06 -9.24853473249823e-06
6600 7640 -5578 2.65490912097895e-05 2.48243471868336e-05 -1.16231206150496e-06 -9.33575143571943e-06
6600 7440 -5578 2.67449504224684e-05 2.50682579874992e-05 -5.70279790175846e-07 -9.30320350918919e-06
6600 7240 -5578 2.67213434004236e-05 2.4923399720341e-05 -4.2101615403908e-07 -9.77783724386245e-06
6800 7240 -5578 2.43195645900009e-05 2.28496374040842e-05 -2.88373897198881e-07 -8.27636692952365e-06
6800 7440 -5578 2.42835263869976e-05 2.29493797197938e-05 -6.33758676241996e-07 -7.86147200502455e-06
6800 7640 -5578 2.41481548049984e-05 2.28652495220304e-05 -1.16396224065829e-06 -7.7345972424373e-06
6800 7840 -5578 2.3972418826107e-05 2.26980351060629e-05 -1.4765655872543e-06 -7.71931620594114e-06
6800 8040 -5578 2.40307546605463e-05 2.2714624542743e-05 -1.99444337390378e-06 -7.58585506491363e-06
6800 8240 -5578 2.3989931272024e-05 2.26566258594394e-05 -2.33949612606193e-06 -7.6995728481561e-06
6800 8440 -5578 2.41135232279043e-05 2.26546695791185e-05 -2.75881048210431e-06 -7.65629128646105e-06
6800 8640 -5578 2.42267532507724e-05 2.27237766645849e-05 -3.12289956184213e-06 -7.88712545391172e-06
6800 8840 -5578 2.42325845852961e-05 2.26564616523683e-05 -3.44343536169254e-06 -7.76490835752338e-06
6800 9040 -5578 2.44571317826234e-05 2.27156336084008e-05 -3.90250482634292e-06 -8.18057093862444e-06
6800 9240 -5578 2.45526840789315e-05 2.27428062967956e-05 -4.39613152639504e-06 -8.37010878138245e-06
6800 9440 -5578 2.45883714163544e-05 2.25817919336259e-05 -4.9149449125398e-06 -8.40130635816604e-06
6800 9640 -5578 2.4965480947005e-05 2.25976393856108e-05 -5.28801274427678e-06 -9.09077521506697e-06
7000 9640 -5578 2.25000460914332e-05 2.0388788163662e-05 -5.8547164958436e-06 -7.49117519147694e-06
7000 9440 -5578 2.23053631681538e-05 2.05145720914006e-05 -5.24434451386333e-06 -7.03799472935498e-06
7000 9240 -5578 2.23113431072728e-05 2.072046674788e-05 -4.71318120392971e-06 -6.80030969437212e-06
7000 9040 -5578 2.19026695488985e-05 2.04668197482824e-05 -4.02526300045429e-06 -6.73011999530718e-06
7000 8840 -5578 2.19547320846077e-05 2.06543929837644e-05 -3.70848470006604e-06 -6.61421497352421e-06
7000 8640 -5578 2.19905956107046e-05 2.07835038527846e-05 -3.42472134641139e-06 -6.52522475784645e-06
7000 8440 -5578 2.17374822070483e-05 2.06011945195496e-05 -3.03413768378959e-06 -6.16729463497177e-06
7000 8240 -5578 2.18096862270622e-05 2.0767709992826e-05 -2.59389815649274e-06 -6.04133728006855e-06
7000 8040 -5578 2.19089081850086e-05 2.08776329532266e-05 -2.15021104517837e-06 -6.2850053771399e-06
7000 7840 -5578 2.16360583468516e-05 2.06805098243058e-05 -1.3993889473486e-06 -6.17778046010062e-06
7000 7640 -5578 2.15222294189779e-05 2.0602405320853e-05 -9.80744878032055e-07 -6.16981617617421e-06
7000 7440 -5578 2.16238783329236e-05 2.06809834651649e-05 -5.00581869084272e-07 -6.31358739547432e-06
7000 7240 -5578 2.15401427047076e-05 2.05462961159646e-05 5.40366722161707e-08 -6.44109355192632e-06
7200 7240 -5578 1.88565241917981e-05 1.83115978389978e-05 2.92820888818824e-07 -4.46510912507074e-06
7200 7440 -5578 1.88409248810569e-05 1.83219262156636e-05 -2.77230748415605e-07 -4.31635943811852e-06
7200 7640 -5578 1.89927150059012e-05 1.85060121528804e-05 -9.65221731826205e-07 -4.38787070891703e-06
7200 7840 -5578 1.90815043226078e-05 1.85250381790102e-05 -1.47623711014603e-06 -4.50239769439213e-06
7200 8040 -5578 1.91933131118658e-05 1.85904745012522e-05 -1.90773082699889e-06 -4.37471017555799e-06
7200 8240 -5578 1.93254900424869e-05 1.8624986525625e-05 -2.55157066639822e-06 -4.56043146064621e-06
7200 8440 -5578 1.96039084990065e-05 1.87872585915029e-05 -2.93157608339243e-06 -4.60724830941763e-06
7200 8640 -5578 1.95684728342791e-05 1.86841845959425e-05 -3.23878101237642e-06 -4.83539078803733e-06
7200 8840 -5578 1.96846675872901e-05 1.8643154732883e-05 -3.7807837073924e-06 -5.06207409920171e-06
7200 9040 -5578 1.96268857923116e-05 1.83732566721737e-05 -4.29340107471217e-06 -4.98044201394077e-06
7200 9240 -5578 1.9983343378327e-05 1.86569577641785e-05 -4.90436008700635e-06 -5.14133133389987e-06
7200 9440 -5578 1.99116191670827e-05 1.84244486317039e-05 -5.32026019343175e-06 -5.4448929419741e-06
7200 9640 -5578 2.01056850362312e-05 1.83894647918642e-05 -5.81630500196479e-06 -5.68767157127149e-06
7400 9640 -5578 1.77894888768434e-05 1.61263126581907e-05 -6.43142723850906e-06 -3.87874956981977e-06
7400 9440 -5578 1.78136455404326e-05 1.6511976365e-05 -5.4778108689934e-06 -3.34019316502236e-06
7400 9240 -5578 1.73704163706167e-05 1.62138489615172e-05 -5.20090892350709e-06 -3.45269312249729e-06
7400 9040 -5578 1.74852431754e-05 1.65641332231462e-05 -4.45135946779919e-06 -3.24653467149619e-06
7400 8840 -5578 1.74024682194228e-05 1.66660186499357e-05 -4.11009316891432e-06 -3.01156965763948e-06
7400 8640 -5578 1.75406054004385e-05 1.69013544917107e-05 -3.61538428474887e-06 -2.93760724189633e-06
7400 8440 -5578 1.7511353737754e-05 1.69880566876382e-05 -3.15243167678545e-06 -2.93364182323785e-06
7400 8240 -5578 1.70800722922703e-05 1.66569674238563e-05 -2.54095515523295e-06 -2.79604231886151e-06
7400 8040 -5578 1.69834305799731e-05 1.66382660605013e-05 -2.02367915802279e-06 -2.72050663224945e-06
7400 7840 -5578 1.68454953021879e-05 1.65763564947993e-05 -1.69395641906499e-06 -2.50676418003422e-06
7400 7640 -5578 1.66634188529912e-05 1.64529008623213e-05 -8.58868987479582e-07 -2.46943950540117e-06
7400 7440 -5578 1.63543744507454e-05 1.61824669577181e-05 -3.49231282509209e-07 -2.34202676915356e-06
7400 7240 -5578 1.62037812554241e-05 1.60006844736636e-05 3.82381345138128e-07 -2.50183746592847e-06
7600 7240 -5578 1.38915421230849e-05 1.38693886250257e-05 4.12366118742284e-07 -5.19564615458421e-08
7600 7440 -5578 1.40837301760441e-05 1.4081440012902e-05 -2.44607221743308e-07 4.6257009040346e-08
7600 7640 -5578 1.44476237884483e-05 1.44008697383106e-05 -1.19590087998176e-06 -1.65443523959766e-07
7600 7840 -5578 1.47289284952266e-05 1.4630882864818e-05 -1.68015365898827e-06 -2.47168967069911e-07
7600 8040 -5578 1.48341997875246e-05 1.46487263925374e-05 -2.26288868791744e-06 -5.89604273111263e-07
7600 8240 -5578 1.5293591029637e-05 1.50439395513386e-05 -2.6699541463604e-06 -8.73053577557585e-07
7600 8440 -5578 1.53527269548311e-05 1.49636368844658e-05 -3.41371387075196e-06 -8.22056012889334e-07
7600 8640 -5578 1.55810940650694e-05 1.50871886052191e-05 -3.74069089163095e-06 -1.18663244280015e-06
7600 8840 -5578 1.55315547337431e-05 1.4957286272198e-05 -3.99491959094303e-06 -1.17632105321718e-06
7600 9040 -5578 1.56662594221437e-05 1.48619317226112e-05 -4.78464671113761e-06 -1.26572985940766e-06
7600 9240 -5578 1.56494228050154e-05 1.46705070100725e-05 -5.16587717132643e-06 -1.28288881602111e-06
7600 9440 -5578 1.54862221086581e-05 1.43261026795954e-05 -5.94664618792012e-06 -1.4263807372372e-06
7600 9640 -5578 1.55760037627794e-05 1.40229789149016e-05 -6.59679167810828e-06 -1.51467546907588e-06
7800 9640 -5578 1.39464520865307e-05 1.21450385861099e-05 -6.79697170341387e-06 9.38011530116455e-07
7800 9440 -5578 1.38402176601957e-05 1.23962976671755e-05 -6.09386252099648e-06 8.83963248262717e-07
7800 9240 -5578 1.37060849628637e-05 1.26829004511237e-05 -5.12901717625209e-06 8.33056997950735e-07
7800 9040 -5578 1.3799167544692e-05 1.29602128472179e-05 -4.68318693188485e-06 6.92782560662636e-07
7800 8840 -5578 1.39199606208757e-05 1.32090422976762e-05 -4.23946198576596e-06 7.4299620784609e-07
7800 8640 -5578 1.37987858503597e-05 1.32457870915532e-05 -3.78729239944369e-06 8.70713855901158e-07
7800 8440 -5578 1.38111830158849e-05 1.33164507392794e-05 -3.48463228008768e-06 1.16027369859785e-06
7800 8240 -5578 1.35256246581696e-05 1.31717679258436e-05 -2.91305358245154e-06 1.05608536336968e-06
7800 8040 -5578 1.34597469766462e-05 1.31431428305805e-05 -2.53460356885989e-06 1.43462740981704e-06
7800 7840 -5578 1.29746108388315e-05 1.27245562300086e-05 -2.04996766064869e-06 1.56199046297479e-06
7800 7640 -5578 1.28201597061015e-05 1.25915183667094e-05 -1.39734440399684e-06 1.96342154147624e-06
7800 7440 -5578 1.2437496494651e-05 1.21981682088226e-05 -7.66547718383663e-07 2.3957988848415e-06
7800 7240 -5578 1.19157455989434e-05 1.15652334727347e-05 1.73612632629556e-07 2.81287483842607e-06
8000 7240 -5578 1.13956322420527e-05 9.80241637863219e-06 -8.86328298920489e-08 5.62460379721597e-06
8000 7440 -5578 1.17742428759577e-05 1.0532933303155e-05 -9.84463625576836e-07 5.1692303782329e-06
8000 7640 -5578 1.18586357734671e-05 1.07960374206305e-05 -1.79889340009686e-06 4.73952742689289e-06
8000 7840 -5578 1.22909103186756e-05 1.13461932996288e-05 -2.26680041158124e-06 4.05424029793357e-06
8000 8040 -5578 1.25504931580179e-05 1.16941730398685e-05 -2.81102844963607e-06 3.60501388694684e-06
8000 8240 -5578 1.26836917168847e-05 1.18671391829848e-05 -3.21165818954614e-06 3.20148914317997e-06
8000 8440 -5578 1.27163140671855e-05 1.18658242300153e-05 -3.49540504946708e-06 2.94771137288626e-06
8000 8640 -5578 1.29081510438911e-05 1.19630848858505e-05 -3.95768641776522e-06 2.86603968822965e-06
8000 8840 -5578 1.28907747598179e-05 1.18199756387621e-05 -4.10146107303444e-06 3.03779449803187e-06
8000 9040 -5578 1.30370110344241e-05 1.18042352776974e-05 -4.67225521197542e-06 2.93302696273531e-06
8000 9240 -5578 1.27780934147065e-05 1.12611117418855e-05 -5.17798120107182e-06 3.33211610178842e-06
8000 9440 -5578 1.28747737324528e-05 1.08445897269994e-05 -5.98634037934244e-06 3.1940625665593e-06
8000 9640 -5578 1.27512519975273e-05 1.02334033614025e-05 -6.74061253946275e-06 3.53482746336522e-06
8200 9640 -5578 1.27951844418713e-05 8.7848038719967e-06 -6.53821790451184e-06 6.50520812580362e-06
8200 9440 -5578 1.25468738087991e-05 9.48011867981404e-06 -5.61375343636609e-06 6.09499344183132e-06
8200 9240 -5578 1.2516865890373e-05 1.01047651655972e-05 -4.90775411311188e-06 5.4774855885189e-06
8200 9040 -5578 1.27004999740065e-05 1.06545571368188e-05 -4.59652193379588e-06 5.16285753436387e-06
8200 8840 -5578 1.25478568510475e-05 1.08343879748136e-05 -4.27118784561753e-06 4.80685756576713e-06
8200 8640 -5578 1.26356808265121e-05 1.09973503910005e-05 -4.0290486531012e-06 4.92296094965423e-06
8200 8440 -5578 1.26773315224817e-05 1.10464881844819e-05 -3.56458693731747e-06 5.0764670248609e-06
8200 8240 -5578 1.26907962851556e-05 1.09519417211413e-05 -3.55312138064619e-06 5.31219563703053e-06
8200 8040 -5578 1.25898872529849e-05 1.06655881721526e-05 -3.2587330089882e-06 5.84341668337584e-06
8200 7840 -5578 1.25852543136254e-05 1.04144892422482e-05 -2.82129992567207e-06 6.49545499915257e-06
8200 7640 -5578 1.23322339272075e-05 9.81052432116121e-06 -2.36411433076137e-06 7.22728161280975e-06
8200 7440 -5578 1.22593974689427e-05 9.10144174657762e-06 -1.54417327043302e-06 8.02611213456839e-06
8200 7240 -5578 1.2257144862472e-05 8.25766139477491e-06 -6.73472948277777e-07 9.0329985418357e-06
8400 7240 -5578 1.48028541696852e-05 7.07147178612649e-06 -1.72746124694095e-06 1.28338265679777e-05
8400 7440 -5578 1.41809911083869e-05 8.31969620473683e-06 -2.61099043847935e-06 1.12023013662547e-05
8400 7640 -5578 1.361490291563e-05 8.99607420433313e-06 -3.14058570357156e-06 9.86784295830876e-06
8400 7840 -5578 1.34945987066311e-05 9.59787068702281e-06 -3.55723776188825e-06 8.68586600571871e-06
8400 8040 -5578 1.33619026401947e-05 1.01965978853405e-05 -3.7293671856205e-06 7.7986983852461e-06
8400 8240 -5578 1.33407499441704e-05 1.05403923373669e-05 -3.75158788883709e-06 7.26645214390009e-06
8400 8440 -5578 1.31496538549995e-05 1.05310782585293e-05 -3.82898757525254e-06 7.01097678393126e-06
8400 8640 -5578 1.3255283156012e-05 1.0708606461063e-05 -3.8507385901612e-06 6.85090649314225e-06
8400 8840 -5578 1.30416222029243e-05 1.04481365876272e-05 -3.87123592296848e-06 6.79213302303106e-06
8400 9040 -5578 1.30574066120483e-05 9.95700735412538e-06 -4.20559161453275e-06 7.26699493266642e-06
8400 9240 -5578 1.29361358059616e-05 9.30869613494724e-06 -4.28295958237868e-06 7.89607770182192e-06
8400 9440 -5578 1.34093650776155e-05 8.8636375553906e-06 -5.22655270737596e-06 8.75034781359136e-06
8400 9640 -5578 1.39197638625035e-05 7.98937615286559e-06 -5.95167428720742e-06 9.69712811894715e-06
8600 9640 -5578 1.5707335973505e-05 7.64341264404357e-06 -4.90669228881597e-06 1.28783746529371e-05
8600 9440 -5578 1.48008314774617e-05 8.70617170631886e-06 -4.08900814861409e-06 1.12871817387641e-05
8600 9240 -5578 1.43555802691068e-05 9.6232084305957e-06 -3.68500105600106e-06 1.00238579101861e-05
8600 9040 -5578 1.42073436912033e-05 1.0272974521853e-05 -3.57417136486765e-06 9.18992948159576e-06
8600 8840 -5578 1.41081378597471e-05 1.05789304003119e-05 -3.6860159090138e-06 8.48065388109535e-06
8600 8640 -5578 1.43022793727184e-05 1.10035777892917e-05 -3.69373357924633e-06 8.18364336714149e-06
8600 8440 -5578 1.44975611746159e-05 1.10416287165135e-05 -3.9707276551344e-06 8.52944906894117e-06
8600 8240 -5578 1.4663275281882e-05 1.09491929691285e-05 -4.20553301040491e-06 8.89288516901433e-06
8600 8040 -5578 1.49345541674185e-05 1.04260395942256e-05 -4.64529191178735e-06 9.63119253329933e-06
8600 7840 -5578 1.53313640592346e-05 9.98982503730804e-06 -4.5521944698412e-06 1.08494844082743e-05
8600 7640 -5578 1.59059119219836e-05 9.26977382786572e-06 -4.46739653791883e-06 1.22311250176281e-05
8600 7440 -5578 1.68019536902374e-05 8.26145507302135e-06 -4.184764896243e-06 1.40724872127175e-05
8600 7240 -5578 1.78969166149014e-05 6.99093803018332e-06 -3.48868627187471e-06 1.60845180340111e-05
8800 7240 -5578 2.16874027161098e-05 7.85322853643447e-06 -5.8405164773576e-06 1.94068945981562e-05
8800 7440 -5578 1.98379656788586e-05 9.30406116880477e-06 -6.09348765667528e-06 1.64270732700825e-05
8800 7640 -5578 1.87296043951757e-05 1.04160926835611e-05 -6.20677073998377e-06 1.41753491554409e-05
8800 7840 -5578 1.74378888704757e-05 1.1060711754486e-05 -5.88153427327052e-06 1.22564615532756e-05
8800 8040 -5578 1.68789844140019e-05 1.17338026743382e-05 -5.48434456065297e-06 1.09007851947099e-05
8800 8240 -5578 1.6331411665623e-05 1.20875649582595e-05 -4.86962973175105e-06 9.95648566726595e-06
8800 8440 -5578 1.58381356547743e-05 1.20865351129323e-05 -4.33324250826263e-06 9.30349591653794e-06
8800 8640 -5578 1.57923603029829e-05 1.21453328132629e-05 -3.53856005275338e-06 9.32083156704903e-06
8800 8840 -5578 1.55203375209901e-05 1.17596769109368e-05 -3.20562165148294e-06 9.60806252807379e-06
8800 9040 -5578 1.54313893196465e-05 1.11514945961535e-05 -2.73435781394801e-06 1.04108160072938e-05
8800 9240 -5578 1.59769062003845e-05 1.05593540007248e-05 -2.55550641671289e-06 1.17475211266428e-05
8800 9440 -5578 1.64186315986416e-05 9.49489459116012e-06 -2.47871358007978e-06 1.30704142730683e-05
8800 9640 -5578 1.78389219762474e-05 8.3415012951009e-06 -3.11469541471161e-06 1.54578512702137e-05
9000 9640 -5578 2.02903393151491e-05 1.02273576240987e-05 -5.86649796558049e-07 1.72631553784013e-05
9000 9440 -5578 1.8701349094883e-05 1.13370753508061e-05 -6.19506398551948e-07 1.47932979036123e-05
9000 9240 -5578 1.76822544189914e-05 1.23057296313345e-05 -8.69105685227623e-07 1.27005754001439e-05
9000 9040 -5578 1.71927954283134e-05 1.29146279282868e-05 -1.42057835805099e-06 1.1301001559943e-05
9000 8840 -5578 1.71433137067876e-05 1.37684885971248e-05 -2.17293497767241e-06 9.97646324150264e-06
9000 8640 -5578 1.72419662860118e-05 1.3905877744779e-05 -3.42721799326682e-06 9.43254927545786e-06
9000 8440 -5578 1.75401692805299e-05 1.41644151210785e-05 -4.23551390250213e-06 9.25531617924571e-06
9000 8240 -5578 1.80274628462898e-05 1.40264771580696e-05 -5.44127315172227e-06 1.00316364560276e-05
9000 8040 -5578 1.90122009611288e-05 1.40420537404716e-05 -6.56460453895852e-06 1.11326266862452e-05
9000 7840 -5578 1.99079229048517e-05 1.34189957436174e-05 -7.45878945942968e-06 1.2687946414575e-05
9000 7640 -5578 2.09666180468869e-05 1.24446648489684e-05 -8.13855772279203e-06 1.47815177608281e-05
9000 7440 -5578 2.27393380052684e-05 1.159442047216e-05 -8.52850369550288e-06 1.76043043471873e-05
9000 7240 -5578 2.52198306938215e-05 1.02235101871192e-05 -8.91776838060468e-06 2.12542794905603e-05
9200 7240 -5578 2.86332491352769e-05 1.38167703524232e-05 -1.26694691684097e-05 2.16813819333911e-05
9200 7440 -5578 2.59525240985857e-05 1.49853820875287e-05 -1.1689684048295e-05 1.77266142368317e-05
9200 7640 -5578 2.3969764300861e-05 1.58195911701769e-05 -1.06071644052863e-05 1.46395863331854e-05
9200 7840 -5578 2.25963130818906e-05 1.66682135164738e-05 -9.20145346038043e-06 1.21695224754512e-05
9200 8040 -5578 2.12589965026612e-05 1.69605849757791e-05 -7.85536414245144e-06 1.00448642875999e-05
9200 8240 -5578 2.03073435777664e-05 1.72190818116069e-05 -6.12461043009534e-06 8.83706367947161e-06
9200 8440 -5578 1.98440764166832e-05 1.73434008285403e-05 -4.6117798963096e-06 8.47992735542357e-06
9200 8640 -5578 1.93697149281018e-05 1.71944203414023e-05 -2.85874518964556e-06 8.52715581096709e-06
9200 8840 -5578 1.91304748372282e-05 1.67555297911167e-05 -1.59481104491351e-06 9.09306695498526e-06
9200 9040 -5578 1.913692186658e-05 1.6027348453179e-05 1.30890987067687e-07 1.04156638458371e-05
9200 9240 -5578 1.98130568771553e-05 1.53420787677169e-05 1.11384106438709e-06 1.24457922298461e-05
9200 9440 -5578 2.08052418390033e-05 1.43601619750261e-05 2.05152737693425e-06 1.49014485310763e-05
9200 9640 -5578 2.2562908276413e-05 1.30688819419593e-05 2.5071432339355e-06 1.80804224647582e-05
9400 9640 -5578 2.53297457688894e-05 1.68073187805712e-05 6.236517990008e-06 1.78945773765445e-05
9400 9440 -5578 2.35296857277398e-05 1.80512730590999e-05 5.10859855869785e-06 1.39685645103455e-05
9400 9240 -5578 2.23874516554584e-05 1.9082443356514e-05 3.67678728795727e-06 1.11657655052841e-05
9400 9040 -5578 2.20243422534391e-05 2.0053796928376e-05 1.76233243819411e-06 8.84828171040863e-06
9400 8840 -5578 2.18209935987179e-05 2.06541739292443e-05 -1.00786407561827e-07 7.04854218009859e-06
9400 8640 -5578 2.23216836948016e-05 2.12754454389215e-05 -2.14658520217563e-06 6.1894195433706e-06
9400 8440 -5578 2.24713254625781e-05 2.11497343741357e-05 -4.50115731172264e-06 6.1146370950155e-06
9400 8240 -5578 2.336158171478e-05 2.13681052327156e-05 -6.88346562720835e-06 6.56510598398745e-06
9400 8040 -5578 2.41533437345983e-05 2.10906454846263e-05 -8.89959919918329e-06 7.81145063787699e-06
9400 7840 -5578 2.57246001100496e-05 2.09656526558101e-05 -1.11476266719401e-05 9.95141254737973e-06
9400 7640 -5578 2.71506465857032e-05 2.01285306066275e-05 -1.30798587184399e-05 1.25405538827181e-05
9400 7440 -5578 2.94145702284272e-05 1.93239563591778e-05 -1.50822248999029e-05 1.62999162469059e-05
9400 7240 -5578 3.21021829819748e-05 1.82454803884029e-05 -1.68371746521443e-05 2.03509741127491e-05
9600 7240 -5578 3.64551236878841e-05 2.34417258873582e-05 -2.09806928932667e-05 1.84193391911685e-05
9600 7440 -5578 3.39321456634091e-05 2.47341369017959e-05 -1.8927263610065e-05 1.32435829639435e-05
9600 7640 -5578 3.16749359418213e-05 2.56402659416199e-05 -1.63624707851559e-05 9.02158013451845e-06
9600 7840 -5578 3.01526146902048e-05 2.62712468989193e-05 -1.355345787853e-05 6.07432895433158e-06
9600 8040 -5578 2.87280037771499e-05 2.64095434881747e-05 -1.07182541266084e-05 3.59906130033778e-06
9600 8240 -5578 2.77353927962534e-05 2.6531155154109e-05 -7.63274782709777e-06 2.28741472384536e-06
9600 8440 -5578 2.68284415025359e-05 2.63660150840879e-05 -4.68947348906659e-06 1.76552045349445e-06
9600 8640 -5578 2.65203336635328e-05 2.63798890560865e-05 -1.84836330072267e-06 1.93628395998167e-06
9600 8840 -5578 2.60488506128615e-05 2.58571340627968e-05 1.27081559406906e-06 2.96340063130992e-06
9600 9040 -5578 2.60305292301026e-05 2.52442077174783e-05 3.8633414467331e-06 5.02262238832191e-06
9600 9240 -5578 2.64591588323999e-05 2.44035658761859e-05 6.36903855437413e-06 7.84797067195177e-06
9600 9440 -5578 2.74552831811781e-05 2.33556023165584e-05 8.81263543386012e-06 1.16426755543798e-05
9600 9640 -5578 2.93467357829127e-05 2.19694066643715e-05 1.05026141498238e-05 1.65667701549828e-05
9800 9640 -5578 3.56027407339072e-05 2.87719733715057e-05 1.64019160252064e-05 1.30807021670043e-05
9800 9440 -5578 3.34997002854344e-05 2.98804679736495e-05 1.34777428247035e-05 7.03741338755935e-06
9800 9240 -5578 3.26586468396609e-05 3.08744186386466e-05 1.03258122038096e-05 2.59520508918649e-06
9800 9040 -5578 3.19877371989424e-05 3.123289180547e-05 7.00516045279801e-06 -7.7804723403824e-07
9800 8840 -5578 3.20970602069566e-05 3.18022940158844e-05 3.14094168690644e-06 -2.95264283617144e-06
9800 8640 -5578 3.25087321982786e-05 3.2184937350452e-05 -6.16482223555067e-07 -4.21651697478956e-06
9800 8440 -5578 3.30838841262673e-05 3.24493302181363e-05 -4.34510176180629e-06 -4.6851903591596e-06
9800 8240 -5578 3.40928187116828e-05 3.28146280199289e-05 -8.13071683421731e-06 -4.40589597960934e-06
9800 8040 -5578 3.51634126746047e-05 3.28371951207519e-05 -1.19818851780146e-05 -3.13493948863288e-06
9800 7840 -5578 3.66232246338994e-05 3.29870050400496e-05 -1.57677042800933e-05 -4.76383180503035e-07
9800 7640 -5578 3.8428687263122e-05 3.28983446359634e-05 -1.96577750407159e-05 2.74850055610386e-06
9800 7440 -5578 4.0379606808529e-05 3.21083804145455e-05 -2.33541276007891e-05 7.4788337694481e-06
9800 7240 -5578 4.3240912480139e-05 3.09584746733308e-05 -2.68408571407199e-05 1.39279454872012e-05
10000 7240 -5578 5.33301825506847e-05 4.11296341568231e-05 -3.35700889900327e-05 4.97318564215675e-06
10000 7440 -5578 5.03965112651692e-05 4.13462072759867e-05 -2.87454911246896e-05 -1.99905767597375e-06
10000 7640 -5578 4.79605998260586e-05 4.11954752206802e-05 -2.35268762223423e-05 -6.99963419744745e-06
10000 7840 -5578 4.61825348521355e-05 4.08844522386789e-05 -1.87498813904822e-05 -1.04610056821257e-05
10000 8040 -5578 4.44571101371767e-05 4.03255827054381e-05 -1.3823967024684e-05 -1.27440982032567e-05
10000 8240 -5578 4.32594219362307e-05 3.98903968036175e-05 -9.08305837307126e-06 -1.40581606086344e-05
10000 8440 -5578 4.22093435819087e-05 3.94102050587535e-05 -4.46114726841915e-06 -1.44461374469101e-05
10000 8640 -5578 4.17614890973828e-05 3.93230454921722e-05 -1.83918876105963e-07 -1.3984001563862e-05
10000 8840 -5578 4.11599274951417e-05 3.88559190556407e-05 4.78489897935651e-06 -1.27028456404805e-05
10000 9040 -5578 4.11763648800118e-05 3.87085711061954e-05 9.66915630176663e-06 -1.0145567053929e-05
10000 9240 -5578 4.20956127070571e-05 3.89723642915487e-05 1.4337095418945e-05 -6.90239999257028e-06
10000 9440 -5578 4.30824970225959e-05 3.85598978251219e-05 1.89809189103544e-05 -1.95018440974309e-06
10000 9640 -5578 4.50176617047138e-05 3.79724546968937e-05 2.36610656902194e-05 4.82395147381612e-06
10200 9640 -5578 5.97367650304188e-05 4.9327839769423e-05 3.24224811941385e-05 -9.17679189052433e-06
10200 9440 -5578 5.69033906801009e-05 4.83041537776589e-05 2.55287480503321e-05 -1.59488009102643e-05
10200 9240 -5578 5.47152418053743e-05 4.71248554214835e-05 1.91282945051789e-05 -2.02174663133919e-05
10200 9040 -5578 5.37229173866758e-05 4.65748540461063e-05 1.32315568793565e-05 -2.32779020890594e-05
10200 8840 -5578 5.30582672334663e-05 4.60596964284778e-05 7.23711094539612e-06 -2.55132764615119e-05
10200 8640 -5578 5.3436448333265e-05 4.61744568571448e-05 1.56376062711024e-06 -2.68216975145042e-05
10200 8440 -5578 5.36076613847548e-05 4.60727954208851e-05 -3.75139967081441e-06 -2.7142098005861e-05
10200 8240 -5578 5.45759862164421e-05 4.65588769540191e-05 -9.22313063032925e-06 -2.6945593982935e-05
10200 8040 -5578 5.65788471716449e-05 4.78330071270466e-05 -1.49529491048306e-05 -2.62754218056798e-05
10200 7840 -5578 5.85567193392431e-05 4.90288738831878e-05 -2.06950758509338e-05 -2.44289324581623e-05
10200 7640 -5578 6.11515294446879e-05 5.03530437424779e-05 -2.70713067092001e-05 -2.18720789588988e-05
10200 7440 -5578 6.4127582850073e-05 5.17878602147102e-05 -3.36829512938857e-05 -1.75006987862289e-05
10200 7240 -5578 6.82725190878889e-05 5.33839881643653e-05 -4.1222139954567e-05 -1.05914030103013e-05
10400 7240 -5578 8.95514223769175e-05 6.6478266403079e-05 -4.84022288024426e-05 -3.54082720950246e-05
10400 7440 -5578 8.32976093051024e-05 6.22892219126225e-05 -3.86501692384481e-05 -3.95564023554325e-05
10400 7640 -5578 7.77950693325719e-05 5.84781800508499e-05 -3.02098537907004e-05 -4.15090939700604e-05
10400 7840 -5578 7.41801897514688e-05 5.60373952686787e-05 -2.28918997831643e-05 -4.27594582363963e-05
10400 8040 -5578 7.07924981840097e-05 5.37118473276496e-05 -1.61012288946658e-05 -4.32050100713968e-05
10400 8240 -5578 6.87438723419747e-05 5.24931450560689e-05 -9.67661264166236e-06 -4.33191975280643e-05
10400 8440 -5578 6.74523330580848e-05 5.16955370530486e-05 -3.86650965335866e-06 -4.32069706320763e-05
10400 8640 -5578 6.70430733468285e-05 5.16540388837457e-05 2.21244464893243e-06 -4.26656534820795e-05
10400 8840 -5578 6.73750579600761e-05 5.19501810893417e-05 8.37614631280303e-06 -4.19853154793382e-05
10400 9040 -5578 6.85522402304752e-05 5.30414769053459e-05 1.52256464101374e-05 -4.05883444622159e-05
10400 9240 -5578 7.1011579561222e-05 5.47420148849487e-05 2.27532798014581e-05 -3.90927678272128e-05
10400 9440 -5578 7.46968742694838e-05 5.73573862612247e-05 3.11223597303033e-05 -3.65321387499571e-05
10400 9640 -5578 8.00780351694439e-05 6.07333023548126e-05 4.11799778491259e-05 -3.19412064701319e-05
10600 9640 -5578 0.000103617856788429 6.84362977445126e-05 4.71262484714389e-05 -6.19310671687126e-05
10600 9440 -5578 9.42561702416717e-05 6.26174905747175e-05 3.49484366104007e-05 -6.10670468211174e-05
10600 9240 -5578 8.81832346910407e-05 5.8785778850317e-05 2.57172899805009e-05 -6.04907933622598e-05
10600 9040 -5578 8.39975546567497e-05 5.62621749788523e-05 1.74780467450619e-05 -5.99313269108534e-05
10600 8840 -5578 8.16751022272667e-05 5.47242864370346e-05 1.02807690165937e-05 -5.99295397251844e-05
10600 8640 -5578 8.08706520698165e-05 5.38965745419264e-05 3.40761234305683e-06 -6.00724873393774e-05
10600 8440 -5578 8.12036222464478e-05 5.41292850226164e-05 -2.88010066571951e-06 -6.04004245996475e-05
10600 8240 -5578 8.25822955378667e-05 5.49360685795546e-05 -9.26438601873815e-06 -6.0899416655302e-05
10600 8040 -5578 8.50607296154478e-05 5.6466094315052e-05 -1.57211817391217e-05 -6.16421313732863e-05
10600 7840 -5578 8.92219807400151e-05 5.89871895313263e-05 -2.29515097439289e-05 -6.28724614083767e-05
10600 7640 -5578 9.48846219924238e-05 6.25764323472977e-05 -3.06191854029894e-05 -6.4207668274641e-05
10600 7440 -5578 0.000102655862654325 6.7591207370162e-05 -3.99908290803432e-05 -6.60652539730072e-05
10600 7240 -5578 0.000114709219767330 7.54429336190224e-05 -5.24142247959971e-05 -6.86703129559755e-05
10800 7240 -5578 0.000133268830472231 7.20819170624018e-05 -4.95719157606363e-05 -0.000100535583630204
10800 7440 -5578 0.000118948147567970 6.49086969643832e-05 -3.8306334130466e-05 -9.21597408354282e-05
10800 7640 -5578 0.000109176742598595 6.00970360040665e-05 -2.95829238444567e-05 -8.63966458439827e-05
10800 7840 -5578 0.0001024513951 5.66289525181055e-05 -2.21960236616433e-05 -8.25421210676432e-05
10800 8040 -5578 9.80502416795728e-05 5.44110761657357e-05 -1.54438471924514e-05 -8.00665625780821e-05
10800 8240 -5578 9.51226952124794e-05 5.28521984294057e-05 -9.34051319304854e-06 -7.85348781049252e-05
10800 8440 -5578 9.33950956483317e-05 5.21312016099691e-05 -2.96161327129812e-06 -7.74003451615572e-05
10800 8640 -5578 9.30893748809281e-05 5.20306349173188e-05 3.04269829252007e-06 -7.71955888420344e-05
10800 8840 -5578 9.43898706849555e-05 5.28088893741369e-05 9.48290314059705e-06 -7.76186439543962e-05
10800 9040 -5578 9.72622297787853e-05 5.41700043529272e-05 1.66736020836979e-05 -7.90414003133774e-05
10800 9240 -5578 0.000101913465382014 5.6585690125823e-05 2.45609086938202e-05 -8.1104023128748e-05
10800 9440 -5578 0.0001097001723 6.03689182549715e-05 3.33984200209379e-05 -8.51294595450163e-05
10800 9640 -5578 0.000121537442285244 6.5857030108571e-05 4.54801145941019e-05 -9.13774268776178e-05
11000 9640 -5578 0.000128974156688390 5.36805328801274e-05 3.70105926245451e-05 -0.000111365647673607
11000 9440 -5578 0.000118459556296130 5.09686332270503e-05 2.86513730064034e-05 -0.000103117088496685
11000 9240 -5578 0.000111414222067042 4.91905263289809e-05 2.13822455815971e-05 -9.76970787793398e-05
11000 9040 -5578 0.000106652541540723 4.75339924916625e-05 1.52181163914502e-05 -9.40990413576364e-05
11000 8840 -5578 0.000103597905979886 4.63956359177828e-05 9.14749244228005e-06 -9.21371268630028e-05
11000 8640 -5578 0.000102011598834289 4.59404019266367e-05 3.29306066044956e-06 -9.09620077461004e-05
11000 8440 -5578 0.000102273520985202 4.62469408065081e-05 -2.20233903328335e-06 -9.1245500087738e-05
11000 8240 -5578 0.000103706648632549 4.66371424496174e-05 -7.47394151519984e-06 -9.22905126214028e-05
11000 8040 -5578 0.000106578567477615 4.74329887032509e-05 -1.30956868510693e-05 -9.45389105826616e-05
11000 7840 -5578 0.000111003537494973 4.88985885381699e-05 -1.9174774531275e-05 -9.76328094899655e-05
11000 7640 -5578 0.000117176993598361 5.07246343716979e-05 -2.51054969877005e-05 -0.000102627340197563
11000 7440 -5578 0.000125980490276038 5.31551568135619e-05 -3.20798998400569e-05 -0.000109675891846418
11000 7240 -5578 0.000138686972174584 5.64719482958317e-05 -4.02956171408296e-05 -0.000120115199297667
11200 7240 -5578 0.000136993119730518 3.82924021631479e-05 -2.914783674106e-05 -0.000128262271940708
11200 7440 -5578 0.000128374779698319 3.92800054624677e-05 -2.47188480012119e-05 -0.0001196450662
11200 7640 -5578 0.000121100488044394 3.89686619713903e-05 -2.01520592756569e-05 -0.000113179098278284
11200 7840 -5578 0.000116042127922300 3.86737350896001e-05 -1.5582656621933e-05 -0.000108309766560793
11200 8040 -5578 0.000111984307260267 3.82077247202396e-05 -1.12402013652027e-05 -0.000104535481721163
11200 8240 -5578 0.000109536374734428 3.76822618693113e-05 -6.66172461537644e-06 -0.000102512716293335
11200 8440 -5578 0.000108111234439240 3.75396540388465e-05 -2.24649761836008e-06 -0.000101382716789842
11200 8640 -5578 0.000108038321499640 3.75997332856059e-05 2.10475590600072e-06 -0.000101364133343101
11200 8840 -5578 0.000109377710031556 3.75666822269559e-05 6.6191965197213e-06 -0.000102526779085398
11200 9040 -5578 0.000111986768929377 3.8176200568676e-05 1.15748220663518e-05 -0.000104600499331951
11200 9240 -5578 0.000115801034375474 3.83847167342901e-05 1.64230538252741e-05 -0.000108012852877378
11200 9440 -5578 0.000121539395758047 3.86505289524794e-05 2.12486335411668e-05 -0.000113074929565191
11200 9640 -5578 0.000129281185516650 3.85210096538067e-05 2.60175537243485e-05 -0.0001205913451
11400 9640 -5578 0.000127110461966362 2.57654951624572e-05 1.69912572465837e-05 -0.000123304314374924
11400 9440 -5578 0.000122028240668276 2.73253497220576e-05 1.45597484763712e-05 -0.000117954461246729
11400 9240 -5578 0.000117823610837381 2.82028032653034e-05 1.19676207266748e-05 -0.0001137707397
11400 9040 -5578 0.000114809134077691 2.85942672081292e-05 8.73615692742169e-06 -0.000110785633891821
11400 8840 -5578 0.000112643844342399 2.86914041154087e-05 5.22497130581178e-06 -0.000108828361690044
11400 8640 -5578 0.000111570301981558 2.89236963689327e-05 1.67854716722104e-06 -0.000107756304264069
11400 8440 -5578 0.000111438678647687 2.89450560025871e-05 -1.66943100020853e-06 -0.000107614268839359
11400 8240 -5578 0.000112538974527679 2.89510811641812e-05 -5.08328784559853e-06 -0.000108850491136312
11400 8040 -5578 0.000114471127097391 2.87803916074336e-05 -8.38399728760123e-06 -0.000110476407378912
11400 7840 -5578 0.000117614799144409 2.84879829585552e-05 -1.17671461571008e-05 -0.000113568598628044
11400 7640 -5578 0.000121684315099124 2.79318324625492e-05 -1.48789761513472e-05 -0.000117529336
11400 7440 -5578 0.000126835417590539 2.67783943749964e-05 -1.74479444995522e-05 -0.000122742453873157
11400 7240 -5578 0.000133345822176898 2.46070311069489e-05 -1.98072838708758e-05 -0.000129572794437408
11600 7240 -5578 0.000129374256845668 1.48074399195611e-05 -1.28528911285102e-05 -0.000127927426159382
11600 7440 -5578 0.000125235854277862 1.72909644730389e-05 -1.19760129898787e-05 -0.000123395978033543
11600 7640 -5578 0.000121539822557020 1.89920651242137e-05 -1.05973021760583e-05 -0.000119478429019451
11600 7840 -5578 0.000118375355668119 2.00863214656711e-05 -8.77098063658923e-06 -0.000116328562349081
11600 8040 -5578 0.000115886025923745 2.07429813556373e-05 -6.4841007264331e-06 -0.000113758051276207
11600 8240 -5578 0.000114317746768765 2.10488510243595e-05 -4.38222127850168e-06 -0.000112423321723938
11600 8440 -5578 0.000113440829675393 2.10640000738204e-05 -1.63187718313202e-06 -0.000111504325598478
11600 8640 -5578 0.000113359860697275 2.11168706938624e-05 8.4136057622095e-07 -0.000111372473716736
11600 8840 -5578 0.000114177246734498 2.0955066204071e-05 3.18172378980671e-06 -0.000112246640950441
11600 9040 -5578 0.000115820527731119 2.03558688722551e-05 5.77974187536165e-06 -0.000113794490933418
11600 9240 -5578 0.000117993890362515 1.97345819175243e-05 7.8626848179847e-06 -0.000115933599680662
11600 9440 -5578 0.000120939846696057 1.86162116639316e-05 9.45376097317785e-06 -0.000119165136992931
11600 9640 -5578 0.000124565469337272 1.68363410942256e-05 1.01444801725447e-05 -0.000123004810035229
11800 9640 -5578 0.000122125718611581 1.02248531030491e-05 5.75788682076381e-06 -0.000121550181925297
11800 9440 -5578 0.000119487993882303 1.21076596882194e-05 5.5679697515443e-06 -0.0001188673608
11800 9240 -5578 0.000117685612130622 1.31971246208996e-05 4.90863668126985e-06 -0.000116738428980112
11800 9040 -5578 0.000116020790672274 1.41338285654783e-05 3.77768462945096e-06 -0.000115162916094065
11800 8840 -5578 0.000114668211650440 1.46283245421946e-05 2.24312460561851e-06 -0.000113709187299013
11800 8640 -5578 0.000114224502915452 1.5053044071421e-05 4.21458320436613e-07 -0.000113227493584156
11800 8440 -5578 0.000114351775 1.48848981689662e-05 -1.10816649143635e-06 -0.000113401590943336
11800 8240 -5578 0.000114792598089806 1.46713913474232e-05 -2.75034149069688e-06 -0.000113851487636566
11800 8040 -5578 0.000116038218315328 1.41086706332862e-05 -4.60084700054722e-06 -0.000115035876721144
11800 7840 -5578 0.000117898656177371 1.36453987434506e-05 -6.33429686911404e-06 -0.000117073662966490
11800 7640 -5578 0.000120223194333920 1.23597884457558e-05 -7.34785552043468e-06 -0.000119304107815027
11800 7440 -5578 0.000122799898479186 1.0949996041134e-05 -7.94307575188578e-06 -0.000122052530497313
11800 7240 -5578 0.000125956413925331 8.92873984947801e-06 -8.08954369369894e-06 -0.000125382933616638
12000 7240 -5578 0.000123104940141772 5.11608437797986e-06 -4.61664065739023e-06 -0.000122891897350550
12000 7440 -5578 0.000121017257430705 6.61308513535187e-06 -4.9985011247918e-06 -0.000120803363114595
12000 7640 -5578 0.000119172173580358 7.76416630484164e-06 -4.84761832811637e-06 -0.000118862700551748
12000 7840 -5578 0.000117493891087252 8.86984803806991e-06 -4.17334260023199e-06 -0.000116997676640749
12000 8040 -5578 0.000116044561092508 9.4319221470505e-06 -3.25597475974791e-06 -0.0001154996944
12000 8240 -5578 0.000115066470344840 9.88205138128251e-06 -2.48079145980228e-06 -0.000114625978678465
12000 8440 -5578 0.000114744314481383 1.00105021139607e-05 -1.31196985424322e-06 -0.000114366265773773
12000 8640 -5578 0.000114362215529810 9.84076935239136e-06 -1.00150721965292e-07 -0.000113861323654652
12000 8840 -5578 0.0001148157385 9.5916890790686e-06 9.08501836734104e-07 -0.000114424407929182
12000 9040 -5578 0.000115605844559465 9.33127149008214e-06 2.03586707641534e-06 -0.000115193246245384
12000 9240 -5578 0.000116834093170650 8.60569728165865e-06 2.65907584775778e-06 -0.000116486379534006
12000 9440 -5578 0.0001182172009 7.7510503907688e-06 3.0771517416506e-06 -0.000117859512448311
12000 9640 -5578 0.000119913167426101 6.3765779058449e-06 2.85903022665298e-06 -0.000119697979956865
12200 9640 -5578 0.000118339238970353 3.88420907039108e-06 1.11859830262074e-06 -0.000118305985867977
12200 9440 -5578 0.000117300446477069 4.73927765595727e-06 1.32860916429127e-06 -0.000117213049024344
12200 9240 -5578 0.000116170600753912 5.37955239074654e-06 1.364328900072e-06 -0.000116040465295315
12200 9040 -5578 0.000115223448970528 5.79474181914702e-06 8.21129525359538e-07 -0.000115074714452028
12200 8840 -5578 0.000114592385053923 6.32889273297042e-06 3.6906111187227e-07 -0.000114328296571970
12200 8640 -5578 0.000114406158544800 6.44206368317828e-06 -4.32979441469797e-07 -0.000114223821759224
12200 8440 -5578 0.000114422740630631 6.3833023882471e-06 -1.13606483441072e-06 -0.000114259184688330
12200 8240 -5578 0.000114802670969101 6.24665570724756e-06 -1.67391860718635e-06 -0.000114585522770882
12200 8040 -5578 0.000115631867983963 5.8743570195511e-06 -2.32446258800337e-06 -0.000115409256875515
12200 7840 -5578 0.000116638607498097 5.46262269112049e-06 -2.64926821086738e-06 -0.000116628936678171
12200 7640 -5578 0.0001181933708 4.72303808887955e-06 -3.01060227287962e-06 -0.000118058263927698
12200 7440 -5578 0.000119518122153956 3.60771476841182e-06 -3.09268039033486e-06 -0.000119423620969057
12200 7240 -5578 0.000120906041423131 2.74417934544545e-06 -2.79833553185745e-06 -0.000120944880545139
12400 7240 -5578 0.000119633264585730 1.30670328379347e-06 -1.20283808770728e-06 -0.0001196539067
12400 7440 -5578 0.000118447493321059 1.99437187020067e-06 -1.49114380596438e-06 -0.000118444915652275
12400 7640 -5578 0.000117264695840525 2.40849027407603e-06 -1.51977839165011e-06 -0.000117316612333059
12400 7840 -5578 0.000116042544221360 2.69981824141723e-06 -1.56810352536559e-06 -0.000116000534921885
12400 8040 -5578 0.000115162000910709 2.95080044551287e-06 -1.2564879837355e-06 -0.000115093899399042
12400 8240 -5578 0.000114582650664585 3.23394946416374e-06 -1.32638200865222e-06 -0.000114633010178804
12400 8440 -5578 0.000114037741190639 3.17765917775978e-06 -9.77055881256092e-07 -0.000114141923636198
12400 8640 -5578 0.0001140105655 3.3359076081324e-06 -7.63894229103017e-07 -0.000114021259695292
12400 8840 -5578 0.000114268406446799 3.0946745754668e-06 -3.76631255614939e-07 -0.000114225872069597
12400 9040 -5578 0.000114666717454837 3.03816703995108e-06 -7.56417318953027e-08 -0.000114722456067800
12400 9240 -5578 0.0001155687244 2.87835859519691e-06 1.25617453398263e-07 -0.000115508047580719
12400 9440 -5578 0.000116529394482690 2.57443851056996e-06 -4.96252309367264e-08 -0.000116627307176590
12400 9640 -5578 0.000117532773894649 2.17619837350321e-06 -2.27266703731402e-07 -0.000117466089010239
12600 9640 -5578 0.000117162731039661 8.77328211455279e-07 -1.06770882671549e-06 -0.000117154580950737
12600 9440 -5578 0.0001163694283 7.00149183726353e-07 -9.39477832531339e-07 -0.000116400015115738
12600 9240 -5578 0.000115496557393848 1.0092697629043e-06 -8.61949111069407e-07 -0.0001154206857
12600 9040 -5578 0.000114841267514428 8.26991258059934e-07 -7.97997294761444e-07 -0.000114654718816280
12600 8840 -5578 0.000114085423639311 1.05223253591794e-06 -7.3354791624206e-07 -0.000113906253039837
12600 8640 -5578 0.0001139593653 9.80435539119299e-07 -7.64738185360329e-07 -0.000113770168483257
12600 8440 -5578 0.000113828790953714 9.29160375915672e-07 -5.97306247322194e-07 -0.0001138234314
12600 8240 -5578 0.000114283471451731 6.77554402050191e-07 -6.31169207577841e-07 -0.000114202832728624
12600 8040 -5578 0.000114691171356854 7.97407671284418e-07 -7.40171996811114e-07 -0.000114744400590658
12600 7840 -5578 0.000115662120192561 7.71967912653963e-07 -7.10260418862163e-07 -0.000115687502026558
12600 7640 -5578 0.000116644617885409 6.13597584421768e-07 -3.43857182801003e-07 -0.0001165689814
12600 7440 -5578 0.000117920820234103 5.60087058553108e-07 -2.87758908972137e-07 -0.000117919138997793
12600 7240 -5578 0.000118916262457640 2.87188500745287e-07 -2.04517413400026e-07 -0.000118938726931810
12800 7240 -5578 0.000119239748756558 -4.86429042336113e-07 1.07820314093078e-06 -0.000119212390273809
12800 7440 -5578 0.000117928718938544 -8.92813563288655e-07 9.74596182988534e-07 -0.000117914379328489
12800 7640 -5578 0.000116666547966302 -1.15892734217596e-06 7.39818242340562e-07 -0.000116793000221252
12800 7840 -5578 0.0001153981526 -1.20118766068663e-06 5.19038018672291e-07 -0.000115390733480453
12800 8040 -5578 0.000114458911196800 -1.57409316419125e-06 -2.71805947286339e-08 -0.000114493230491877
12800 8240 -5578 0.000113708470621460 -1.47241053886319e-06 -2.08728986435744e-07 -0.000113647578299046
12800 8440 -5578 0.000113522809522971 -1.58367769731103e-06 -8.62766774032025e-07 -0.000113560175865889
12800 8640 -5578 0.000113566431152989 -1.54018983268543e-06 -8.75044381955377e-07 -0.000113554064452648
12800 8840 -5578 0.000113831732369107 -1.22965823744244e-06 -1.32338181877549e-06 -0.000113851881980896
12800 9040 -5578 0.000114546342790879 -1.37844880379089e-06 -1.49758335947627e-06 -0.000114638461768627
12800 9240 -5578 0.000115264640239490 -9.06252607902388e-07 -1.91978611326522e-06 -0.000115292942523956
12800 9440 -5578 0.000116407048399132 -5.28156683614725e-07 -1.78685706724764e-06 -0.000116440288960934
12800 9640 -5578 0.000117500041811286 -2.47470970888571e-07 -1.5840231865127e-06 -0.000117538564741611
13000 9640 -5578 0.000118557873220381 -1.74466529596793e-06 -2.78264575670255e-06 -0.000118512372046709
13000 9440 -5578 0.0001171940112 -2.62743305357071e-06 -2.90864853598305e-06 -0.000117054114341736
13000 9240 -5578 0.000115574513261239 -3.13149702985538e-06 -2.77069106799354e-06 -0.000115544852614403
13000 9040 -5578 0.000114379026654852 -3.72620377743442e-06 -2.45345682904735e-06 -0.000114316529810429
13000 8840 -5578 0.000113637631453370 -3.93020252339193e-06 -1.94793992312043e-06 -0.000113636143386364
13000 8640 -5578 0.000113155124426918 -4.09942616289482e-06 -1.34537937356072e-06 -0.000113075697124004
13000 8440 -5578 0.000112958730738260 -4.32223486748989e-06 -4.9643023695171e-07 -0.000112874916136265
13000 8240 -5578 0.000113304368364558 -4.30600279140345e-06 2.32401240295985e-07 -0.000113283253848553
13000 8040 -5578 0.000114198302622289 -4.05926287840703e-06 8.30147021801394e-07 -0.000114147790431976
13000 7840 -5578 0.000115025460149014 -3.54160960931767e-06 1.54259549553899e-06 -0.000115045629441738
13000 7640 -5578 0.000116654589433733 -3.19766340778369e-06 1.87662647574507e-06 -0.000116481982350349
13000 7440 -5578 0.000118493754837308 -2.46856475733512e-06 2.35335034605396e-06 -0.000118307621568441
13000 7240 -5578 0.000120031536724814 -1.75565966247086e-06 2.3928178675269e-06 -0.000119994841098785
13200 7240 -5578 0.000121706223817846 -3.32205427282315e-06 4.1672472571081e-06 -0.000121713487833738
13200 7440 -5578 0.000119048566624435 -4.88892731093802e-06 4.1939318953082e-06 -0.000118918727874756
13200 7640 -5578 0.000116884945494084 -5.69787725480273e-06 3.69983223907184e-06 -0.000116695813357830
13200 7840 -5578 0.000114687514664076 -6.74572808202356e-06 2.69782985336496e-06 -0.000114606848448515
13200 8040 -5578 0.000113322147054375 -7.28834815323353e-06 1.7001108878103e-06 -0.000113074747920036
13200 8240 -5578 0.000112406407161923 -7.17864095373079e-06 6.67207470435642e-07 -0.000112184061825275
13200 8440 -5578 0.000111994965050205 -7.59094998613e-06 -6.00836953280123e-07 -0.000111775279819965
13200 8640 -5578 0.000112145333185035 -7.57788803754374e-06 -1.64389991516237e-06 -0.0001119108425
13200 8840 -5578 0.000112750992351208 -7.29084761906415e-06 -2.77910587311271e-06 -0.000112317136317491
13200 9040 -5578 0.000113969944439727 -6.55858443025499e-06 -3.7773544289812e-06 -0.000113839402198791
13200 9240 -5578 0.000115894231576227 -6.24684580788016e-06 -4.27870048873592e-06 -0.000115646627932787
13200 9440 -5578 0.000117784184735028 -5.16474411764648e-06 -4.58472608248121e-06 -0.0001175233457
13200 9640 -5578 0.000120140271057670 -4.00639054074418e-06 -4.50126198772341e-06 -0.000120051688164473
13400 9640 -5578 0.000122097090912695 -7.50349279167131e-06 -7.20975093403831e-06 -0.0001216668992
13400 9440 -5578 0.000118781738171000 -9.09483863972128e-06 -7.27408874314279e-06 -0.000118047445327044
13400 9240 -5578 0.000115769537032897 -1.00652458956465e-05 -6.45751432608813e-06 -0.000115150236815214
13400 9040 -5578 0.000113374152737542 -1.09397891927511e-05 -5.40278392896289e-06 -0.000112748538970947
13400 8840 -5578 0.000111842399530834 -1.14768742285669e-05 -3.97601451259106e-06 -0.000110991056531668
13400 8640 -5578 0.000110684820892652 -1.19932350367308e-05 -2.33319560527161e-06 -0.000110034993886948
13400 8440 -5578 0.000110483207437755 -1.20685072448105e-05 -6.0334042832983e-07 -0.000109780117183924
13400 8240 -5578 0.000110778522612353 -1.17705744523555e-05 1.12140153827568e-06 -0.000110188434273005
13400 8040 -5578 0.000112108494421783 -1.12546537462622e-05 2.97343573897888e-06 -0.000111502493113279
13400 7840 -5578 0.000113959700079115 -1.1004868933931e-05 4.30580286227632e-06 -0.000113345340281725
13400 7640 -5578 0.000116568648269924 -9.87753268238157e-06 5.71303811389953e-06 -0.000115944066017866
13400 7440 -5578 0.000119757997144521 -8.65835815574974e-06 6.79606844251976e-06 -0.000119336578279734
13400 7240 -5578 0.000123582424061879 -6.58570249378681e-06 6.96790081309155e-06 -0.000123281253486872
13600 7240 -5578 0.000125351767967964 -1.18037904128432e-05 1.1152067810297e-05 -0.000124291815519333
13600 7440 -5578 0.000119928330786123 -1.40673166867346e-05 1.03555299881846e-05 -0.000118649391591549
13600 7640 -5578 0.000115439882657089 -1.53696301560849e-05 8.70940791256726e-06 -0.000114025468289852
13600 7840 -5578 0.000112049762391963 -1.65013627670705e-05 6.62342664552853e-06 -0.000110554311841726
13600 8040 -5578 0.000109600444542889 -1.72817684113979e-05 4.29175869266328e-06 -0.000108465276390314
13600 8240 -5578 0.0001083439379 -1.76822306960821e-05 1.85250887911025e-06 -0.000106911024898291
13600 8440 -5578 0.000107751689579133 -1.78593274578452e-05 -6.21271964399966e-07 -0.000106259517461061
13600 8640 -5578 0.000108039773135340 -1.76815900728106e-05 -3.09018882290911e-06 -0.000106545191287994
13600 8840 -5578 0.000109240189927661 -1.75879829153419e-05 -5.33965647593141e-06 -0.000107765650570393
13600 9040 -5578 0.000111485717236517 -1.66019591875374e-05 -7.67505233548581e-06 -0.000109954910337925
13600 9240 -5578 0.000114433415216231 -1.57677745744586e-05 -9.45436234772205e-06 -0.000113082378268242
13600 9440 -5578 0.000118477573977813 -1.48516750279814e-05 -1.0770141525194e-05 -0.000117049725919962
13600 9640 -5578 0.000123498325571945 -1.28484088834375e-05 -1.11870297584683e-05 -0.000122317640483379
13800 9640 -5578 0.000124044838176862 -2.13560739532113e-05 -1.75851242281497e-05 -0.000120934321522713
13800 9440 -5578 0.000117243225195568 -2.2591912470758e-05 -1.59446799121797e-05 -0.000113873359918594
13800 9240 -5578 0.000112021526310836 -2.37222374752164e-05 -1.36973685771227e-05 -0.0001086288098
13800 9040 -5578 0.000108158729625372 -2.41615203805268e-05 -1.071404013969e-05 -0.000104955558180809
13800 8840 -5578 0.000105480140594198 -2.45085244067013e-05 -7.56252176966518e-06 -0.0001023142246
13800 8640 -5578 0.000103669712278810 -2.46947312578559e-05 -4.15522932387102e-06 -0.000100461073935032
13800 8440 -5578 0.000103116765373525 -2.45949440971017e-05 -8.44687185313887e-07 -0.000100230865433812
13800 8240 -5578 0.000103851334996506 -2.45855129547417e-05 2.52893998346735e-06 -0.0001007577019
13800 8040 -5578 0.000105352873592551 -2.44479717724025e-05 5.92440379364416e-06 -0.000102346752360463
13800 7840 -5578 0.000108397497093442 -2.42208155319095e-05 9.29255555011332e-06 -0.000105207751691341
13800 7640 -5578 0.000112257413043186 -2.33198355250061e-05 1.2325168531388e-05 -0.000109131072163582
13800 7440 -5578 0.000117925308314010 -2.22184562794864e-05 1.49588830601424e-05 -0.000114843155473471
13800 7240 -5578 0.000125706913768047 -2.0104020036757e-05 1.74649327844381e-05 -0.000122940937280655
14000 7240 -5578 0.000123292752291879 -3.25809440687299e-05 2.57871551811695e-05 -0.000116121288388967
14000 7440 -5578 0.000113748936021303 -3.34527085125446e-05 2.14394918568432e-05 -0.000106511445432901
14000 7640 -5578 0.000107068482177072 -3.34336163923144e-05 1.66186364628375e-05 -0.000100320034310222
14000 7840 -5578 0.000102311710664096 -3.35261000543833e-05 1.23103634230793e-05 -9.58756575286389e-05
14000 8040 -5578 9.90565561956538e-05 -3.33054390996695e-05 7.9072746867314e-06 -9.29325406104326e-05
14000 8240 -5578 9.73464259821373e-05 -3.28643814325333e-05 3.52385580178816e-06 -9.14629121571779e-05
14000 8440 -5578 9.68894715549718e-05 -3.29301815852523e-05 -7.08860571746982e-07 -9.09686790108681e-05
14000 8640 -5578 9.72835796492842e-05 -3.30636859759688e-05 -4.98348315618932e-06 -9.10024421364069e-05
14000 8840 -5578 9.88224806744041e-05 -3.29473844766617e-05 -9.61693130899221e-06 -9.26707460582256e-05
14000 9040 -5578 0.000101838702999682 -3.32223836407065e-05 -1.40072465874255e-05 -9.53110475689173e-05
14000 9240 -5578 0.000106509419452975 -3.3224285826087e-05 -1.84250905998051e-05 -9.95455040186643e-05
14000 9440 -5578 0.000112748550349474 -3.35356955900788e-05 -2.24763250090182e-05 -0.000105245785892010
14000 9640 -5578 0.000121382524556943 -3.28465454131365e-05 -2.651536565274e-05 -0.000113954886138439
14200 9640 -5578 0.000115181895179615 -4.76945831775665e-05 -3.77656868323684e-05 -9.76138297617435e-05
14200 9440 -5578 0.000105101110919356 -4.55604811683297e-05 -3.03514147624373e-05 -8.98620056062937e-05
14200 9240 -5578 9.86260405544246e-05 -4.38813393190503e-05 -2.40612726844847e-05 -8.49109193235636e-05
14200 9040 -5578 9.39001143464243e-05 -4.25735715404153e-05 -1.79222290664911e-05 -8.17527747899294e-05
14200 8840 -5578 9.0544012594354e-05 -4.15482093691826e-05 -1.22202935144305e-05 -7.94837948381901e-05
14200 8640 -5578 8.84510238250431e-05 -4.10490794554353e-05 -6.63668599538505e-06 -7.81662855446339e-05
14200 8440 -5578 8.77734188441299e-05 -4.09174636602402e-05 -1.60547531519296e-06 -7.75583847165108e-05
14200 8240 -5578 8.8538853874896e-05 -4.12685003355145e-05 3.73987188501633e-06 -7.81341870129109e-05
14200 8040 -5578 9.03469616612601e-05 -4.20482893064618e-05 9.4065106511116e-06 -7.93141943067312e-05
14200 7840 -5578 9.33674464385005e-05 -4.30226442739368e-05 1.51125317197293e-05 -8.14748029708862e-05
14200 7640 -5578 9.84659800603114e-05 -4.45705796554684e-05 2.10325910449028e-05 -8.52973362207413e-05
14200 7440 -5578 0.000105353478228715 -4.63247635364532e-05 2.77181531116366e-05 -9.04111328572035e-05
14200 7240 -5578 0.0001158991885 -4.88258326649666e-05 3.56678793877363e-05 -9.88357360512018e-05
14400 7240 -5578 0.000105055426137621 -6.48300919681787e-05 4.43958225175738e-05 -6.98649367690086e-05
14400 7440 -5578 9.48867983398122e-05 -5.84489775896072e-05 3.37576828747988e-05 -6.6690631762147e-05
14400 7640 -5578 8.76021693691177e-05 -5.38199076205492e-05 2.51205698885024e-05 -6.43584319651127e-05
14400 7840 -5578 8.28492917228184e-05 -5.07996039614081e-05 1.77070389166474e-05 -6.29598499536514e-05
14400 8040 -5578 7.97460308549541e-05 -4.8902064986527e-05 1.09303599540144e-05 -6.2151481255889e-05
14400 8240 -5578 7.81096857743631e-05 -4.78091203272343e-05 4.81839955828036e-06 -6.15027770996094e-05
14400 8440 -5578 7.74584455719102e-05 -4.73973950371146e-05 -1.05914053380184e-06 -6.12550075948238e-05
14400 8640 -5578 7.79554530905779e-05 -4.74686263203621e-05 -7.31223215162754e-06 -6.14582729041576e-05
14400 8840 -5578 7.98449356022008e-05 -4.82739312797785e-05 -1.34799139071256e-05 -6.2033034875989e-05
14400 9040 -5578 8.31535903976382e-05 -4.99931433275342e-05 -2.04831411018968e-05 -6.32069554328918e-05
14400 9240 -5578 8.7705849906516e-05 -5.22886817827821e-05 -2.79594652056694e-05 -6.46925290375948e-05
14400 9440 -5578 9.44475995313836e-05 -5.58322880864144e-05 -3.69332406073809e-05 -6.66261240243912e-05
14400 9640 -5578 0.000105241931198656 -6.19350565820932e-05 -4.80325729250908e-05 -6.99646572172642e-05
14600 9640 -5578 9.30970096003503e-05 -6.6646849155426e-05 -5.21969155669212e-05 -3.86173110753298e-05
14600 9440 -5578 8.32638558905349e-05 -6.03363429754972e-05 -3.97641540244222e-05 -4.13251682147384e-05
14600 9240 -5578 7.68164820100434e-05 -5.61057040989399e-05 -3.02378886938095e-05 -4.28143789619207e-05
14600 9040 -5578 7.23390560069855e-05 -5.31798227503896e-05 -2.226684429124e-05 -4.36747422292829e-05
14600 8840 -5578 6.91416544614012e-05 -5.14020213708281e-05 -1.49056572150439e-05 -4.3774672627449e-05
14600 8640 -5578 6.70573070338748e-05 -5.00171364843845e-05 -8.0459554772824e-06 -4.40065647959709e-05
14600 8440 -5578 6.64162573429228e-05 -4.98029809817672e-05 -1.75240739888977e-06 -4.40707313641906e-05
14600 8240 -5578 6.68414687842106e-05 -5.01685407757759e-05 4.82532208057819e-06 -4.38312379047275e-05
14600 8040 -5578 6.87069096679951e-05 -5.19491558596492e-05 1.14320926368237e-05 -4.34102068468928e-05
14600 7840 -5578 7.12572170938039e-05 -5.40397954285145e-05 1.82577511519194e-05 -4.26735984534025e-05
14600 7640 -5578 7.57780132544599e-05 -5.74268686920404e-05 2.60134337209165e-05 -4.20447774529457e-05
14600 7440 -5578 8.21776296393781e-05 -6.22652151435614e-05 3.52054536789656e-05 -4.04339808151126e-05
14600 7240 -5578 9.23106950425434e-05 -7.0233229264617e-05 4.70628464743495e-05 -3.68377357423306e-05
14800 7240 -5578 7.7519286319569e-05 -6.30634122490883e-05 4.37625464871526e-05 -1.09170939996839e-05
14800 7440 -5578 6.95376640439489e-05 -5.82702964246273e-05 3.37518342956901e-05 -1.73174153566361e-05
14800 7640 -5578 6.38930421189833e-05 -5.4588848464191e-05 2.52294891700148e-05 -2.1583589386195e-05
14800 7840 -5578 5.97567586521102e-05 -5.17084925323725e-05 1.81602290421724e-05 -2.39325879588723e-05
14800 8040 -5578 5.72135114976891e-05 -4.99387225136161e-05 1.12189356312156e-05 -2.5649335205555e-05
14800 8240 -5578 5.58330193579819e-05 -4.88811024948955e-05 4.85164477094077e-06 -2.65874892883003e-05
14800 8440 -5578 5.57223637056991e-05 -4.86195271909237e-05 -1.30735167969033e-06 -2.70381792150438e-05
14800 8640 -5578 5.60145304525377e-05 -4.86020552814007e-05 -7.39471951592714e-06 -2.67310710437596e-05
14800 8840 -5578 5.77041278015667e-05 -4.9529069416225e-05 -1.40018410719931e-05 -2.6088045053184e-05
14800 9040 -5578 6.05621426235519e-05 -5.09512221813202e-05 -2.11937921009958e-05 -2.48383056633174e-05
14800 9240 -5578 6.49172092848615e-05 -5.35446839928627e-05 -2.88970381356776e-05 -2.25258587524295e-05
14800 9440 -5578 7.05378425314318e-05 -5.67485419213772e-05 -3.73364076018333e-05 -1.89151774197817e-05
14800 9640 -5578 7.89129911759193e-05 -6.12046766281128e-05 -4.80746413171291e-05 -1.31973317731172e-05
15000 9640 -5578 6.47302871334573e-05 -5.045938141644e-05 -4.03202918022871e-05 4.25851716310717e-06
15000 9440 -5578 5.87879189119527e-05 -4.85710431784391e-05 -3.3028162330389e-05 -1.99554430337594e-06
15000 9240 -5578 5.40772821137974e-05 -4.689669893682e-05 -2.60596094578505e-05 -6.52978041302413e-06
15000 9040 -5578 5.05149901792316e-05 -4.55088545233011e-05 -1.97770581878722e-05 -9.52396735362709e-06
15000 8840 -5578 4.80802208351083e-05 -4.46541739702225e-05 -1.35116070900112e-05 -1.14622486270964e-05
15000 8640 -5578 4.62866039910673e-05 -4.39575086906552e-05 -7.33445179928094e-06 -1.25307158287615e-05
15000 8440 -5578 4.56260219331087e-05 -4.37228031530976e-05 -1.86886041046455e-06 -1.2905724413693e-05
15000 8240 -5578 4.59722124191986e-05 -4.40674628391862e-05 3.9576136832984e-06 -1.23932455964386e-05
15000 8040 -5578 4.69582833097785e-05 -4.45694719254971e-05 9.80436642095447e-06 -1.11104204375297e-05
15000 7840 -5578 4.91465954094474e-05 -4.56477556675673e-05 1.58478799406439e-05 -8.93795569334179e-06
15000 7640 -5578 5.2625597008231e-05 -4.74134432822466e-05 2.21427420713007e-05 -5.76938770862762e-06
15000 7440 -5578 5.71151543967933e-05 -4.90635279417038e-05 2.92089675664902e-05 -1.091782985588e-06
15000 7240 -5578 6.32926225586027e-05 -5.12091853618622e-05 3.67153917476535e-05 5.92024463228882e-06
15200 7240 -5578 5.17675539716005e-05 -3.9111998282373e-05 2.97393736839294e-05 1.63003339674324e-05
15200 7440 -5578 4.70503562864033e-05 -3.89595360532403e-05 2.43950372748077e-05 1.04626816818491e-05
15200 7640 -5578 4.34105177723748e-05 -3.87079946398735e-05 1.88086119927466e-05 6.03387441555969e-06
15200 7840 -5578 4.06357963545586e-05 -3.80377750843763e-05 1.3999350676313e-05 2.83968082095817e-06
15200 8040 -5578 3.8460578539574e-05 -3.74620852544904e-05 8.68271504621953e-06 7.06373068198445e-07
15200 8240 -5578 3.75589872293887e-05 -3.7368880584836e-05 3.67897935811197e-06 -8.42256740094854e-07
15200 8440 -5578 3.73253553576312e-05 -3.72839972302318e-05 -1.27599647873012e-06 -1.2273839672323e-06
15200 8640 -5578 3.78083242930523e-05 -3.72593635097146e-05 -6.32780973892659e-06 -6.9159101951027e-07
15200 8840 -5578 3.93025621233431e-05 -3.76415540352464e-05 -1.13050585258752e-05 -3.11198227673231e-08
15200 9040 -5578 4.18366283302191e-05 -3.83404802531004e-05 -1.65796959735453e-05 2.21541427349075e-06
15200 9240 -5578 4.47501481817478e-05 -3.88693476244807e-05 -2.16303656734526e-05 4.88639523251914e-06
15200 9440 -5578 4.84519708570783e-05 -3.93188858553767e-05 -2.68168155439198e-05 9.04861818067729e-06
15200 9640 -5578 5.31926426161337e-05 -3.96083434149623e-05 -3.21863571405411e-05 1.47774721458554e-05
15400 9640 -5578 4.51301130425119e-05 -3.05626202374697e-05 -2.5170061852783e-05 2.15047589354217e-05
15400 9440 -5578 4.15744611260718e-05 -3.09001008942723e-05 -2.18233400508761e-05 1.72138022892177e-05
15400 9240 -5578 3.84025847635676e-05 -3.09560599774122e-05 -1.81088703162968e-05 1.37313394490629e-05
15400 9040 -5578 3.59235031248961e-05 -3.10222520232201e-05 -1.42208108175546e-05 1.11973763238639e-05
15400 8840 -5578 3.35642796560735e-05 -3.0733371719718e-05 -9.9153391784057e-06 9.13175360765308e-06
15400 8640 -5578 3.20474972264062e-05 -3.05066662281752e-05 -5.48213788564317e-06 8.11476818006486e-06
15400 8440 -5578 3.16446665036374e-05 -3.06538383588195e-05 -1.41378420349611e-06 7.77608911879361e-06
15400 8240 -5578 3.17547125439793e-05 -3.05694365352392e-05 2.68330978740414e-06 8.18047669157386e-06
15400 8040 -5578 3.27391669760988e-05 -3.04794151708484e-05 7.15713991597295e-06 9.57254685834051e-06
15400 7840 -5578 3.44873776354859e-05 -3.05770182535052e-05 1.12595427967608e-05 1.13040501531214e-05
15400 7640 -5578 3.71069964614379e-05 -3.05610467195511e-05 1.54663182254881e-05 1.42648022081703e-05
15400 7440 -5578 4.00668641403977e-05 -3.03482402861118e-05 1.9326859049499e-05 1.78582673743367e-05
15400 7240 -5578 4.36236633488073e-05 -2.93900247961283e-05 2.32659544534981e-05 2.23778898902237e-05
15600 7240 -5578 3.9993136777778e-05 -2.25975800268352e-05 1.85581197999418e-05 2.73112011626363e-05
15600 7440 -5578 3.65531440422729e-05 -2.28000332340598e-05 1.55109662078321e-05 2.39937648400664e-05
15600 7640 -5578 3.3633418995954e-05 -2.34126652926207e-05 1.24000772498548e-05 2.07216397672892e-05
15600 7840 -5578 3.13867974357633e-05 -2.36032360494137e-05 9.10180923435837e-06 1.84824534282088e-05
15600 8040 -5578 2.95309553399907e-05 -2.36536253914237e-05 5.77556449477561e-06 1.67442296035588e-05
15600 8240 -5578 2.84015922734427e-05 -2.3604123275727e-05 2.4901683964199e-06 1.56716457586736e-05
15600 8440 -5578 2.81682061554391e-05 -2.37640334405005e-05 -1.06564003296353e-06 1.50858531072736e-05
15600 8640 -5578 2.86680115369774e-05 -2.38396790251136e-05 -4.48778336639225e-06 1.52520617954433e-05
15600 8840 -5578 3.01487656848682e-05 -2.41006539165974e-05 -7.65511978138238e-06 1.632057935372e-05
15600 9040 -5578 3.21400550661086e-05 -2.40955176837742e-05 -1.14301906470209e-05 1.79011226333678e-05
15600 9240 -5578 3.47405060856391e-05 -2.39495402425528e-05 -1.46437319424003e-05 2.02764462605119e-05
15600 9440 -5578 3.77463382622582e-05 -2.38671814240515e-05 -1.7679340813309e-05 2.31491888351738e-05
15600 9640 -5578 4.0947132287911e-05 -2.35377137884498e-05 -2.00865205340087e-05 2.68174451626837e-05
15800 9640 -5578 4.01507116762179e-05 -1.77618824206293e-05 -1.6348973672837e-05 3.21996482461691e-05
15800 9440 -5578 3.66438437865669e-05 -1.78492970857769e-05 -1.41289250701666e-05 2.86163873299956e-05
15800 9240 -5578 3.3623598165158e-05 -1.79622569978237e-05 -1.18411032576114e-05 2.60053115524352e-05
15800 9040 -5578 3.10910413702353e-05 -1.7812840372324e-05 -9.42078183684498e-06 2.35770608745515e-05
15800 8840 -5578 2.88895237493282e-05 -1.76726921126246e-05 -6.69057105761022e-06 2.18257343880832e-05
15800 8640 -5578 2.74588131899058e-05 -1.72812995240092e-05 -3.81100627634441e-06 2.09956981241703e-05
15800 8440 -5578 2.70825493819096e-05 -1.75880696810782e-05 -1.19250287059685e-06 2.06048199571669e-05
15800 8240 -5578 2.75891977647088e-05 -1.75107289291918e-05 1.45462533109821e-06 2.10599920079112e-05
15800 8040 -5578 2.82687899358396e-05 -1.72837556749582e-05 4.35795949166641e-06 2.18712592981756e-05
15800 7840 -5578 3.03119699475147e-05 -1.74229544065893e-05 7.18699457868934e-06 2.37322103530169e-05
15800 7640 -5578 3.26854517516488e-05 -1.73373664803803e-05 9.64202335197479e-06 2.59766407646239e-05
15800 7440 -5578 3.57810819546951e-05 -1.73349286429584e-05 1.22818119022995e-05 2.89944556355476e-05
15800 7240 -5578 3.96662808180003e-05 -1.74078761823475e-05 1.48943552151322e-05 3.23575891107321e-05
16000 7240 -5578 4.03402082813038e-05 -1.13451540376991e-05 1.1067821348086e-05 3.71337786614895e-05
16000 7440 -5578 3.61672899217996e-05 -1.10205670706928e-05 9.15853585023433e-06 3.31689085662365e-05
16000 7640 -5578 3.30006407717908e-05 -1.09711398892105e-05 7.29297218099236e-06 3.02570477351546e-05
16000 7840 -5578 3.04366364595459e-05 -1.07892563473433e-05 5.27390226931311e-06 2.80587617903948e-05
16000 8040 -5578 2.86873254164635e-05 -1.10306751411408e-05 3.47042535743094e-06 2.61747636832297e-05
16000 8240 -5578 2.77805873755341e-05 -1.10580972265452e-05 1.3555335367173e-06 2.54281668663025e-05
16000 8440 -5578 2.73428854889831e-05 -1.12289435863495e-05 -8.3140231813286e-07 2.50295411981642e-05
16000 8640 -5578 2.78358721440049e-05 -1.12619430571794e-05 -2.87860485120109e-06 2.52926481552422e-05
16000 8840 -5578 2.89235312431651e-05 -1.15322003345937e-05 -4.72332387597999e-06 2.61290166266263e-05
16000 9040 -5578 3.08892539236918e-05 -1.14148857947439e-05 -7.10538419336081e-06 2.77893549241126e-05
16000 9240 -5578 3.33429073826306e-05 -1.16215740051121e-05 -8.91517025511712e-06 3.00030200555921e-05
16000 9440 -5578 3.62134523719461e-05 -1.16376992538571e-05 -1.06113230967894e-05 3.26555164307356e-05
16000 9640 -5578 4.03715691322632e-05 -1.19586919993162e-05 -1.2547638181597e-05 3.64610759019852e-05
16200 9640 -5578 3.9785874940418e-05 -4.82659409323242e-06 -7.83213662263006e-06 3.85605681166053e-05
16200 9440 -5578 3.60791070686005e-05 -4.89261237718165e-06 -7.14107015822083e-06 3.51809571906924e-05
16200 9240 -5578 3.32980044993127e-05 -5.00635893817525e-06 -6.22429522499442e-06 3.24477340877056e-05
16200 9040 -5578 3.13021149674038e-05 -5.17677015357185e-06 -5.11468170932494e-06 3.04444327130914e-05
16200 8840 -5578 2.95109873860673e-05 -4.98345780966338e-06 -3.77979834644066e-06 2.87826177664101e-05
16200 8640 -5578 2.86111011256618e-05 -5.20784680428915e-06 -2.22731169311555e-06 2.80605316534638e-05
16200 8440 -5578 2.81524155776838e-05 -4.8684430179419e-06 -7.82941598400612e-07 2.76417964398861e-05
16200 8240 -5578 2.841021448753e-05 -4.89470830338541e-06 8.07437630441655e-07 2.79947604946792e-05
16200 8040 -5578 2.92250369592786e-05 -4.74108868418261e-06 2.06416917797287e-06 2.87639369517565e-05
16200 7840 -5578 3.07764740459258e-05 -4.50494194193743e-06 3.60485069704009e-06 3.01601341739297e-05
16200 7640 -5578 3.29334024340457e-05 -4.32925033784704e-06 4.78248428343795e-06 3.23638909906149e-05
16200 7440 -5578 3.59255796577495e-05 -4.0717214072356e-06 6.04204510501586e-06 3.51355784311891e-05
16200 7240 -5578 3.9846798901224e-05 -3.84507122385548e-06 6.97083884896711e-06 3.89698557332158e-05
16400 7240 -5578 3.8466884238636e-05 3.60629128152505e-06 2.98015357846089e-06 3.8127165555954e-05
16400 7440 -5578 3.57901646080947e-05 2.91327502006607e-06 3.13648100644787e-06 3.5533240750432e-05
16400 7640 -5578 3.33606557112798e-05 2.20707891778147e-06 2.63892847707575e-06 3.29909488409758e-05
16400 7840 -5578 3.12843536141754e-05 1.69028608830013e-06 2.10324372108244e-06 3.12843004092574e-05
16400 8040 -5578 3.01196876612844e-05 1.36271880181175e-06 1.26457758899301e-06 3.00719972699881e-05
16400 8240 -5578 2.93092103589246e-05 1.20024264027779e-06 4.68888852477903e-07 2.92522796466947e-05
16400 8440 -5578 2.90300799967559e-05 1.01330387085181e-06 -6.23161049087685e-07 2.90056965127587e-05
16400 8640 -5578 2.91184421567951e-05 1.08131472329478e-06 -1.43660286191152e-06 2.91087911240757e-05
16400 8840 -5578 3.01582335240056e-05 8.72025015592044e-07 -2.40598145433614e-06 2.99706859737635e-05
16400 9040 -5578 3.13668193968906e-05 1.0599225825863e-06 -2.94808896862378e-06 3.12181196510792e-05
16400 9240 -5578 3.31415290658151e-05 1.30530982010896e-06 -3.61650622810339e-06 3.29105116948485e-05
16400 9440 -5578 3.56098162641069e-05 1.72854143870245e-06 -3.80377304666035e-06 3.53638582378626e-05
16400 9640 -5578 3.86515185909607e-05 2.37930772233085e-06 -3.68996450677514e-06 3.83692473545671e-05
16600 9640 -5578 3.72896296986422e-05 8.44030816666782e-06 -2.37232923338524e-07 3.63599964231253e-05
16600 9440 -5578 3.51343438544581e-05 7.65499206259847e-06 -1.1178128726533e-06 3.42983688563109e-05
16600 9240 -5578 3.31338130791536e-05 7.03995336499065e-06 -1.23677952963681e-06 3.23812787458301e-05
16600 9040 -5578 3.18872010535961e-05 6.76783738285303e-06 -1.39851777412764e-06 3.10557736977935e-05
16600 8840 -5578 3.07345868517308e-05 6.53564032632858e-06 -1.0767022072705e-06 3.0012346573174e-05
16600 8640 -5578 3.00991549452686e-05 6.55707106133923e-06 -6.69465229429989e-07 2.93661981150508e-05
16600 8440 -5578 2.96205951842437e-05 6.46322907460854e-06 -3.56653444599033e-07 2.88633826263249e-05
16600 8240 -5578 3.00440615476451e-05 6.80875808186829e-06 9.39034389084554e-08 2.94101524427533e-05
16600 8040 -5578 3.06671293778075e-05 6.93848632276058e-06 3.39919120671766e-07 2.98847684264183e-05
16600 7840 -5578 3.14752929400575e-05 7.46723812073469e-06 7.63811877821354e-07 3.05671557709575e-05
16600 7640 -5578 3.31304560563546e-05 8.09788343403489e-06 5.67096943503202e-07 3.20938352122903e-05
16600 7440 -5578 3.50388358273575e-05 8.73874449636787e-06 7.28761564175329e-07 3.39055157154799e-05
16600 7240 -5578 3.72802090870171e-05 9.86466351896524e-06 1.36700247660883e-07 3.58546720743179e-05
16800 7240 -5578 3.64491999335238e-05 1.48574439920485e-05 -2.19391302347867e-06 3.31726622730494e-05
16800 7440 -5578 3.46681536945686e-05 1.3790079748258e-05 -1.31619586413944e-06 3.15968710780144e-05
16800 7640 -5578 3.3196602617421e-05 1.30314428545535e-05 -5.88118426931032e-07 3.05882856845856e-05
16800 7840 -5578 3.20414297003762e-05 1.25164075419307e-05 -4.63029276053021e-07 2.94484414532781e-05
16800 8040 -5578 3.09946538676778e-05 1.18318063039333e-05 -2.35589554760736e-07 2.86537867039442e-05
16800 8240 -5578 3.06054991012696e-05 1.16484717400745e-05 -3.66337578062485e-07 2.83277650661766e-05
16800 8440 -5578 3.04720655480611e-05 1.16308664828539e-05 -2.80827824677317e-07 2.82855808623135e-05
16800 8640 -5578 3.05076314093388e-05 1.14769100826234e-05 -1.5631564647606e-07 2.82468358501792e-05
16800 8840 -5578 3.12508850531505e-05 1.16663556899875e-05 -1.98561419416365e-07 2.89986293762922e-05
16800 9040 -5578 3.1973342996951e-05 1.17957909554243e-05 2.55232914205408e-08 2.97620404809713e-05
16800 9240 -5578 3.30205454688419e-05 1.19349858276546e-05 3.34353707085029e-07 3.07368556410074e-05
16800 9440 -5578 3.45994035474159e-05 1.25096252821386e-05 9.68999618661656e-07 3.22442094162106e-05
16800 9640 -5578 3.64749397012611e-05 1.32087867502123e-05 2.15477938390541e-06 3.38941047117114e-05
17000 9640 -5578 3.56392758860947e-05 1.71692104116082e-05 3.99440266052261e-06 3.09715722128749e-05
17000 9440 -5578 3.42338254947808e-05 1.66535745467991e-05 2.6492159780064e-06 2.98012087494135e-05
17000 9240 -5578 3.30620311197611e-05 1.61167414877564e-05 1.91374614457345e-06 2.88969016261399e-05
17000 9040 -5578 3.23012604912735e-05 1.58940624985844e-05 1.07786181543634e-06 2.82202695012093e-05
17000 8840 -5578 3.1522805915339e-05 1.55428667254746e-05 4.95642505156866e-07 2.74200825169682e-05
17000 8640 -5578 3.12542163383895e-05 1.58598957117647e-05 2.26368764140716e-07 2.69302525818348e-05
17000 8440 -5578 3.10155685875661e-05 1.56188257783651e-05 4.76229936302843e-08 2.67536794766784e-05
17000 8240 -5578 3.09439451686282e-05 1.57427196763456e-05 -3.2004740991033e-07 2.6782065346837e-05
17000 8040 -5578 3.16902832349354e-05 1.62350301668048e-05 -8.33441620276972e-07 2.70811439342797e-05
17000 7840 -5578 3.21961412110543e-05 1.66461424604058e-05 -1.04500674596511e-06 2.75944340750575e-05
17000 7640 -5578 3.31313627714472e-05 1.73178297318518e-05 -1.63293545564738e-06 2.81977569013834e-05
17000 7440 -5578 3.43401199965366e-05 1.79681367464364e-05 -2.6434966174902e-06 2.90716810412705e-05
17000 7240 -5578 3.56266652867038e-05 1.89991608560085e-05 -3.62062488784795e-06 2.99174150042236e-05
17200 7240 -5578 3.52206692208058e-05 2.2214268181473e-05 -4.64937333308626e-06 2.69858865328133e-05
17200 7440 -5578 3.41856613961593e-05 2.15329110436142e-05 -3.31631154628849e-06 2.62460364103317e-05
17200 7640 -5578 3.31427917516229e-05 2.07334721162915e-05 -2.46909645259984e-06 2.5738518640399e-05
17200 7840 -5578 3.23979141959356e-05 2.02072283923626e-05 -1.61403456834887e-06 2.53814517483115e-05
17200 8040 -5578 3.19989933761948e-05 1.98282389715314e-05 -1.11583866339106e-06 2.5162084415555e-05
17200 8240 -5578 3.16364454497909e-05 1.94620632752776e-05 -5.75051615179973e-07 2.49177991300821e-05
17200 8440 -5578 3.16397754566992e-05 1.93782867714763e-05 1.80425881629162e-07 2.4942157484591e-05
17200 8640 -5578 3.1738068904337e-05 1.93169613182545e-05 5.15599233016474e-07 2.51772552244365e-05
17200 8840 -5578 3.1833452292899e-05 1.91159910559654e-05 1.14572282966583e-06 2.53401817604899e-05
17200 9040 -5578 3.23962053401071e-05 1.96330723650753e-05 1.93068201547067e-06 2.58211064487696e-05
17200 9240 -5578 3.31119433599835e-05 1.96572237424552e-05 2.8610469292471e-06 2.65541426464915e-05
17200 9440 -5578 3.3987822401245e-05 2.01092660017312e-05 3.74119032814633e-06 2.71439309492707e-05
17200 9640 -5578 3.50668789482253e-05 2.05575346685946e-05 5.1843736723531e-06 2.79084027037025e-05
17400 9640 -5578 3.48415184872077e-05 2.3443173751235e-05 5.77029852604028e-06 2.51185231022537e-05
17400 9440 -5578 3.40086096832594e-05 2.31557759717107e-05 4.55841821432114e-06 2.44870658740401e-05
17400 9240 -5578 3.33884659655466e-05 2.27567883059382e-05 3.69452238549275e-06 2.40192214027047e-05
17400 9040 -5578 3.27723628894457e-05 2.25282415263355e-05 2.65958349761786e-06 2.36425544545054e-05
17400 8840 -5578 3.24386941474643e-05 2.23060877136886e-05 1.86310575774405e-06 2.34849331639707e-05
17400 8640 -5578 3.20960600412351e-05 2.23140726089478e-05 1.08721027366391e-06 2.30675156638026e-05
17400 8440 -5578 3.18759843038348e-05 2.23486505560577e-05 3.31800374793602e-07 2.27267706058919e-05
17400 8240 -5578 3.21636147792722e-05 2.25777254663408e-05 -3.55959901800816e-07 2.28120534569025e-05
17400 8040 -5578 3.23253395512976e-05 2.28522960655391e-05 -1.08087189242292e-06 2.2891068790108e-05
17400 7840 -5578 3.29856085299855e-05 2.33608455806971e-05 -2.00658379226661e-06 2.32937982529402e-05
17400 7640 -5578 3.33110670496225e-05 2.35656149052084e-05 -2.90688488664455e-06 2.3444983843714e-05
17400 7440 -5578 3.40043357607706e-05 2.42770103663206e-05 -3.83566316403449e-06 2.36386857144535e-05
17400 7240 -5578 3.47845191618943e-05 2.48638821616769e-05 -5.12247519937228e-06 2.37804622538388e-05
17600 7240 -5578 3.49666213404991e-05 2.7363489497453e-05 -5.34692177129909e-06 2.10027745701373e-05
17600 7440 -5578 3.42602771693086e-05 2.68236712031066e-05 -4.24825843062718e-06 2.09381023421884e-05
17600 7640 -5578 3.37231716915294e-05 2.6294957857579e-05 -3.16658093790375e-06 2.08824848458171e-05
17600 7840 -5578 3.30732550266239e-05 2.57736924700439e-05 -2.21610892871104e-06 2.05808550007641e-05
17600 8040 -5578 3.28366541292714e-05 2.55764005035162e-05 -1.26522624905738e-06 2.05546295084059e-05
17600 8240 -5578 3.259204927592e-05 2.53856190256774e-05 -5.08083755841653e-07 2.05507085323334e-05
17600 8440 -5578 3.23957482002621e-05 2.50178317539394e-05 3.92713111264356e-07 2.05057435519993e-05
17600 8640 -5578 3.26870513865626e-05 2.51145917363465e-05 1.3778892448945e-06 2.08870901912451e-05
17600 8840 -5578 3.26883743473421e-05 2.49347127340734e-05 2.05699437170915e-06 2.09921390116215e-05
17600 9040 -5578 3.31311677407652e-05 2.51536144241691e-05 3.06479638237579e-06 2.11703528761864e-05
17600 9240 -5578 3.3375927891757e-05 2.51998206824064e-05 3.99742284024251e-06 2.1533640794456e-05
17600 9440 -5578 3.39477071716296e-05 2.55495942346752e-05 5.15759268180409e-06 2.18864082470536e-05
17600 9640 -5578 3.44696704767905e-05 2.56290122643113e-05 6.29453163128346e-06 2.22705382816494e-05
17800 9640 -5578 3.47342259688101e-05 2.79865684062243e-05 6.73901219526306e-06 1.9437184907496e-05
17800 9440 -5578 3.41104953411032e-05 2.76208916306496e-05 5.3337539494969e-06 1.94733664542437e-05
17800 9240 -5578 3.38879492619612e-05 2.75554322674871e-05 4.20243669353658e-06 1.92120378352702e-05
17800 9040 -5578 3.34917830605786e-05 2.74673039652407e-05 3.23630786372814e-06 1.88788916058838e-05
17800 8840 -5578 3.32465882634707e-05 2.73522094488144e-05 2.37316738454138e-06 1.87700229398906e-05
17800 8640 -5578 3.32638412717585e-05 2.75009040124714e-05 1.54830854833745e-06 1.86490255855024e-05
17800 8440 -5578 3.3169575871528e-05 2.74573368802667e-05 5.35237144825714e-07 1.84168533943594e-05
17800 8240 -5578 3.31805249950604e-05 2.76787899583578e-05 -2.96918540693696e-07 1.842957329005e-05
17800 8040 -5578 3.3392028735113e-05 2.79705653935671e-05 -1.24088440599462e-06 1.82632550597191e-05
17800 7840 -5578 3.36708711361363e-05 2.8165086325258e-05 -2.10467773633718e-06 1.82581640444696e-05
17800 7640 -5578 3.4043668653101e-05 2.86226452291012e-05 -3.0929068622354e-06 1.8296938598156e-05
17800 7440 -5578 3.44432011367536e-05 2.89354953877628e-05 -4.41216536541469e-06 1.81549995318055e-05
17800 7240 -5578 3.50842791785857e-05 2.95492534711957e-05 -5.38517892407253e-06 1.82139968648553e-05
18000 7240 -5578 3.55283590662406e-05 3.14125134646893e-05 -5.37633507070131e-06 1.57679967526346e-05
18000 7440 -5578 3.50219648460218e-05 3.10277648940682e-05 -4.28264955648047e-06 1.55519758947194e-05
18000 7640 -5578 3.4631028823967e-05 3.06572524085641e-05 -3.17688463363447e-06 1.58626548815519e-05
18000 7840 -5578 3.42598912388759e-05 3.02709779664874e-05 -2.22154547735408e-06 1.58893919438124e-05
18000 8040 -5578 3.40943549909545e-05 3.01406508237124e-05 -1.34421403687702e-06 1.60013537462801e-05
18000 8240 -5578 3.3984554196074e-05 2.99346676319838e-05 -2.37746942133526e-07 1.60271975472569e-05
18000 8440 -5578 3.39398827179985e-05 2.98723962828517e-05 6.13398956411174e-07 1.61042225342244e-05
18000 8640 -5578 3.37811257427859e-05 2.95964906141162e-05 1.58619198791052e-06 1.62729877047241e-05
18000 8840 -5578 3.41337411791934e-05 2.97005199082196e-05 2.47054178730104e-06 1.66044849585742e-05
18000 9040 -5578 3.4040467444548e-05 2.95412285514176e-05 3.47927473425398e-06 1.65853425692767e-05
18000 9240 -5578 3.4300237578793e-05 2.95723342373967e-05 4.61132580251433e-06 1.66576155349612e-05
18000 9440 -5578 3.46054749866877e-05 2.96743628680706e-05 5.64624294126406e-06 1.68330545052886e-05
18000 9640 -5578 3.48558430975402e-05 2.97041032314301e-05 6.8968931408599e-06 1.69220557771623e-05
18200 9640 -5578 3.50973825884542e-05 3.12676741629839e-05 7.04331200988963e-06 1.42992981877178e-05
18200 9440 -5578 3.49467719662759e-05 3.12943992093205e-05 5.86179318930954e-06 1.4612872807309e-05
18200 9240 -5578 3.47190414132599e-05 3.124627558887e-05 4.80207032826729e-06 1.4393678015098e-05
18200 9040 -5578 3.46198292544041e-05 3.12697348147631e-05 3.81241242581746e-06 1.43926009126008e-05
18200 8840 -5578 3.44852351426895e-05 3.12775184437633e-05 2.7045666128688e-06 1.41650696042925e-05
18200 8640 -5578 3.44393381324555e-05 3.13419368639588e-05 1.74929365200842e-06 1.41665442623198e-05
18200 8440 -5578 3.444758519197e-05 3.14254876002669e-05 8.11046954935591e-07 1.41799185909331e-05
18200 8240 -5578 3.4560547924983e-05 3.16681362763047e-05 -7.75411295762751e-08 1.38590591233224e-05
18200 8040 -5578 3.47877163332885e-05 3.19574484452605e-05 -1.03573391368263e-06 1.35251939017326e-05
18200 7840 -5578 3.49382786018089e-05 3.21065509691834e-05 -2.02872318678055e-06 1.3645026056096e-05
18200 7640 -5578 3.52816623623732e-05 3.24420790225267e-05 -2.84918736199324e-06 1.35716373044997e-05
18200 7440 -5578 3.55385424846825e-05 3.27168258354068e-05 -3.97569587657927e-06 1.3372244913131e-05
18200 7240 -5578 3.6054616593972e-05 3.30994137972593e-05 -5.48975274979603e-06 1.29590243846178e-05
18400 7240 -5578 3.6704631902725e-05 3.47215248793364e-05 -5.06815108610317e-06 1.0841685006395e-05
18400 7440 -5578 3.63802031492452e-05 3.44345550239086e-05 -3.92224506253842e-06 1.11110082473606e-05
18400 7640 -5578 3.61058951853445e-05 3.41321528404951e-05 -2.9449617779901e-06 1.13999565672129e-05
18400 7840 -5578 3.58038908762684e-05 3.38569358363748e-05 -2.09317266235576e-06 1.15101003423333e-05
18400 8040 -5578 3.56478840030261e-05 3.3664772503078e-05 -6.77885608958604e-07 1.16922021936625e-05
18400 8240 -5578 3.5343372666422e-05 3.34286309927702e-05 3.1429911394298e-08 1.15103839933872e-05
18400 8440 -5578 3.53446428603241e-05 3.33109176829457e-05 7.90686143349376e-07 1.19120073989034e-05
18400 8640 -5578 3.53173624698615e-05 3.31706786081195e-05 1.88729006965878e-06 1.19605414215475e-05
18400 8840 -5578 3.53425722033179e-05 3.31359233483672e-05 2.73995676109916e-06 1.21639558691531e-05
18400 9040 -5578 3.54424181449725e-05 3.30311697348952e-05 3.89323966784286e-06 1.1947576014325e-05
18400 9240 -5578 3.55447248444578e-05 3.30584746301174e-05 4.80593079177197e-06 1.19294609166682e-05
18400 9440 -5578 3.5542555607184e-05 3.29136487469077e-05 5.89439815049991e-06 1.2155670857057e-05
18400 9640 -5578 3.57056229885484e-05 3.28292749002576e-05 6.94562107278034e-06 1.2297196559608e-05
18600 9640 -5578 3.65019892755451e-05 3.44262946024537e-05 6.82796850800514e-06 9.90535879600793e-06
18600 9440 -5578 3.63362999370102e-05 3.44035838916898e-05 5.91730481479317e-06 1.01357719749212e-05
18600 9240 -5578 3.60206516790224e-05 3.42325805351138e-05 4.95246904942906e-06 9.97889211028814e-06
18600 9040 -5578 3.59795781263642e-05 3.43676229640842e-05 4.02548966463655e-06 9.94944621436298e-06
18600 8840 -5578 3.62114870342597e-05 3.46949362382293e-05 3.03356621533749e-06 9.99253262206912e-06
18600 8640 -5578 3.61275349352481e-05 3.4726548217237e-05 2.04735042115135e-06 9.75058899074793e-06
18600 8440 -5578 3.63529704491958e-05 3.50277969539165e-05 1.12275838405185e-06 9.76289027184248e-06
18600 8240 -5578 3.62697554833034e-05 3.49902884364128e-05 1.61918969718272e-07 9.52767640724778e-06
18600 8040 -5578 3.6374020561828e-05 3.51308651268482e-05 -7.93168570487069e-07 9.49973182287067e-06
18600 7840 -5578 3.6745952987975e-05 3.5492471896112e-05 -1.95294114305125e-06 9.37557964026928e-06
18600 7640 -5578 3.68462175173121e-05 3.55772707313299e-05 -2.67592660704304e-06 9.14518022537231e-06
18600 7440 -5578 3.72453233584656e-05 3.5943959236145e-05 -3.76549735030858e-06 9.00371791049838e-06
18600 7240 -5578 3.74643294343082e-05 3.61075790897012e-05 -4.85723701832467e-06 8.64898625388741e-06
18800 7240 -5578 3.82090409905168e-05 3.73860617354512e-05 -4.43891171173891e-06 6.47781441872939e-06
18800 7440 -5578 3.81731613536343e-05 3.73576584756374e-05 -3.58350433045416e-06 6.91892795125023e-06
18800 7640 -5578 3.77999149556025e-05 3.701973092556e-05 -2.44255935748151e-06 7.38318151514977e-06
18800 7840 -5578 3.75893159650489e-05 3.68104108721018e-05 -1.65788003066018e-06 7.42978868819773e-06
18800 8040 -5578 3.75164797952883e-05 3.67383950725198e-05 -6.40079556915225e-07 7.49982839729637e-06
18800 8240 -5578 3.72326267088042e-05 3.64341841489077e-05 3.73829047442996e-07 7.59604571666569e-06
18800 8440 -5578 3.71487603687273e-05 3.62869581282139e-05 1.23257615042803e-06 7.73613656871021e-06
18800 8640 -5578 3.6908295883459e-05 3.59624380767345e-05 2.09896632651908e-06 7.98120525479317e-06
18800 8840 -5578 3.70851061257019e-05 3.60796198248863e-05 2.94738185964343e-06 8.06003150530159e-06
18800 9040 -5578 3.71326723001588e-05 3.606243404001e-05 3.86816882994026e-06 8.06332132965326e-06
18800 9240 -5578 3.72029519638184e-05 3.59798613637686e-05 4.83260902552865e-06 8.06479335669428e-06
18800 9440 -5578 3.72294520723104e-05 3.5887698173523e-05 5.78921812120825e-06 8.07015708927065e-06
18800 9640 -5578 3.72412281629226e-05 3.58070864453912e-05 6.60308040538803e-06 7.82904191780835e-06
19000 9640 -5578 3.8198380008353e-05 3.71439499929547e-05 6.56384467496537e-06 6.0600915774703e-06
19000 9440 -5578 3.81032259803332e-05 3.71384577453136e-05 5.77579949749634e-06 6.26345963287167e-06
19000 9240 -5578 3.7991001556073e-05 3.71816623955965e-05 4.88266574661248e-06 6.01192642562092e-06
19000 9040 -5578 3.80910993493475e-05 3.73540227562189e-05 4.01799491970451e-06 6.34359984844923e-06
19000 8840 -5578 3.80199261026049e-05 3.73818768411875e-05 3.24097806097962e-06 6.1093425466679e-06
19000 8640 -5578 3.79277326574134e-05 3.73789656385779e-05 2.34309641929576e-06 5.97135731903836e-06
19000 8440 -5578 3.81318579378439e-05 3.76532296091318e-05 1.32933147029485e-06 5.94501435151324e-06
19000 8240 -5578 3.81900818279907e-05 3.77397952750325e-05 4.86651411544472e-07 5.82695229351521e-06
19000 8040 -5578 3.85161061861153e-05 3.80859191715717e-05 -5.61946059072397e-07 5.6827900482458e-06
19000 7840 -5578 3.85514914941925e-05 3.81346648037434e-05 -1.27313314588901e-06 5.41140235238709e-06
19000 7640 -5578 3.89655912981031e-05 3.85446466207504e-05 -2.20415992802077e-06 5.13101120688953e-06
19000 7440 -5578 3.90850937515716e-05 3.86163324266672e-05 -3.19567650512909e-06 5.26892736717127e-06
19000 7240 -5578 3.94607115459059e-05 3.89724292978644e-05 -4.04322366637643e-06 4.65688315138686e-06
