# amount of points in x direction: 66 (distance of 200 steps)
# amount of points in y direction: 11 (distance of 200 steps)
# abs. coordinates of point 1: P1 (, , ) (offsets not corrected)
# Offsets of the hall probe have already been corrected for all following coordinates.
#
# X (absolute in steps=10um) Y (absolute in steps=10um) Z (absolute in steps=10um) Babs(in T) Bx By Bz
6000 7440 -5778 3.36119091196818e-05 3.02061226963997e-05 -1.3625323684098e-06 -1.48087037652731e-05
6000 7640 -5778 3.34697601781278e-05 3.00608782991767e-05 -1.70303029156275e-06 -1.44787888843566e-05
6000 7840 -5778 3.334958010232e-05 2.99629861861467e-05 -1.96002914933342e-06 -1.44445798713714e-05
6000 8040 -5778 3.30854781526769e-05 2.97352332137525e-05 -2.226388379946e-06 -1.4335548998788e-05
6000 8240 -5778 3.31545491317272e-05 2.98225492015481e-05 -2.36826629889151e-06 -1.414431639947e-05
6000 8440 -5778 3.32908958723377e-05 2.99396832436323e-05 -2.56485477131832e-06 -1.42587548233569e-05
6000 8640 -5778 3.31904627971904e-05 2.98041917234659e-05 -2.78858238557587e-06 -1.4301799505949e-05
6000 8840 -5778 3.31535691373137e-05 2.96546798199415e-05 -3.2003274585295e-06 -1.45320247430354e-05
6000 9040 -5778 3.31951185379229e-05 2.95785214975476e-05 -3.30857992178062e-06 -1.46406797189265e-05
6000 9240 -5778 3.35680865713886e-05 2.99075086563826e-05 -3.37750118534314e-06 -1.48643818497658e-05
6000 9440 -5778 3.3452534251891e-05 2.9781186170876e-05 -3.71682874008548e-06 -1.48824354689568e-05
6200 9440 -5778 3.14872479852129e-05 2.77698583714664e-05 -3.92481358221267e-06 -1.42225296497345e-05
6200 9240 -5778 3.13805495979698e-05 2.78671768754721e-05 -3.76898144176812e-06 -1.38396740071476e-05
6200 9040 -5778 3.1244005721647e-05 2.78230755329132e-05 -3.47996441138866e-06 -1.37249588277191e-05
6200 8840 -5778 3.10927436058505e-05 2.78085298240185e-05 -3.0869603105748e-06 -1.35615283064544e-05
6200 8640 -5778 3.11170123678695e-05 2.80412388406694e-05 -2.9031089857308e-06 -1.34135208167136e-05
6200 8440 -5778 3.10263532813204e-05 2.78757207766175e-05 -2.75813837469286e-06 -1.33248582035303e-05
6200 8240 -5778 3.1152266063582e-05 2.80191995166242e-05 -2.28495792418835e-06 -1.33837252371013e-05
6200 8040 -5778 3.12514475290677e-05 2.81608272902667e-05 -2.25481031809977e-06 -1.32718732468784e-05
6200 7840 -5778 3.11816470763801e-05 2.80959626920521e-05 -1.76562190229015e-06 -1.33618866801262e-05
6200 7640 -5778 3.14518016633949e-05 2.82066613733769e-05 -1.77668294394971e-06 -1.3754503890872e-05
6200 7440 -5778 3.15340933334457e-05 2.82727602422237e-05 -1.18729015266217e-06 -1.39154738597572e-05
6400 7440 -5778 2.92157257239352e-05 2.62884379588068e-05 -1.00952662206328e-06 -1.28606557697058e-05
6400 7640 -5778 2.90628460903035e-05 2.6095648765564e-05 -1.38832858330807e-06 -1.26254906877875e-05
6400 7840 -5778 2.89381293100901e-05 2.60105511136353e-05 -1.68526397545793e-06 -1.25708569344133e-05
6400 8040 -5778 2.88264547640818e-05 2.60909354239702e-05 -2.00286827574746e-06 -1.22596890907735e-05
6400 8240 -5778 2.86118660832688e-05 2.57491933628917e-05 -2.45481364274656e-06 -1.21545592658222e-05
6400 8440 -5778 2.90386867573169e-05 2.60746999271214e-05 -2.66296640344444e-06 -1.23448008578271e-05
6400 8640 -5778 2.85733173715998e-05 2.5543099950999e-05 -2.94984799799567e-06 -1.23983861897141e-05
6400 8840 -5778 2.89792018645289e-05 2.59630586393177e-05 -3.35813029910787e-06 -1.24272558391094e-05
6400 9040 -5778 2.91075276939303e-05 2.58806597106159e-05 -3.64695485797711e-06 -1.27965439222753e-05
6400 9240 -5778 2.90837211522238e-05 2.57426562160254e-05 -3.85003529052483e-06 -1.29583690669388e-05
6400 9440 -5778 2.93307073202406e-05 2.59247810170054e-05 -3.96965660469141e-06 -1.29812013953924e-05
6600 9440 -5778 2.70242295845768e-05 2.3801920183003e-05 -4.40942400888889e-06 -1.20730433873832e-05
6600 9240 -5778 2.69406152198975e-05 2.39911839589477e-05 -4.17608164966805e-06 -1.15215753894299e-05
6600 9040 -5778 2.66449035839541e-05 2.38075773604214e-05 -3.91057969145186e-06 -1.13074096813798e-05
6600 8840 -5778 2.65837916580348e-05 2.37063229084015e-05 -3.5346853638257e-06 -1.14237021114677e-05
6600 8640 -5778 2.66060876726595e-05 2.39570754952729e-05 -3.1711361968346e-06 -1.12476571053267e-05
6600 8440 -5778 2.66322463652733e-05 2.40627832189202e-05 -2.83469530672301e-06 -1.11076599936932e-05
6600 8240 -5778 2.65271050640639e-05 2.392298296839e-05 -2.53295819590858e-06 -1.10586796421558e-05
6600 8040 -5778 2.65426475459044e-05 2.39610277526081e-05 -1.93041445280505e-06 -1.12847439348698e-05
6600 7840 -5778 2.65510219974878e-05 2.41846659593284e-05 -1.63268342744414e-06 -1.09023529011756e-05
6600 7640 -5778 2.66224365240772e-05 2.41293309181929e-05 -1.31622130956748e-06 -1.11822814475745e-05
6600 7440 -5778 2.6833003293035e-05 2.42196701020002e-05 -1.01803606030626e-06 -1.14245106801391e-05
6800 7440 -5778 2.41888058699411e-05 2.19027081802487e-05 -5.65583274588789e-07 -1.025973416958e-05
6800 7640 -5778 2.43381941273672e-05 2.22166697718203e-05 -1.21162197727426e-06 -9.84571574535221e-06
6800 7840 -5778 2.40437763544145e-05 2.18726139329374e-05 -1.45184108426656e-06 -9.87846640869975e-06
6800 8040 -5778 2.39839936544504e-05 2.18115011826158e-05 -1.9273861466645e-06 -9.79518933687359e-06
6800 8240 -5778 2.41587070095938e-05 2.20315917097032e-05 -2.53150434770214e-06 -9.60491028614342e-06
6800 8440 -5778 2.41487417249393e-05 2.19602883011103e-05 -2.83554657854256e-06 -9.84955384209752e-06
6800 8640 -5778 2.41119573939159e-05 2.17677842378616e-05 -3.12798762468447e-06 -9.93622315116227e-06
6800 8840 -5778 2.42237848143491e-05 2.18594611994922e-05 -3.60356050450355e-06 -9.97464459110052e-06
6800 9040 -5778 2.42455252714634e-05 2.16117781326175e-05 -3.97466575319413e-06 -1.01995201548561e-05
6800 9240 -5778 2.45318806997875e-05 2.17908062897623e-05 -4.34201772802044e-06 -1.03752045687288e-05
6800 9440 -5778 2.45851628307112e-05 2.16543759033084e-05 -5.02582549490035e-06 -1.06730559589341e-05
7000 9440 -5778 2.21564961594371e-05 1.94806301221252e-05 -5.12993123335764e-06 -9.25327283143997e-06
7000 9240 -5778 2.20742772799185e-05 1.95470029637218e-05 -4.67987605463713e-06 -9.00846267864108e-06
7000 9040 -5778 2.18913533106922e-05 1.96255415007472e-05 -4.24598688352853e-06 -8.69656745344401e-06
7000 8840 -5778 2.17882762862023e-05 1.96395983397961e-05 -3.77502611537057e-06 -8.49316606111824e-06
7000 8640 -5778 2.15967458120736e-05 1.95853039547801e-05 -3.48097942871391e-06 -8.32062608189881e-06
7000 8440 -5778 2.17218435653546e-05 1.98878874443471e-05 -2.8628793204698e-06 -8.42050867294893e-06
7000 8240 -5778 2.15862579691441e-05 1.97540901452303e-05 -2.50751729373951e-06 -8.29372049961239e-06
7000 8040 -5778 2.15066003725839e-05 1.97898415476084e-05 -2.10627488034243e-06 -8.15227803960442e-06
7000 7840 -5778 2.12063886551787e-05 1.96396345533431e-05 -1.39604798684741e-06 -7.83821536879986e-06
7000 7640 -5778 2.13989032371292e-05 1.96800178773701e-05 -9.29935819515777e-07 -8.24969105329364e-06
7000 7440 -5778 2.15228559347181e-05 1.97425718829036e-05 -3.72577545307649e-07 -8.58069512899965e-06
7200 7440 -5778 1.85622407112022e-05 1.73291939347982e-05 -3.0602416999227e-07 -6.57540180208161e-06
7200 7640 -5778 1.87590986672961e-05 1.75658870488405e-05 -8.97585786264244e-07 -6.52209588652477e-06
7200 7840 -5778 1.86895643380958e-05 1.7473281275481e-05 -1.43491696858746e-06 -6.35821789177135e-06
7200 8040 -5778 1.89120537414643e-05 1.76313224881887e-05 -1.88946272182875e-06 -6.57211208716035e-06
7200 8240 -5778 1.90341912666498e-05 1.76772806160152e-05 -2.58709209927474e-06 -6.50968586653471e-06
7200 8440 -5778 1.91987215317845e-05 1.77621268481016e-05 -2.88483070146595e-06 -6.63745749043301e-06
7200 8640 -5778 1.89959947182037e-05 1.74635099433363e-05 -3.3621826400049e-06 -6.68849463388324e-06
7200 8840 -5778 1.91955837043118e-05 1.74934853687882e-05 -3.99960255576298e-06 -6.78734112670645e-06
7200 9040 -5778 1.9242931395195e-05 1.73682003580034e-05 -4.55228766001528e-06 -7.02379601169378e-06
7200 9240 -5778 1.94784848662365e-05 1.74313552267849e-05 -4.97644475765992e-06 -7.31496148789301e-06
7200 9440 -5778 1.95672023455712e-05 1.72509947326034e-05 -5.44358333107084e-06 -7.4596239104867e-06
7400 9440 -5778 1.70791955733705e-05 1.5037783768028e-05 -5.91634853603318e-06 -5.46357007976621e-06
7400 9240 -5778 1.69492822801018e-05 1.52258323989809e-05 -5.21556191483978e-06 -5.357849287102e-06
7400 9040 -5778 1.67705622414338e-05 1.52271727714688e-05 -4.79346355318557e-06 -5.22376541804988e-06
7400 8840 -5778 1.67802540067442e-05 1.55342337954789e-05 -4.13021942117484e-06 -4.85055487207137e-06
7400 8640 -5778 1.65971831050984e-05 1.54498806409538e-05 -3.65258545265533e-06 -4.74773766825092e-06
7400 8440 -5778 1.63839522550233e-05 1.54348657745868e-05 -2.91422987632359e-06 -4.6263930555433e-06
7400 8240 -5778 1.63206146748833e-05 1.54732439033687e-05 -2.5272983065297e-06 -4.53890398377553e-06
7400 8040 -5778 1.61303010441536e-05 1.53649969920516e-05 -2.02318333235371e-06 -4.51779030496255e-06
7400 7840 -5778 1.594986854456e-05 1.52567063588649e-05 -1.50288742326666e-06 -4.36780966515653e-06
7400 7640 -5778 1.58172267472866e-05 1.51808239724487e-05 -8.89386318492143e-07 -4.42894393298775e-06
7400 7440 -5778 1.56903802347385e-05 1.49846035260707e-05 -3.12030944790422e-07 -4.6518102933187e-06
7600 7440 -5778 1.25976570428603e-05 1.24488592818379e-05 3.88886999025999e-08 -1.93011741081864e-06
7600 7640 -5778 1.3188738613919e-05 1.2995782783255e-05 -7.79572196615845e-07 -2.2064547814407e-06
7600 7840 -5778 1.32177794221412e-05 1.2942553287372e-05 -1.55179255035182e-06 -2.18905165233468e-06
7600 8040 -5778 1.36636980674168e-05 1.33191825598478e-05 -1.97632472742771e-06 -2.21498395453728e-06
7600 8240 -5778 1.39259433266485e-05 1.33789278119802e-05 -2.87566540087573e-06 -2.60110899687425e-06
7600 8440 -5778 1.40967907814181e-05 1.34451595284045e-05 -3.23323822904786e-06 -2.85963164027635e-06
7600 8640 -5778 1.42842858662269e-05 1.35523901041597e-05 -3.69121786893811e-06 -2.59777901615871e-06
7600 8840 -5778 1.41912644113574e-05 1.33054130207747e-05 -4.18177665537223e-06 -2.86130228565162e-06
7600 9040 -5778 1.44273514969006e-05 1.32498803846538e-05 -4.99292563763447e-06 -3.06511537224287e-06
7600 9240 -5778 1.4466030746643e-05 1.30802198275924e-05 -5.30444828257896e-06 -3.10944398281208e-06
7600 9440 -5778 1.48896849143977e-05 1.31371288895607e-05 -6.21006115619093e-06 -3.21613588451146e-06
7800 9440 -5778 1.24182315832497e-05 1.0631385371089e-05 -6.38425476569682e-06 -5.80786336652636e-07
7800 9240 -5778 1.26089253916241e-05 1.12462778314948e-05 -5.65561982663348e-06 -7.01894272793652e-07
7800 9040 -5778 1.24051438150211e-05 1.13460762398317e-05 -4.95732779498212e-06 -7.5660136442275e-07
7800 8840 -5778 1.22902177238707e-05 1.14406324028969e-05 -4.35577188082971e-06 -6.09913685317224e-07
7800 8640 -5778 1.22374690069487e-05 1.16170711908489e-05 -3.91830898035551e-06 -5.53468768195671e-07
7800 8440 -5778 1.2196407582713e-05 1.17626061346382e-05 -3.18627349496819e-06 -5.06460627664637e-07
7800 8240 -5778 1.18963900229437e-05 1.1581629306078e-05 -2.6840325543817e-06 -2.80018101966562e-07
7800 8040 -5778 1.17509659640146e-05 1.1535974657163e-05 -2.2356375560164e-06 9.17306647231726e-08
7800 7840 -5778 1.11536204260221e-05 1.09384499946609e-05 -1.71316547649349e-06 5.77796672914701e-08
7800 7640 -5778 1.08705984854031e-05 1.0810711867176e-05 -9.49019551335368e-07 5.92973053936476e-07
7800 7440 -5778 1.03776174910519e-05 1.03488391954452e-05 -3.37528851573552e-07 6.75345704859865e-07
8000 7440 -5778 9.23543921890281e-06 8.35099643468857e-06 -4.67508211385393e-07 3.94451614201535e-06
8000 7640 -5778 9.94952208754263e-06 9.19570400658995e-06 -1.18997926824159e-06 3.60078483130201e-06
8000 7840 -5778 1.00154348134151e-05 9.29870944004506e-06 -2.00241042933976e-06 3.09212795746862e-06
8000 8040 -5778 1.02521003510958e-05 9.55207766406238e-06 -2.51925158208905e-06 2.70103144730456e-06
8000 8240 -5778 1.06843528819306e-05 9.980848364532e-06 -3.02388007383706e-06 2.34941958719446e-06
8000 8440 -5778 1.07509625564673e-05 1.00170813240111e-05 -3.33868575940142e-06 2.09717352872758e-06
8000 8640 -5778 1.10599018034928e-05 1.00882087526843e-05 -4.11015372216934e-06 1.91209530235938e-06
8000 8840 -5778 1.09493773150858e-05 9.81356242112815e-06 -4.48665220325347e-06 1.94204558320234e-06
8000 9040 -5778 1.10446460758506e-05 9.70391426980496e-06 -5.01607255690033e-06 1.7719917354907e-06
8000 9240 -5778 1.09742465112441e-05 9.33200385794044e-06 -5.60153819690458e-06 1.91090661029125e-06
8000 9440 -5778 1.10708609838073e-05 8.83315489348024e-06 -6.36262862803414e-06 2.00296760579658e-06
8200 9440 -5778 1.11559495850118e-05 7.5795414885506e-06 -6.27244014618918e-06 5.25949204573408e-06
8200 9240 -5778 1.08067547460534e-05 7.95061925100162e-06 -5.4265995034948e-06 4.88306217279751e-06
8200 9040 -5778 1.07891156764645e-05 8.447654876858e-06 -4.83631922584027e-06 4.71160548878834e-06
8200 8840 -5778 1.07225626336077e-05 8.66366248205304e-06 -4.43317777628545e-06 4.59828416025266e-06
8200 8640 -5778 1.06240936569808e-05 8.74670937843621e-06 -3.99347694018798e-06 4.36239442552687e-06
8200 8440 -5778 1.0785712235039e-05 8.99983221758157e-06 -3.87374055905093e-06 4.61968502087984e-06
8200 8240 -5778 1.05279776488075e-05 8.69816303718835e-06 -3.34830665253685e-06 4.89582635648548e-06
8200 8040 -5778 1.04661079984819e-05 8.55328850820661e-06 -3.00193529711396e-06 5.36155846342444e-06
8200 7840 -5778 1.0301121084957e-05 7.95022668968886e-06 -2.5116003659723e-06 5.9684236147441e-06
8200 7640 -5778 1.00482221892259e-05 7.27546156104654e-06 -1.88840801057995e-06 6.56215025810525e-06
8200 7440 -5778 1.02284796906471e-05 6.94572137948126e-06 -1.06944137149276e-06 7.35809144377708e-06
8400 7440 -5778 1.2832573527552e-05 5.73670243931701e-06 -1.81448338006157e-06 1.13345859441906e-05
8400 7640 -5778 1.23544533986737e-05 6.73413629224524e-06 -2.63620555060334e-06 9.96988377254456e-06
8400 7840 -5778 1.18980758802939e-05 7.189502812922e-06 -3.0737183434685e-06 8.98756807297468e-06
8400 8040 -5778 1.17666959127592e-05 7.7427526479587e-06 -3.37693859473802e-06 8.21918484102935e-06
8400 8240 -5778 1.19022935232647e-05 8.35443329531699e-06 -3.81791252852418e-06 7.71533354092389e-06
8400 8440 -5778 1.16482021846425e-05 8.30222949851304e-06 -3.87646437017247e-06 7.19212232064456e-06
8400 8640 -5778 1.15415367482075e-05 8.24681428121403e-06 -4.11850802920526e-06 6.95352216623724e-06
8400 8840 -5778 1.18585970748332e-05 8.32015949767083e-06 -4.2672676541988e-06 7.29932818561793e-06
8400 9040 -5778 1.15599296832593e-05 7.70979755278677e-06 -4.60323557024822e-06 7.43137899460271e-06
8400 9240 -5778 1.20543496396147e-05 7.20062229223549e-06 -5.26089492673055e-06 8.14888701308519e-06
8400 9440 -5778 1.23670648519141e-05 6.61918905423954e-06 -5.79996653739363e-06 8.68855669721961e-06
8600 9440 -5778 1.45658905634127e-05 6.24719068408012e-06 -5.10099982074462e-06 1.22544128522277e-05
8600 9240 -5778 1.40160814461041e-05 7.19866096787155e-06 -4.42930991455796e-06 1.10957529786974e-05
8600 9040 -5778 1.3617976716422e-05 7.96597156021744e-06 -4.42611052573193e-06 1.01956792604178e-05
8600 8840 -5778 1.34629366073991e-05 8.44011670909822e-06 -4.00461200103746e-06 9.7076846184209e-06
8600 8640 -5778 1.34761535435492e-05 8.76773883774877e-06 -3.86954984872136e-06 9.47417827416212e-06
8600 8440 -5778 1.34617952273867e-05 8.75623289495706e-06 -3.84788562223548e-06 9.58385462686419e-06
8600 8240 -5778 1.36087777641518e-05 8.47040848433972e-06 -4.09420822001994e-06 9.85566664393991e-06
8600 8040 -5778 1.40425119462816e-05 8.07822671625763e-06 -4.03820589822135e-06 1.08791655730456e-05
8600 7840 -5778 1.47031260585314e-05 7.58326298743486e-06 -4.1156278679191e-06 1.1800787711516e-05
8600 7640 -5778 1.51473861212474e-05 6.72551054507494e-06 -3.46719883667538e-06 1.31723708100617e-05
8600 7440 -5778 1.63434792598554e-05 5.39792708656751e-06 -3.05889510092675e-06 1.51200151536614e-05
8800 7440 -5778 2.04322719166916e-05 6.45731092710048e-06 -4.79700973047875e-06 1.87364445067942e-05
8800 7640 -5778 1.88124086144122e-05 8.04544202145189e-06 -5.18113620247459e-06 1.63499547950923e-05
8800 7840 -5778 1.8055436883837e-05 8.91091534681618e-06 -5.16517075290903e-06 1.46231575328857e-05
8800 8040 -5778 1.68688491454944e-05 9.39081979542971e-06 -5.02289356326219e-06 1.31052870117128e-05
8800 8240 -5778 1.65213427513257e-05 9.95824795216322e-06 -4.70932953315787e-06 1.21931442208588e-05
8800 8440 -5778 1.57920979406076e-05 1.00959293683991e-05 -4.26486292108893e-06 1.13698510024697e-05
8800 8640 -5778 1.57619776037845e-05 9.99431013315916e-06 -3.8239791499218e-06 1.13662859685719e-05
8800 8840 -5778 1.55272623976897e-05 9.59548603370786e-06 -3.65122159094244e-06 1.152651919052e-05
8800 9040 -5778 1.59513144495573e-05 9.18854537885636e-06 -3.37257068441068e-06 1.24603703897446e-05
8800 9240 -5778 1.62740189533469e-05 8.12832506373525e-06 -3.49625646005916e-06 1.39085845220834e-05
8800 9440 -5778 1.72923374164984e-05 7.12035328056663e-06 -3.59181423752307e-06 1.53551085703075e-05
9000 9440 -5778 1.99769187388439e-05 9.47421036567539e-06 -1.7044059032487e-06 1.76371818259359e-05
9000 9240 -5778 1.87946531939493e-05 1.0372715132311e-05 -1.70241594029721e-06 1.55823546852917e-05
9000 9040 -5778 1.83058359501213e-05 1.12059471346438e-05 -2.06778864794614e-06 1.41503119599074e-05
9000 8840 -5778 1.76923213842606e-05 1.17847568765283e-05 -2.82913455045491e-06 1.30109747890383e-05
9000 8640 -5778 1.81007756125303e-05 1.23365863356739e-05 -3.54407437374448e-06 1.29108843374997e-05
9000 8440 -5778 1.82767805777747e-05 1.25043097380549e-05 -4.45021541809547e-06 1.25649723038077e-05
9000 8240 -5778 1.87816776904143e-05 1.2268287409097e-05 -5.40820561768487e-06 1.31853953786194e-05
9000 8040 -5778 1.94542119441021e-05 1.19822475817054e-05 -6.06414524978027e-06 1.41423482038081e-05
9000 7840 -5778 2.0847596563127e-05 1.13443772364408e-05 -6.88629874866456e-06 1.61369749866426e-05
9000 7640 -5778 2.24080703909731e-05 1.05901354644448e-05 -7.24208270339295e-06 1.83907178491354e-05
9000 7440 -5778 2.4482944604354e-05 9.27250317763537e-06 -7.85713129956275e-06 2.11055324673653e-05
9200 7440 -5778 2.80817970744785e-05 1.34628038667142e-05 -1.08766225427389e-05 2.21142334491014e-05
9200 7640 -5778 2.5672360286547e-05 1.44267831649631e-05 -9.8041621921584e-06 1.88723370283842e-05
9200 7840 -5778 2.41160284347411e-05 1.52832552436739e-05 -8.55409098044038e-06 1.65369571540505e-05
9200 8040 -5778 2.26876746398284e-05 1.57799559440464e-05 -7.38660683389753e-06 1.45630449578166e-05
9200 8240 -5778 2.17049849279598e-05 1.61319007202983e-05 -6.11853535147384e-06 1.33576159980148e-05
9200 8440 -5778 2.09627658747675e-05 1.60346642043442e-05 -4.79972823266871e-06 1.26210025697947e-05
9200 8640 -5778 2.07201387346385e-05 1.6057824857533e-05 -3.27041958821064e-06 1.27716297153384e-05
9200 8840 -5778 2.04490107498872e-05 1.53992593195289e-05 -2.05727148670849e-06 1.33757480569184e-05
9200 9040 -5778 2.06882987117336e-05 1.47009545974433e-05 -7.00986273865965e-07 1.46652819812298e-05
9200 9240 -5778 2.14547198986163e-05 1.39032236579806e-05 7.79796213791997e-08 1.64373564850539e-05
9200 9440 -5778 2.28434638230703e-05 1.29354212675244e-05 9.05234922313639e-07 1.8806362375617e-05
9400 9440 -5778 2.59703292999618e-05 1.70745242536068e-05 3.88231738044487e-06 1.92375664897263e-05
9400 9240 -5778 2.4584743699081e-05 1.81414409093559e-05 2.62104239340078e-06 1.65320330671966e-05
9400 9040 -5778 2.38424510207496e-05 1.92208037935197e-05 1.0148312771762e-06 1.42160244453698e-05
9400 8840 -5778 2.34516937489876e-05 1.9893117107451e-05 -6.70210327950145e-07 1.24740114156157e-05
9400 8640 -5778 2.37114114093389e-05 2.06503280811012e-05 -2.9340287311461e-06 1.13971977103502e-05
9400 8440 -5778 2.40647937132375e-05 2.08078965507448e-05 -4.72540037235012e-06 1.11272785943002e-05
9400 8240 -5778 2.5007418681537e-05 2.09326987676322e-05 -6.7473482969217e-06 1.19498309437186e-05
9400 8040 -5778 2.62780356479703e-05 2.08704862073064e-05 -8.70970882382244e-06 1.33530469499528e-05
9400 7840 -5778 2.75949141216434e-05 2.02252611331642e-05 -1.06974602434784e-05 1.55152392424643e-05
9400 7640 -5778 2.92793968683534e-05 1.92004779875278e-05 -1.24491346366704e-05 1.82411547526717e-05
9400 7440 -5778 3.16432847066189e-05 1.82505801431835e-05 -1.39655379280448e-05 2.17571132555604e-05
9600 7440 -5778 3.66033943970048e-05 2.42645948529244e-05 -1.7878154926002e-05 2.07703994773328e-05
9600 7640 -5778 3.41768102703993e-05 2.55381854996085e-05 -1.55159936472774e-05 1.65281204693019e-05
9600 7840 -5778 3.23487380508715e-05 2.64993238188326e-05 -1.31728179845959e-05 1.29768451228738e-05
9600 8040 -5778 3.08300319493732e-05 2.69910688996315e-05 -1.06325858486816e-05 1.03930495996028e-05
9600 8240 -5778 2.96062453062633e-05 2.71157304123044e-05 -7.8122413046658e-06 8.88147062808275e-06
9600 8440 -5778 2.88582549118965e-05 2.71620125994086e-05 -5.10366011690348e-06 8.30521532054991e-06
9600 8640 -5778 2.81456906884437e-05 2.67321210093796e-05 -2.25005312614667e-06 8.49065884947777e-06
9600 8840 -5778 2.80025302397156e-05 2.62617274224758e-05 3.82396995888939e-07 9.62186360359192e-06
9600 9040 -5778 2.8167703917582e-05 2.53880011998117e-05 3.02080074053811e-06 1.18101118206978e-05
9600 9240 -5778 2.86249924712419e-05 2.38494248464704e-05 5.26652259228285e-06 1.49734213352203e-05
9600 9440 -5778 3.01664966851111e-05 2.2549726754427e-05 7.43695918191224e-06 1.86069606244564e-05
9800 9440 -5778 3.68435330687939e-05 3.08182803764939e-05 1.22405735701323e-05 1.60858948621899e-05
9800 9240 -5778 3.51126552749057e-05 3.19185312315822e-05 9.44897558819503e-06 1.09726764280349e-05
9800 9040 -5778 3.45455143514958e-05 3.30983117967844e-05 6.33170763310045e-06 7.56600718386471e-06
9800 8840 -5778 3.41840421300738e-05 3.37476940974593e-05 2.67807689438359e-06 4.69450143235736e-06
9800 8640 -5778 3.45770292053094e-05 3.44327201768756e-05 -9.43904805579223e-07 2.92664693096594e-06
9800 8440 -5778 3.50702328892418e-05 3.46679423227906e-05 -4.64379359955637e-06 2.51606330495997e-06
9800 8240 -5778 3.605042358785e-05 3.49193529263139e-05 -8.24580768775195e-06 3.34794418671663e-06
9800 8040 -5778 3.75872183490829e-05 3.51946402788162e-05 -1.21782622262836e-05 4.73492973635439e-06
9800 7840 -5778 3.91266873327338e-05 3.49355300739408e-05 -1.58898864015937e-05 7.72033889032901e-06
9800 7640 -5778 4.10942533065733e-05 3.43115132376552e-05 -1.9249418374151e-05 1.18302772250026e-05
9800 7440 -5778 4.33785790974697e-05 3.28942272886634e-05 -2.24729115329683e-05 1.71650570295751e-05
10000 7440 -5778 5.41679782684455e-05 4.52643560990691e-05 -2.83616292737424e-05 9.18234066851437e-06
10000 7640 -5778 5.16218265741739e-05 4.57299740836024e-05 -2.37898638285697e-05 2.89921608292207e-06
10000 7840 -5778 4.94541260012586e-05 4.552606536448e-05 -1.92500328309834e-05 -1.54121092595233e-06
10000 8040 -5778 4.74193651212123e-05 4.5034374833107e-05 -1.41518602184951e-05 -4.62062618916389e-06
10000 8240 -5778 4.60636844886501e-05 4.46044660210609e-05 -9.53844316862524e-06 -6.42827671812847e-06
10000 8440 -5778 4.47902201947464e-05 4.40235761851072e-05 -4.75365120661445e-06 -6.73997607966885e-06
10000 8640 -5778 4.45210964365824e-05 4.40679615885019e-05 -1.86640335705306e-07 -6.38477261783555e-06
10000 8840 -5778 4.4189136750001e-05 4.36737033426762e-05 4.90272182761692e-06 -4.7063591342885e-06
10000 9040 -5778 4.4161590021922e-05 4.30804542526603e-05 9.5634377785027e-06 -1.69149416359505e-06
10000 9240 -5778 4.50981118781021e-05 4.26274057328701e-05 1.44070123638958e-05 2.98521966589033e-06
10000 9440 -5778 4.66979800535631e-05 4.1926964007318e-05 1.85751603133976e-05 8.91366368345916e-06
10200 9440 -5778 6.21274386115485e-05 5.59367608875036e-05 2.64728976078332e-05 -5.48480647709221e-06
10200 9240 -5778 5.9774399653923e-05 5.52097747474909e-05 2.01439980342984e-05 -1.11833575349301e-05
10200 9040 -5778 5.82742694632723e-05 5.44278961271048e-05 1.39827647786587e-05 -1.5603514989838e-05
10200 8840 -5778 5.763890027342e-05 5.40420524179935e-05 7.90128527209163e-06 -1.84534030966461e-05
10200 8640 -5778 5.76954549491655e-05 5.4021420262754e-05 1.83822412125664e-06 -2.00909034125507e-05
10200 8440 -5778 5.82411895756494e-05 5.43095978349447e-05 -3.85551116534043e-06 -2.07636704929173e-05
10200 8240 -5778 5.95803038648043e-05 5.50388092845678e-05 -9.81245006993413e-06 -2.04454100914299e-05
10200 8040 -5778 6.1372464107353e-05 5.60544932186604e-05 -1.58782994747162e-05 -1.92964438796043e-05
10200 7840 -5778 6.36438885300176e-05 5.72602051049471e-05 -2.20113898292184e-05 -1.67783728726208e-05
10200 7640 -5778 6.66673654006478e-05 5.90322245657444e-05 -2.83997686952353e-05 -1.27866082843393e-05
10200 7440 -5778 6.99218326888787e-05 6.01735559105873e-05 -3.50816354304552e-05 -6.27217179583386e-06
10400 7440 -5778 9.34957349492279e-05 7.71173167079687e-05 -4.18950439617038e-05 -3.21724280267954e-05
10400 7640 -5778 8.77815090630547e-05 7.28256731033325e-05 -3.28689854219556e-05 -3.6354428447783e-05
10400 7840 -5778 8.31665858068684e-05 6.93400468677282e-05 -2.49140777401626e-05 -3.8602315954864e-05
10400 8040 -5778 7.9472653988818e-05 6.65452670902014e-05 -1.75818081721663e-05 -3.98371398299932e-05
10400 8240 -5778 7.69196622966765e-05 6.47903031110763e-05 -1.05086141396314e-05 -4.0100253470242e-05
10400 8440 -5778 7.53434889536357e-05 6.36423642337322e-05 -4.04974795388989e-06 -4.02910861521959e-05
10400 8640 -5778 7.49686627163986e-05 6.34850649982691e-05 2.72278154334344e-06 -3.97873749434948e-05
10400 8840 -5778 7.56070014049348e-05 6.42758976370096e-05 9.60384588968009e-06 -3.85712815523148e-05
10400 9040 -5778 7.70833997248022e-05 6.54910797476769e-05 1.74295135047287e-05 -3.66859516203404e-05
10400 9240 -5778 8.01752106402375e-05 6.81375973969698e-05 2.58085086941719e-05 -3.36971316635609e-05
10400 9440 -5778 8.42989909769592e-05 7.09581277817488e-05 3.49579096138477e-05 -2.93931922018528e-05
10600 9440 -5778 0.000111333394085615 8.20224457532168e-05 4.07210561856628e-05 -6.33185487389565e-05
10600 9240 -5778 0.000102494078531183 7.58430540114641e-05 2.97171305269003e-05 -6.23922040909529e-05
10600 9040 -5778 9.71479629563875e-05 7.21168406605721e-05 2.03273584470153e-05 -6.18340308070183e-05
10600 8840 -5778 9.37857788581056e-05 6.95950072407723e-05 1.19917976409197e-05 -6.19144355356693e-05
10600 8640 -5778 9.24738144578684e-05 6.83845021724701e-05 4.06482837711519e-06 -6.21458560079336e-05
10600 8440 -5778 9.26290612117318e-05 6.83592322170734e-05 -2.83302529226057e-06 -6.2443032592535e-05
10600 8240 -5778 9.4412015124055e-05 6.95899144113064e-05 -1.0005919476971e-05 -6.29967952668667e-05
10600 8040 -5778 9.78509615669708e-05 7.18179745972156e-05 -1.75184173509479e-05 -6.41062489002943e-05
10600 7840 -5778 0.000103621210343922 7.59479239732027e-05 -2.57302902527154e-05 -6.56460867971182e-05
10600 7640 -5778 0.000111038743963688 8.13952121734619e-05 -3.4780147112906e-05 -6.71469965130091e-05
10600 7440 -5778 0.000122119753865532 8.97116157710552e-05 -4.57802874296903e-05 -6.92117364704609e-05
10800 7440 -5778 0.000142421569675525 8.60370600074529e-05 -4.32266222089529e-05 -0.000104942779392004
10800 7640 -5778 0.000128889751458976 7.83884736895561e-05 -3.29615397006273e-05 -9.67366595417261e-05
10800 7840 -5778 0.000119517986 7.27865053415298e-05 -2.46059830784798e-05 -9.15788905471563e-05
10800 8040 -5778 0.000113027415493565 6.90608531683683e-05 -1.67401565480977e-05 -8.7974750906229e-05
10800 8240 -5778 0.000109196105359367 6.69741242974997e-05 -9.81734852865339e-06 -8.5484088882804e-05
10800 8440 -5778 0.000106959664461116 6.58831897675991e-05 -2.88195225989193e-06 -8.42108631879091e-05
10800 8640 -5778 0.0001068369808 6.57428984194994e-05 3.76370789372595e-06 -8.42017804831267e-05
10800 8840 -5778 0.000108713643521557 6.68767767101526e-05 1.10852504484355e-05 -8.49272420555353e-05
10800 9040 -5778 0.000112805951597652 6.92091847956181e-05 1.92099391408265e-05 -8.7169367313385e-05
10800 9240 -5778 0.000120018667240976 7.33080250322819e-05 2.87578474208713e-05 -9.0374226719141e-05
10800 9440 -5778 0.000130969047825509 7.91493334770203e-05 3.98080847039819e-05 -9.64612901359797e-05
11000 9440 -5778 0.000136432550175103 6.21930027157068e-05 3.10917007774115e-05 -0.000117309830099344
11000 9240 -5778 0.0001276272322 6.00037790536881e-05 2.38861798867583e-05 -0.000110118031561375
11000 9040 -5778 0.0001212722038 5.81900938302279e-05 1.6788693299517e-05 -0.000105115041613579
11000 8840 -5778 0.000117093433570447 5.68333678245545e-05 1.02173242159188e-05 -0.000101907312273979
11000 8640 -5778 0.000115253481 5.61628788262606e-05 3.50447540522509e-06 -0.000100582377076149
11000 8440 -5778 0.0001150697283 5.5993260666728e-05 -1.96568119903259e-06 -0.000100508373931050
11000 8240 -5778 0.000117110921513901 5.68011333495378e-05 -7.84478978998959e-06 -0.000101999430254102
11000 8040 -5778 0.000120458784679883 5.79388771504164e-05 -1.40069611407816e-05 -0.000104651253819466
11000 7840 -5778 0.000126171208371300 5.97984415143728e-05 -2.02761469371617e-05 -0.000109192569673061
11000 7640 -5778 0.000134220416540330 6.21943333595991e-05 -2.68230880610645e-05 -0.000115863587886095
11000 7440 -5778 0.000145416180991269 6.4992744460702e-05 -3.41501828655601e-05 -0.000125508896410465
11200 7440 -5778 0.000141139885778323 4.25255303010345e-05 -2.4135922037065e-05 -0.000132365358442068
11200 7640 -5778 0.000133777739114675 4.35204949751496e-05 -2.01875978708267e-05 -0.000124837353110313
11200 7840 -5778 0.000127929642579206 4.38069061934948e-05 -1.57953971326351e-05 -0.000119000530242920
11200 8040 -5778 0.000123452559510953 4.35030745863914e-05 -1.13200619947165e-05 -0.000114852833330631
11200 8240 -5778 0.000120660109380696 4.33469488546252e-05 -6.86990545736626e-06 -0.000112395322054625
11200 8440 -5778 0.000119245321462799 4.30926378071308e-05 -2.17112235538889e-06 -0.000111145806849003
11200 8640 -5778 0.000118974847167659 4.32518052980304e-05 2.5725143965592e-06 -0.000110802747279406
11200 8840 -5778 0.000120472834420257 4.31373191103339e-05 6.88469630852342e-06 -0.000112228805422783
11200 9040 -5778 0.000123705473799414 4.32894585132599e-05 1.202496657148e-05 -0.000115023751050234
11200 9240 -5778 0.000128220137484135 4.32393387705088e-05 1.66767329499126e-05 -0.000119551870822907
11200 9440 -5778 0.000134537097256275 4.2858914680779e-05 2.12683869712055e-05 -0.000125843432694674
11400 9440 -5778 0.000130835540323930 2.73938488401473e-05 1.31133598610759e-05 -0.000127212831944227
11400 9240 -5778 0.000126772796095627 2.89520462192595e-05 1.12298025116324e-05 -0.000122944162935019
11400 9040 -5778 0.000123650327675706 3.00857925489545e-05 8.3597060861066e-06 -0.000119424022018910
11400 8840 -5778 0.000121293645048350 3.06447064206004e-05 5.15387091878801e-06 -0.000117229182422161
11400 8640 -5778 0.0001202375496 3.10305791720748e-05 1.56960270586933e-06 -0.000116153811126947
11400 8440 -5778 0.000120173309425315 3.12111323475838e-05 -1.60167266103963e-06 -0.000116144571870565
11400 8240 -5778 0.000121345514182508 3.08988973721862e-05 -5.01371153560467e-06 -0.000117236213326454
11400 8040 -5778 0.000123421682747533 3.05220912322402e-05 -8.23175877239555e-06 -0.000119275029689074
11400 7840 -5778 0.0001265853628 2.96170213073492e-05 -1.12515998724848e-05 -0.000122514768123627
11400 7640 -5778 0.000130751496687833 2.81980043500662e-05 -1.39762054216117e-05 -0.000127044950693846
11400 7440 -5778 0.0001357947799 2.58174047544599e-05 -1.58541993815452e-05 -0.0001323719314
11600 7440 -5778 0.000131173013393452 1.50595569778234e-05 -1.0011356735602e-05 -0.000129839102685451
11600 7640 -5778 0.000127665874529575 1.76762167774141e-05 -9.27337465621531e-06 -0.000126109805345535
11600 7840 -5778 0.000124752173272261 1.93127438053489e-05 -7.89500044379383e-06 -0.000123179448127747
11600 8040 -5778 0.000122534052695165 2.03340406008065e-05 -5.93153598392382e-06 -0.000120679328680039
11600 8240 -5778 0.000120914525634695 2.08959234394133e-05 -4.00013887759997e-06 -0.0001190280714
11600 8440 -5778 0.000119983947144105 2.13390977494419e-05 -1.53713967874501e-06 -0.0001180225431
11600 8640 -5778 0.000119930833655746 2.1088009275496e-05 6.76192842370256e-07 -0.000118110220670700
11600 8840 -5778 0.000120690519810921 2.06837678104639e-05 2.7694161462714e-06 -0.000118957403898239
11600 9040 -5778 0.000122230812841655 1.98596718125045e-05 4.99208451365121e-06 -0.000120516647785902
11600 9240 -5778 0.000124337738678832 1.8786771632731e-05 6.86803862964734e-06 -0.000122625607490540
11600 9440 -5778 0.000126984259163660 1.67599741239101e-05 7.52501982264221e-06 -0.000125804483771324
11800 9440 -5778 0.000123794572038917 1.02948374636471e-05 4.00309117368306e-06 -0.000123338565856218
11800 9240 -5778 0.000122060260063266 1.17218199986964e-05 3.82468635832356e-06 -0.000121685977369547
11800 9040 -5778 0.0001207264991 1.28382830712944e-05 2.91519251308637e-06 -0.000119888341337442
11800 8840 -5778 0.000119640504721264 1.3616944314912e-05 1.82163503997958e-06 -0.000118781922191381
11800 8640 -5778 0.000119118026290416 1.38353823795915e-05 1.34820270989621e-07 -0.000118311741620302
11800 8440 -5778 0.000119192254596548 1.40591470953077e-05 -1.21382637483748e-06 -0.000118409554779530
11800 8240 -5778 0.000119518735071096 1.37228469122201e-05 -2.59409468515514e-06 -0.000118792838782072
11800 8040 -5778 0.000120856808697226 1.32565855551511e-05 -4.21893678384367e-06 -0.000119964624017477
11800 7840 -5778 0.0001225197658 1.21511959712952e-05 -5.38524752575904e-06 -0.000121840317577124
11800 7640 -5778 0.000124598087951028 1.06530045177788e-05 -6.01908013271168e-06 -0.000124038051992655
11800 7440 -5778 0.000127065229153260 8.51948462892324e-06 -6.25144003517926e-06 -0.000126625077843666
12000 7440 -5778 0.000123544991878023 4.42578201455763e-06 -3.68788355553988e-06 -0.000123516600936651
12000 7640 -5778 0.000121999051312069 5.96554215298966e-06 -3.73845215467736e-06 -0.000121840088099241
12000 7840 -5778 0.000120779427920817 7.09010545536876e-06 -3.52521772075124e-06 -0.0001202850565
12000 8040 -5778 0.000119632355080065 8.03487078659236e-06 -2.79004538925801e-06 -0.000119371216386557
12000 8240 -5778 0.000118639256042567 8.46056274883449e-06 -2.03142243420916e-06 -0.000118181087583303
12000 8440 -5778 0.000118223271450768 8.82564021088183e-06 -9.91624224818224e-07 -0.000117828504770994
12000 8640 -5778 0.000117944377616648 8.71924472320825e-06 -1.12281905029704e-07 -0.0001176913594
12000 8840 -5778 0.000118500870813413 8.75297914166003e-06 6.22557465519094e-07 -0.000117969663530588
12000 9040 -5778 0.000119096301730505 8.14551275689155e-06 1.43803780327585e-06 -0.000118808719187975
12000 9240 -5778 0.000119938560477237 7.04435149766505e-06 1.54809635746278e-06 -0.000119833502531052
12000 9440 -5778 0.0001211054001 5.71739407908171e-06 1.76660917806566e-06 -0.000120957465380430
12200 9440 -5778 0.000119104763237148 3.18687840034545e-06 2.77485684759995e-07 -0.000119133945971727
12200 9240 -5778 0.000118349803131693 4.00615042081517e-06 4.9887160581784e-07 -0.000118204369783402
12200 9040 -5778 0.000117668218668458 4.59948679618537e-06 2.11011288234658e-07 -0.000117734190315008
12200 8840 -5778 0.000117326194821561 5.21241187199485e-06 -8.63632073615008e-08 -0.000117238336086273
12200 8640 -5778 0.000117173166714239 5.29434944503009e-06 -5.40320456019799e-07 -0.000116986678212881
12200 8440 -5778 0.000117054148459331 5.50703929178417e-06 -9.45501215552213e-07 -0.0001169207091
12200 8240 -5778 0.000117592120264457 5.11276969546452e-06 -1.5861294346505e-06 -0.000117282779067755
12200 8040 -5778 0.000118208728258296 4.58574114122894e-06 -2.1270162806095e-06 -0.000118186643391848
12200 7840 -5778 0.000119078055358641 4.08295818488113e-06 -2.14315193100265e-06 -0.000119008609324694
12200 7640 -5778 0.000119999489594077 3.31452507976155e-06 -2.29196744490582e-06 -0.000119944139748812
12200 7440 -5778 0.000121242443531174 2.20536950632777e-06 -1.95077989848141e-06 -0.0001211792345
12400 7440 -5778 0.000119840486323617 7.71881027965719e-07 -9.80423061435431e-07 -0.000119833989888430
12400 7640 -5778 0.000118778025453559 1.5418900957502e-06 -1.12625682549606e-06 -0.000118963603079319
12400 7840 -5778 0.000118115048097580 1.89362678621546e-06 -1.1119921457057e-06 -0.000118036890417337
12400 8040 -5778 0.000117433759672890 2.35914100073569e-06 -1.12225922275502e-06 -0.000117420400828123
12400 8240 -5778 0.000116812668583684 2.40702484543726e-06 -1.17834582754313e-06 -0.000116771498471499
12400 8440 -5778 0.000116533147730326 2.54017016143916e-06 -6.7555912752141e-07 -0.000116503500699997
12400 8640 -5778 0.000116375371774592 2.69977567443857e-06 -7.1901874167861e-07 -0.000116275793224573
12400 8840 -5778 0.000116702620183342 2.80338628171739e-06 -4.8737515531252e-07 -0.000116639005929232
12400 9040 -5778 0.000116854190898565 2.47062944089521e-06 -2.43900245104669e-07 -0.000116850187569857
12400 9240 -5778 0.000117613289376059 2.22697535892439e-06 -2.34439419798946e-07 -0.000117415734887123
12400 9440 -5778 0.000117855718833297 1.73473431358616e-06 -3.26525579471081e-07 -0.000117842498868704
12600 9440 -5778 0.0001177222918 5.34811542068837e-07 -9.44299535349274e-07 -0.000117656749963760
12600 9240 -5778 0.000117219195043189 7.68951682351144e-07 -7.55232525692691e-07 -0.000117265632182360
12600 9040 -5778 0.000116658986215853 7.80372546883882e-07 -7.52506077158614e-07 -0.000116745591580868
12600 8840 -5778 0.000116410744364854 6.72648190503423e-07 -8.2459160190956e-07 -0.000116353677272797
12600 8640 -5778 0.000116039984983714 6.19644417771269e-07 -7.96235671477916e-07 -0.000116143974959850
12600 8440 -5778 0.000116237121763948 6.91092684021896e-07 -8.29094128959696e-07 -0.000116232110321522
12600 8240 -5778 0.000116442556633878 7.1922455049662e-07 -6.50680577852654e-07 -0.000116269211947918
12600 8040 -5778 0.0001168578163 5.00499352702263e-07 -3.78010268345861e-07 -0.000116977966994047
12600 7840 -5778 0.000117538222983113 5.0921302550978e-07 -4.47765311495459e-07 -0.000117649704575539
12600 7640 -5778 0.000118480512635952 3.95628138611755e-07 -3.99928056056751e-07 -0.000118434457957745
12600 7440 -5778 0.000119110261295416 1.76729927779888e-07 -1.37982650763661e-07 -0.000118897569149733
12800 7440 -5778 0.0001193677942 -4.41133690192146e-07 5.87560581004709e-07 -0.000119533584982157
12800 7640 -5778 0.000118652528631885 -8.2014960796414e-07 3.68044869266669e-07 -0.000118649123251438
12800 7840 -5778 0.000117582700213874 -1.09955065470513e-06 1.24340536443015e-07 -0.000117652470976114
12800 8040 -5778 0.000116844524571684 -1.14187333044902e-06 5.70169690065541e-08 -0.000116829581618309
12800 8240 -5778 0.000116321991060797 -1.24753390607384e-06 -3.87258133888508e-07 -0.000116435519486666
12800 8440 -5778 0.0001162561052 -1.42315522310855e-06 -8.04238458846157e-07 -0.000116089790284634
12800 8640 -5778 0.000116168279166825 -1.33413077669138e-06 -9.67981103909551e-07 -0.000116113355636597
12800 8840 -5778 0.000116225567958360 -1.21125887193648e-06 -1.20073901767955e-06 -0.000116291927665472
12800 9040 -5778 0.000116912819245632 -8.15059180556091e-07 -1.29527276447607e-06 -0.000117009826064110
12800 9240 -5778 0.000117521637820178 -7.51915780661875e-07 -1.51905793461629e-06 -0.000117544094830751
12800 9440 -5778 0.000118167113860764 -2.5829225719508e-07 -1.49398238471713e-06 -0.000118056732773781
13000 9440 -5778 0.000119554087924728 -1.39071143810725e-06 -2.25869440432143e-06 -0.000119476973026991
13000 9240 -5778 0.000118299307614135 -2.18969026864215e-06 -2.25300822831559e-06 -0.000118257580697536
13000 9040 -5778 0.000117554026383636 -2.95348014190677e-06 -2.0573129927825e-06 -0.000117519869238138
13000 8840 -5778 0.000116687274016179 -3.31806243502069e-06 -1.56128224852e-06 -0.000116766197562218
13000 8640 -5778 0.000116275366176621 -3.69907355109171e-06 -1.10073131936588e-06 -0.000116295842975378
13000 8440 -5778 0.000116160868611807 -3.58539739280968e-06 -4.91595237588854e-07 -0.000116201487749815
13000 8240 -5778 0.000116533313184144 -3.4210169902035e-06 1.06185285125321e-07 -0.000116377914935350
13000 8040 -5778 0.0001172667947 -3.37070160565054e-06 7.12176538943823e-07 -0.0001172161777
13000 7840 -5778 0.000118263747719450 -2.89367928198954e-06 1.07312839288261e-06 -0.000118215899735689
13000 7640 -5778 0.000119292113728401 -2.22807583102622e-06 1.39509387363069e-06 -0.000119291742056608
13000 7440 -5778 0.000120633697780201 -1.51684941265739e-06 1.45907165324024e-06 -0.000120652426093817
13200 7440 -5778 0.000122524017825212 -3.12254234972352e-06 3.17147791829939e-06 -0.000122285813122988
13200 7640 -5778 0.000120557496979705 -4.57277546491241e-06 2.889386423818e-06 -0.000120436087816954
13200 7840 -5778 0.000119097291344799 -5.55741024913732e-06 2.22252973189825e-06 -0.000118828338593245
13200 8040 -5778 0.000117499693768033 -6.26187056768686e-06 1.52891539130178e-06 -0.000117414757996798
13200 8240 -5778 0.000117115149 -6.65958624193445e-06 4.45365516126913e-07 -0.000116698130726814
13200 8440 -5778 0.000116507943426911 -6.80091238999739e-06 -5.56705247059654e-07 -0.000116149223119020
13200 8640 -5778 0.0001166559749 -6.75010690558702e-06 -1.45125068986818e-06 -0.000116451476633549
13200 8840 -5778 0.000117153984461399 -6.32291984418407e-06 -2.25410510994516e-06 -0.000116980646699667
13200 9040 -5778 0.000118321842924097 -5.76151976501569e-06 -3.18429509861926e-06 -0.000118165052980185
13200 9240 -5778 0.000119636505581723 -4.65471374732442e-06 -3.47504261014547e-06 -0.000119554263412952
13200 9440 -5778 0.000121571284048608 -3.58141888299724e-06 -3.38208314892836e-06 -0.0001213688786
13400 9440 -5778 0.000123942276511723 -7.16234801197424e-06 -5.37079994089436e-06 -0.000123618539
13400 9240 -5778 0.000121371897277973 -8.72695717867464e-06 -5.26808869850356e-06 -0.000120910683929920
13400 9040 -5778 0.000119052180030308 -9.82096453383565e-06 -4.5622149173887e-06 -0.000118559021353722
13400 8840 -5778 0.000117644145790920 -1.05487332753837e-05 -3.20272719852801e-06 -0.000116976617276669
13400 8640 -5778 0.000116500461883910 -1.12119482383132e-05 -2.05518905310782e-06 -0.000116002692848444
13400 8440 -5778 0.000116237871781277 -1.13048949409276e-05 -5.5747041811901e-07 -0.000115674258381128
13400 8240 -5778 0.000116741217587664 -1.10556886186823e-05 1.02273800726834e-06 -0.000116212037414312
13400 8040 -5778 0.000117837614675816 -1.06139869019389e-05 2.40576250976983e-06 -0.000117332703769207
13400 7840 -5778 0.0001196999623 -9.58252379484475e-06 3.81304440740496e-06 -0.000119222170770168
13400 7640 -5778 0.000121915784968187 -8.38683660887182e-06 4.6428717210656e-06 -0.000121568310499191
13400 7440 -5778 0.000125086339855124 -6.56480899639428e-06 5.21429179856205e-06 -0.000124839154154062
13600 7440 -5778 0.000127512672521999 -1.19429592657834e-05 8.53969585523009e-06 -0.000126664600312710
13600 7640 -5778 0.000123246632030839 -1.42354167811573e-05 7.35776611138135e-06 -0.000122043374091387
13600 7840 -5778 0.000119910429886978 -1.57471670750529e-05 5.91957683907822e-06 -0.000118658834636211
13600 8040 -5778 0.000117219497222470 -1.69592097774148e-05 3.7099421795599e-06 -0.0001159434356
13600 8240 -5778 0.000115522643566373 -1.73405058644712e-05 1.81039842717291e-06 -0.000114152928858995
13600 8440 -5778 0.000115091436187863 -1.78927172720432e-05 -3.93349536751884e-07 -0.000113691400855780
13600 8640 -5778 0.000115428341998539 -1.78618300594389e-05 -2.80881880825837e-06 -0.000113962204933167
13600 8840 -5778 0.000116680827654426 -1.74065927304327e-05 -4.92647562245838e-06 -0.000115306958556175
13600 9040 -5778 0.000119038508283226 -1.60798416063189e-05 -6.74090997502208e-06 -0.000117706784933805
13600 9240 -5778 0.000122435625645067 -1.50288774296641e-05 -8.00334345083684e-06 -0.000121220477491617
13600 9440 -5778 0.000126287754432572 -1.30333206281066e-05 -8.87557611241937e-06 -0.000125299455791712
13800 9440 -5778 0.000128037540666088 -2.24872444979846e-05 -1.42706322092563e-05 -0.000125139117270708
13800 9240 -5778 0.000122111255337521 -2.41963496170938e-05 -1.27062432635576e-05 -0.000119225553542376
13800 9040 -5778 0.000118015563683854 -2.51803225725889e-05 -1.01653104219586e-05 -0.000114778721213341
13800 8840 -5778 0.000114707819722689 -2.59948314353824e-05 -7.13816931843758e-06 -0.000111480289995670
13800 8640 -5778 0.000112819608547000 -2.65464479401708e-05 -3.94350810775359e-06 -0.000109609141141176
13800 8440 -5778 0.000112162593654210 -2.63850689530373e-05 -8.17661557734027e-07 -0.000109011957973242
13800 8240 -5778 0.000112961058029055 -2.63910850286484e-05 2.35024283557868e-06 -0.000109715679556131
13800 8040 -5778 0.0001147731151 -2.59099484831095e-05 5.6067404653877e-06 -0.000111738406717777
13800 7840 -5778 0.0001179643433 -2.48890984207392e-05 8.83883284684271e-06 -0.000115002998232842
13800 7640 -5778 0.000122565788 -2.35863861739635e-05 1.1347588993609e-05 -0.0001196233341
13800 7440 -5778 0.000128844615337395 -2.13806531354785e-05 1.36395124401897e-05 -0.0001263952423
14000 7440 -5778 0.000127570473765113 -3.55447350740433e-05 2.09040914326906e-05 -0.000120722063213587
14000 7640 -5778 0.000119596688310814 -3.70903385877609e-05 1.67429248020053e-05 -0.0001124584212
14000 7840 -5778 0.000113918413259958 -3.74945982098579e-05 1.25303595364094e-05 -0.000106925521433353
14000 8040 -5778 0.000109906409519557 -3.78613490909338e-05 8.01222893223167e-06 -0.000102800153493881
14000 8240 -5778 0.000107832302648977 -3.7954023770988e-05 3.61817078686363e-06 -0.000100850159779191
14000 8440 -5778 0.000106900220148229 -3.7797943584621e-05 -9.675262969904e-07 -9.99901816248894e-05
14000 8640 -5778 0.000107466903331868 -3.78828978538513e-05 -5.16292868088931e-06 -0.000100318204179406
14000 8840 -5778 0.000109536493837934 -3.78916613012552e-05 -9.71699678432197e-06 -0.000102174986764789
14000 9040 -5778 0.000113298759899527 -3.76262486428022e-05 -1.40610488560051e-05 -0.000106097876191139
14000 9240 -5778 0.000119277385350332 -3.72090450823307e-05 -1.84476219750941e-05 -0.000111747429221869
14000 9440 -5778 0.000126681683687080 -3.62417803630233e-05 -2.20190209597349e-05 -0.000119373133718967
14200 9440 -5778 0.000121014634356456 -5.50745207667351e-05 -3.25874181240797e-05 -0.0001027323759
14200 9240 -5778 0.000112502520899029 -5.34888218566775e-05 -2.54717288203537e-05 -9.5635912835598e-05
14200 9040 -5778 0.000106344334043511 -5.17701155021787e-05 -1.91872287206352e-05 -9.08033930808306e-05
14200 8840 -5778 0.000102248899284880 -5.10101975128055e-05 -1.30719808191061e-05 -8.74636251628399e-05
14200 8640 -5778 9.94555291345529e-05 -5.02821850553155e-05 -7.10483442619443e-06 -8.5513890504837e-05
14200 8440 -5778 9.8651392784007e-05 -4.99684827700257e-05 -1.49533617340785e-06 -8.50471163392067e-05
14200 8240 -5778 9.9387278007312e-05 -5.04207249507308e-05 3.96880756955943e-06 -8.55990558564663e-05
14200 8040 -5778 0.000101518484783666 -5.10724684596062e-05 1.00512704364955e-05 -8.70981643944979e-05
14200 7840 -5778 0.000105858420772863 -5.2475510276854e-05 1.62784966398031e-05 -9.04608475863933e-05
14200 7640 -5778 0.000112263057349708 -5.43093898743391e-05 2.27330606803298e-05 -9.55154653340578e-05
14200 7440 -5778 0.0001215306333 -5.58998144865036e-05 3.00676913261414e-05 -0.000103658708795905
14400 7440 -5778 0.0001118147928 -7.67527453303337e-05 3.80809557363391e-05 -7.18429174274206e-05
14400 7640 -5778 0.000102100138487255 -7.01538943350315e-05 2.83026330582798e-05 -6.86944166570902e-05
14400 7840 -5778 9.56028459304661e-05 -6.57674396932125e-05 1.9989462364465e-05 -6.6574455037713e-05
14400 8040 -5778 9.11880288657781e-05 -6.26033951342106e-05 1.20527245104313e-05 -6.51971258223057e-05
14400 8240 -5778 8.91294676847813e-05 -6.11495844274759e-05 5.40330167487264e-06 -6.46488030701876e-05
14400 8440 -5778 8.82022738819949e-05 -6.01338932812214e-05 -1.39401205941249e-06 -6.45105629116297e-05
14400 8640 -5778 8.87354214959388e-05 -6.04449122101069e-05 -7.96166177839041e-06 -6.45826110690832e-05
14400 8840 -5778 9.11862510587755e-05 -6.19459870159626e-05 -1.52194810770452e-05 -6.51909790933132e-05
14400 9040 -5778 9.57409150013527e-05 -6.44227944761515e-05 -2.3070236235857e-05 -6.69654031693935e-05
14400 9240 -5778 0.000102211352181416 -6.80414014160633e-05 -3.21715052500367e-05 -6.91557839810848e-05
14400 9440 -5778 0.000111549081025009 -7.38855052888393e-05 -4.26369138285518e-05 -7.1902338385582e-05
14600 9440 -5778 9.95785460424998e-05 -8.03675061315298e-05 -4.61751795783639e-05 -3.64414287060499e-05
14600 9240 -5778 9.07005512728604e-05 -7.38397739827633e-05 -3.50426640063524e-05 -3.94519629627466e-05
14600 9040 -5778 8.45902285941683e-05 -6.94239072203636e-05 -2.55941994152963e-05 -4.10874759107828e-05
14600 8840 -5778 8.01369794677789e-05 -6.63113801628351e-05 -1.69025624021888e-05 -4.17090975791216e-05
14600 8640 -5778 7.77135070080493e-05 -6.47197927385569e-05 -9.16356035042554e-06 -4.20329247266054e-05
14600 8440 -5778 7.68970834480163e-05 -6.42883339673281e-05 -2.06749329471859e-06 -4.22374464124441e-05
14600 8240 -5778 7.77411577941402e-05 -6.5207622513175e-05 5.01872735144571e-06 -4.19067047163844e-05
14600 8040 -5778 7.9638121753216e-05 -6.69664421528578e-05 1.25748167987913e-05 -4.1354581952095e-05
14600 7840 -5778 8.36600272182994e-05 -7.03090815097094e-05 2.07231996357441e-05 -4.02544614747167e-05
14600 7640 -5778 9.00588801336031e-05 -7.58959794491529e-05 2.97171335741878e-05 -3.84248582944274e-05
14600 7440 -5778 9.96473449758513e-05 -8.37986148893833e-05 4.1035886362195e-05 -3.49777291119099e-05
14800 7440 -5778 8.30447357387453e-05 -7.38648889958859e-05 3.72464877665043e-05 -7.28734907926991e-06
14800 7640 -5778 7.54735777416054e-05 -6.89524112790823e-05 2.78885037638247e-05 -1.32655371502042e-05
14800 7840 -5778 7.06340816961773e-05 -6.56155740320682e-05 1.97854192703962e-05 -1.71430731825531e-05
14800 8040 -5778 6.71889662060735e-05 -6.31046289503574e-05 1.23570891227573e-05 -1.95512947700918e-05
14800 8240 -5778 6.5398598105409e-05 -6.17455407232046e-05 5.06810060190037e-06 -2.08662043660879e-05
14800 8440 -5778 6.47711094652026e-05 -6.10278135091066e-05 -1.64379011263054e-06 -2.1598279081285e-05
14800 8640 -5778 6.55838055791738e-05 -6.14236794859171e-05 -8.48059448320419e-06 -2.13646125607193e-05
14800 8840 -5778 6.75789462307229e-05 -6.25731551200152e-05 -1.57039349693805e-05 -2.01169314980507e-05
14800 9040 -5778 7.13116745150628e-05 -6.476245200634e-05 -2.37083551809192e-05 -1.82570762746036e-05
14800 9240 -5778 7.68678859581677e-05 -6.80499096661806e-05 -3.26335985809564e-05 -1.45803788639605e-05
14800 9440 -5778 8.40478432471275e-05 -7.21401078850031e-05 -4.21946473643184e-05 -8.91239338740707e-06
15000 9440 -5778 6.82698721693396e-05 -5.82263095527887e-05 -3.4720232270658e-05 8.22105441428721e-06
15000 9240 -5778 6.30974021714247e-05 -5.65245968103409e-05 -2.8094144564122e-05 2.56582352862461e-06
15000 9040 -5778 5.92566730474929e-05 -5.52661002576351e-05 -2.12359039522707e-05 -1.32685332716756e-06
15000 8840 -5778 5.61176705903337e-05 -5.41033825576305e-05 -1.44156516510993e-05 -3.78848617512267e-06
15000 8640 -5778 5.42683698488199e-05 -5.33949756026268e-05 -8.18060324061662e-06 -5.27089502027957e-06
15000 8440 -5778 5.36798641999065e-05 -5.334706351161e-05 -1.93158681010118e-06 -5.81242487742566e-06
15000 8240 -5778 5.4043349075542e-05 -5.36438885629177e-05 4.16729781305185e-06 -5.06462516752072e-06
15000 8040 -5778 5.53584660120771e-05 -5.42622484862805e-05 1.03275876697153e-05 -3.70731930961483e-06
15000 7840 -5778 5.77112187954702e-05 -5.52108260542154e-05 1.67521346528083e-05 -6.47805555796594e-07
15000 7640 -5778 6.15701402480627e-05 -5.6786333039403e-05 2.35030879378319e-05 3.54397282708669e-06
15000 7440 -5778 6.66549237447829e-05 -5.82854453921318e-05 3.08041947931051e-05 9.80090622138232e-06
15200 7440 -5778 5.37894704570043e-05 -4.4033455580473e-05 2.41267044432461e-05 1.93038942068815e-05
15200 7640 -5778 5.03610196626525e-05 -4.43483180552721e-05 1.90542746260762e-05 1.45947176739574e-05
15200 7840 -5778 4.76246369182927e-05 -4.42730731368065e-05 1.38940926790237e-05 1.08393363403156e-05
15200 8040 -5778 4.56740760459078e-05 -4.40345804467797e-05 8.87823179829866e-06 8.20451257843524e-06
15200 8240 -5778 4.46468888918683e-05 -4.3975647598505e-05 3.61663715090799e-06 6.77833333238959e-06
15200 8440 -5778 4.43250597987374e-05 -4.38687751591206e-05 -1.37672046427542e-06 6.19242545077577e-06
15200 8640 -5778 4.48057540782181e-05 -4.38239512890577e-05 -6.47258953098208e-06 6.57504056068138e-06
15200 8840 -5778 4.61463938260645e-05 -4.3951314881444e-05 -1.19818404149264e-05 7.8911050716415e-06
15200 9040 -5778 4.87046454897698e-05 -4.44017890617251e-05 -1.72982934936881e-05 1.01219958150759e-05
15200 9240 -5778 5.16555469819809e-05 -4.44733627811074e-05 -2.2531226336956e-05 1.35826818272471e-05
15200 9440 -5778 5.53564899256382e-05 -4.45705594196916e-05 -2.72758569531143e-05 1.82711203098297e-05
15400 9440 -5778 4.68727185861209e-05 -3.395395411551e-05 -2.13443769812584e-05 2.41324205324054e-05
15400 9240 -5778 4.45835223863193e-05 -3.4881476841867e-05 -1.82198242470622e-05 2.094713139534e-05
15400 9040 -5778 4.19975461524517e-05 -3.49829307049513e-05 -1.43116369526833e-05 1.80913454182446e-05
15400 8840 -5778 4.00830010820202e-05 -3.52272840291262e-05 -1.00773110194132e-05 1.62934647183865e-05
15400 8640 -5778 3.85971468953348e-05 -3.50499326959252e-05 -5.77897873707115e-06 1.51207256577909e-05
15400 8440 -5778 3.78828700114487e-05 -3.4835327513516e-05 -1.73195475186549e-06 1.47855378687382e-05
15400 8240 -5778 3.80921963159103e-05 -3.48201510384679e-05 2.51741501878132e-06 1.51623269245029e-05
15400 8040 -5778 3.90629241066805e-05 -3.47864193022251e-05 6.91056296182796e-06 1.63311126548797e-05
15400 7840 -5778 4.05346820536581e-05 -3.43738224729896e-05 1.10295377653092e-05 1.8461790561676e-05
15400 7640 -5778 4.26969163964489e-05 -3.38164719715715e-05 1.50431370325387e-05 2.11196384914219e-05
15400 7440 -5778 4.53382841596455e-05 -3.28912217095494e-05 1.87025353983045e-05 2.50799155272543e-05
15600 7440 -5778 4.15757171884029e-05 -2.53214985877276e-05 1.48956656288356e-05 2.94190603941679e-05
15600 7640 -5778 3.94776365179909e-05 -2.61406005732715e-05 1.20393523704261e-05 2.69224016368389e-05
15600 7840 -5778 3.75995841897245e-05 -2.66906361356378e-05 8.91829759813845e-06 2.47481851093471e-05
15600 8040 -5778 3.59788547616828e-05 -2.70042847320437e-05 5.71233493648469e-06 2.30458627305925e-05
15600 8240 -5778 3.49960678892395e-05 -2.71065407805145e-05 2.17399297680913e-06 2.17999426349997e-05
15600 8440 -5778 3.45100868344145e-05 -2.70313593260944e-05 -1.15733215795035e-06 2.14222381785512e-05
15600 8640 -5778 3.51846805833364e-05 -2.71554575376213e-05 -4.54488791525364e-06 2.19685117602348e-05
15600 8840 -5778 3.64329890977469e-05 -2.7336029343307e-05 -7.9060389418155e-06 2.2698261000216e-05
15600 9040 -5778 3.82006416097615e-05 -2.71297727972269e-05 -1.13362086322159e-05 2.45073383226991e-05
15600 9240 -5778 4.05082028767681e-05 -2.70167739652097e-05 -1.45167296845466e-05 2.65972429215908e-05
15600 9440 -5778 4.3176406814207e-05 -2.65688488632441e-05 -1.73094645552337e-05 2.93032560013235e-05
15800 9440 -5778 4.32286649455631e-05 -2.10827880911529e-05 -1.42978085130453e-05 3.4898894071579e-05
15800 9240 -5778 4.02509823012636e-05 -2.09134411066771e-05 -1.20723954811692e-05 3.21054349839687e-05
15800 9040 -5778 3.79146748489458e-05 -2.0854265190661e-05 -9.65355915296823e-06 2.99404330775142e-05
15800 8840 -5778 3.55950943613593e-05 -2.04819314144552e-05 -6.89551061904058e-06 2.83256023526192e-05
15800 8640 -5778 3.43179977686496e-05 -2.03128105327487e-05 -4.11391143535729e-06 2.73530698791146e-05
15800 8440 -5778 3.38276308029748e-05 -2.03399743400514e-05 -1.39830738975343e-06 2.70026114806533e-05
15800 8240 -5778 3.43204120686631e-05 -2.04214535541832e-05 1.5416641611846e-06 2.74040016680956e-05
15800 8040 -5778 3.52548465976214e-05 -2.01993685029447e-05 4.15638786368072e-06 2.84037939868867e-05
15800 7840 -5778 3.68798936149461e-05 -2.00317046828568e-05 6.90930696297437e-06 3.01904413923621e-05
15800 7640 -5778 3.91182078333894e-05 -2.00161900296807e-05 9.57505597081035e-06 3.2188769236207e-05
15800 7440 -5778 4.22056203248601e-05 -2.02098522000015e-05 1.2204265890643e-05 3.49847417473793e-05
16000 7440 -5778 4.35605199770149e-05 -1.41456121355295e-05 9.25412756856531e-06 4.01897037252784e-05
16000 7640 -5778 4.01095414960331e-05 -1.3397389402613e-05 7.30351530387998e-06 3.69749026894569e-05
16000 7840 -5778 3.7357420977574e-05 -1.30919530503452e-05 5.26419103424996e-06 3.46601976752281e-05
16000 8040 -5778 3.55257382745813e-05 -1.32276936229318e-05 3.19895047909813e-06 3.28953512832522e-05
16000 8240 -5778 3.45969096800616e-05 -1.32901127431542e-05 1.13891858673924e-06 3.18958149626851e-05
16000 8440 -5778 3.44161785627757e-05 -1.34436840713024e-05 -1.10772065587571e-06 3.16318454071879e-05
16000 8640 -5778 3.46767802805185e-05 -1.35637696627527e-05 -2.90604757302936e-06 3.16425496637821e-05
16000 8840 -5778 3.58474573630336e-05 -1.36507783196867e-05 -4.97634825506248e-06 3.27131766304374e-05
16000 9040 -5778 3.77752859086081e-05 -1.37890722062439e-05 -7.32239958830178e-06 3.45818787068128e-05
16000 9240 -5778 4.06264827927483e-05 -1.42063167858869e-05 -9.10289864055812e-06 3.69571225047111e-05
16000 9440 -5778 4.40700397995195e-05 -1.45451487712562e-05 -1.09683334697038e-05 4.01371689885855e-05
16200 9440 -5778 4.32881181776233e-05 -5.98987054591999e-06 -7.04650941584259e-06 4.2292473629117e-05
16200 9240 -5778 4.00739603224254e-05 -6.23821173224132e-06 -6.17057837964967e-06 3.92881429418922e-05
16200 9040 -5778 3.78093217005023e-05 -6.34421203518286e-06 -5.06372548446234e-06 3.68557711988687e-05
16200 8840 -5778 3.61002172900471e-05 -6.24693338666111e-06 -3.80068765860051e-06 3.52275994941592e-05
16200 8640 -5778 3.50431391191607e-05 -6.26508617866785e-06 -2.71713811718473e-06 3.44140689447522e-05
16200 8440 -5778 3.46257259961069e-05 -6.19225405389443e-06 -1.05876496552992e-06 3.40964690074325e-05
16200 8240 -5778 3.48420111374146e-05 -6.04342726338655e-06 6.68733537697335e-07 3.43812512084842e-05
16200 8040 -5778 3.58176500683796e-05 -5.84947203239426e-06 2.09849841185132e-06 3.51958406344056e-05
16200 7840 -5778 3.73985387572169e-05 -5.62233352218755e-06 3.22581723568146e-06 3.68823372647166e-05
16200 7640 -5778 3.97767485925045e-05 -5.54425158118829e-06 4.43466207734309e-06 3.90818187072873e-05
16200 7440 -5778 4.29350285915511e-05 -5.23050358588807e-06 5.54768720362335e-06 4.2252593755722e-05
16400 7440 -5778 4.16666972027966e-05 3.53093342852662e-06 2.23226214544229e-06 4.13805066347122e-05
16400 7640 -5778 3.91671871322022e-05 2.5971734686027e-06 2.18441265121146e-06 3.91019928753376e-05
16400 7840 -5778 3.71400047384522e-05 2.02086348133162e-06 1.68799523930647e-06 3.71119692847133e-05
16400 8040 -5778 3.58332733482318e-05 1.52111959775721e-06 1.08520289898934e-06 3.57845219150186e-05
16400 8240 -5778 3.49579113356114e-05 1.2809080929851e-06 2.51585792553669e-07 3.49099798426032e-05
16400 8440 -5778 3.48091091598975e-05 1.04406665682473e-06 -6.1078887853364e-07 3.48708280771971e-05
16400 8640 -5778 3.49683908660589e-05 1.25123232390979e-06 -1.42704645847471e-06 3.48984495326877e-05
16400 8840 -5778 3.59167499173305e-05 1.10063465143685e-06 -2.28690480864316e-06 3.57869927585125e-05
16400 9040 -5778 3.7064552888127e-05 1.19935008317498e-06 -2.68912931508385e-06 3.69474115967751e-05
16400 9240 -5778 3.93218705304738e-05 1.41644312157223e-06 -3.22544088252471e-06 3.91637552082539e-05
16400 9440 -5778 4.17039214226774e-05 2.04384210630451e-06 -3.2722955764475e-06 4.16149339154363e-05
16600 9440 -5778 4.03731923124274e-05 9.05607786681503e-06 -1.57492150075996e-07 3.93146537318826e-05
16600 9240 -5778 3.83185911014639e-05 8.14834170555696e-06 -7.71850073817405e-07 3.74921248331666e-05
16600 9040 -5778 3.69943983748205e-05 7.6383041003719e-06 -1.0554631933785e-06 3.61528878509998e-05
16600 8840 -5778 3.5768966668651e-05 7.37099897302688e-06 -9.85893064951142e-07 3.49873600825667e-05
16600 8640 -5778 3.5096878950561e-05 7.36455049458891e-06 -7.77233046419497e-07 3.42425356432796e-05
16600 8440 -5778 3.47210161910449e-05 7.43652352644131e-06 -6.57121579793056e-07 3.41031641513109e-05
16600 8240 -5778 3.48530289230561e-05 7.68057675566524e-06 -3.06128562994672e-07 3.41884552389383e-05
16600 8040 -5778 3.56073071704082e-05 7.92010480724275e-06 1.39191907183886e-07 3.48022435158491e-05
16600 7840 -5778 3.67601129490252e-05 8.3561230795458e-06 2.1758814007444e-07 3.56887983903289e-05
16600 7640 -5778 3.82152655220456e-05 9.27048157248646e-06 -1.2495782455062e-07 3.70735630318522e-05
16600 7440 -5778 4.0222658290052e-05 1.03904643915594e-05 -3.97070691269619e-07 3.89152298122644e-05
16800 7440 -5778 3.9325956074448e-05 1.57605467941612e-05 -2.20053439183539e-06 3.58297830820084e-05
16800 7640 -5778 3.75622039760184e-05 1.4852249564603e-05 -1.47014425577458e-06 3.46816824823618e-05
16800 7840 -5778 3.66751996359627e-05 1.422426311858e-05 -9.38936117343474e-07 3.35446645393968e-05
16800 8040 -5778 3.55976126165856e-05 1.33484584130347e-05 -4.31083930654495e-07 3.30006794854999e-05
16800 8240 -5778 3.49381741546684e-05 1.2933140611276e-05 -4.37162305516722e-07 3.23982973992825e-05
16800 8440 -5778 3.4778270962017e-05 1.27300996724516e-05 -4.11867143407107e-07 3.25662930384278e-05
16800 8640 -5778 3.49624685882788e-05 1.27696708217263e-05 -1.67071045085095e-07 3.26916734054685e-05
16800 8840 -5778 3.55341166654915e-05 1.27856929376721e-05 -1.0303638629739e-07 3.31113531216979e-05
16800 9040 -5778 3.64420937549772e-05 1.31716128960252e-05 3.22288035210477e-07 3.40316149443388e-05
16800 9240 -5778 3.76690180222778e-05 1.36120851971209e-05 9.19531691156408e-07 3.51157721802592e-05
16800 9440 -5778 3.8888959686025e-05 1.42432200815529e-05 1.92577974083451e-06 3.61913167312741e-05
17000 9440 -5778 3.82220383762196e-05 1.85482338517904e-05 3.30939212915837e-06 3.30757095515728e-05
17000 9240 -5778 3.70586660904312e-05 1.80213723219931e-05 2.26721686969904e-06 3.21530279144645e-05
17000 9040 -5778 3.61304728965241e-05 1.73814769946039e-05 1.51749972516336e-06 3.16751999482512e-05
17000 8840 -5778 3.5484759314568e-05 1.72683388143778e-05 8.73955291721359e-07 3.09872364103794e-05
17000 8640 -5778 3.49396469467456e-05 1.70049982257187e-05 3.09944506330794e-07 3.05761254280806e-05
17000 8440 -5778 3.4976896182133e-05 1.71614792346954e-05 -1.99698945907585e-07 3.03935827612877e-05
17000 8240 -5778 3.50299944868367e-05 1.7386023208499e-05 -6.08017377253418e-07 3.04199089407921e-05
17000 8040 -5778 3.5447156889494e-05 1.77911334857345e-05 -1.12227952221292e-06 3.079998768121e-05
17000 7840 -5778 3.60698500588895e-05 1.82938158586621e-05 -1.64336115038805e-06 3.1057197868824e-05
17000 7640 -5778 3.70561010383922e-05 1.91320073753595e-05 -2.05051515984633e-06 3.15623247474432e-05
17000 7440 -5778 3.82803075156216e-05 1.99323093183339e-05 -3.37256919464198e-06 3.24335797950626e-05
17200 7440 -5778 3.76448173370257e-05 2.32196111641824e-05 -4.13038724660873e-06 2.92753042727709e-05
17200 7640 -5778 3.65159648062832e-05 2.23898231834173e-05 -2.96377794388718e-06 2.86565114110708e-05
17200 7840 -5778 3.59681855874375e-05 2.20075763650238e-05 -2.05560367815633e-06 2.84610476717353e-05
17200 8040 -5778 3.55389918339412e-05 2.16035199351609e-05 -1.31142801236115e-06 2.82063415236771e-05
17200 8240 -5778 3.50704848032117e-05 2.11619949750602e-05 -7.52983875339851e-07 2.79560706876218e-05
17200 8440 -5778 3.49219702830708e-05 2.092622596398e-05 1.20265211253354e-07 2.78815381117165e-05
17200 8640 -5778 3.51096840868627e-05 2.06817657537758e-05 7.59320236855274e-07 2.83288444653153e-05
17200 8840 -5778 3.51778732538873e-05 2.08485760577023e-05 1.41713721658198e-06 2.84217976033688e-05
17200 9040 -5778 3.59959671246204e-05 2.12210392914712e-05 1.98154310519976e-06 2.89382010623813e-05
17200 9240 -5778 3.65519990033965e-05 2.13383041098714e-05 3.14597472167225e-06 2.95137714445591e-05
17200 9440 -5778 3.74824606798051e-05 2.19306786507368e-05 4.38198377768276e-06 3.01606406569481e-05
17400 9440 -5778 3.68201329507096e-05 2.45685440227389e-05 5.0480612879619e-06 2.70087504349649e-05
17400 9240 -5778 3.62647357834879e-05 2.43769981004298e-05 3.82986907582381e-06 2.65225049220026e-05
17400 9040 -5778 3.58690146884816e-05 2.41872245520353e-05 2.82326529181591e-06 2.6340669862926e-05
17400 8840 -5778 3.55538990817594e-05 2.40197973437607e-05 1.94181084627598e-06 2.61411255709827e-05
17400 8640 -5778 3.52344932930634e-05 2.39818480946124e-05 1.04698805627027e-06 2.5713302988559e-05
17400 8440 -5778 3.51970267058049e-05 2.41356631889939e-05 3.42213045907556e-07 2.54686366096139e-05
17400 8240 -5778 3.51011145330645e-05 2.4152246773243e-05 -6.53043463506038e-07 2.54799408279359e-05
17400 8040 -5778 3.54044311488878e-05 2.45408362112939e-05 -1.27092999885826e-06 2.54950004443526e-05
17400 7840 -5778 3.5932289816136e-05 2.50698314718902e-05 -2.20807077961945e-06 2.569405131042e-05
17400 7640 -5778 3.64378776150945e-05 2.53894122801721e-05 -3.31499087723205e-06 2.5925036251545e-05
17400 7440 -5778 3.69997361271788e-05 2.61131531223655e-05 -4.50489401340019e-06 2.60073399320245e-05
17600 7440 -5778 3.67241002000939e-05 2.81588391289115e-05 -4.72704037060612e-06 2.30695280469954e-05
17600 7640 -5778 3.64996581085065e-05 2.80246534943581e-05 -3.48888968396932e-06 2.31447293795645e-05
17600 7840 -5778 3.56865727810578e-05 2.72758455052972e-05 -2.48446389351943e-06 2.28146069981158e-05
17600 8040 -5778 3.56703437531188e-05 2.72106666304171e-05 -1.50686328963275e-06 2.30148301757872e-05
17600 8240 -5778 3.53939794521009e-05 2.69279502369463e-05 -5.43769732907094e-07 2.28828337304294e-05
17600 8440 -5778 3.52822564367587e-05 2.67527301982045e-05 4.12157328499234e-07 2.30555324889719e-05
17600 8640 -5778 3.53225220671592e-05 2.66941743344069e-05 1.11848555354049e-06 2.31633936576545e-05
17600 8840 -5778 3.55820509147212e-05 2.67503583356738e-05 2.10049010829061e-06 2.3361861679703e-05
17600 9040 -5778 3.55716487570165e-05 2.65894810147583e-05 3.08016792408193e-06 2.3427638810128e-05
17600 9240 -5778 3.62171795297282e-05 2.68467073254287e-05 4.18494107044535e-06 2.38043800331652e-05
17600 9440 -5778 3.67195488831967e-05 2.72245435453951e-05 5.2721171178855e-06 2.39993822053075e-05
17800 9440 -5778 3.65719422542243e-05 2.91652004122734e-05 5.82395521993749e-06 2.146837817505e-05
17800 9240 -5778 3.61691387305139e-05 2.89692006520927e-05 4.62961580848787e-06 2.11979886107147e-05
17800 9040 -5778 3.59833474451394e-05 2.89667411968112e-05 3.51853682287037e-06 2.10940804742277e-05
17800 8840 -5778 3.56257305070195e-05 2.88563021346927e-05 2.60211594771681e-06 2.08434964045882e-05
17800 8640 -5778 3.55394481056245e-05 2.8851723626256e-05 1.53572738554612e-06 2.06674911752343e-05
17800 8440 -5778 3.56041971658407e-05 2.91004843451083e-05 5.02745211390902e-07 2.04979778565466e-05
17800 8240 -5778 3.5636528570176e-05 2.92000012099743e-05 -6.24123574067198e-07 2.04846318922937e-05
17800 8040 -5778 3.58691533125871e-05 2.9414167560637e-05 -1.60704600031227e-06 2.04007274620235e-05
17800 7840 -5778 3.63096761302816e-05 2.99381589442492e-05 -2.52715374722811e-06 2.03261520862579e-05
17800 7640 -5778 3.66356382537638e-05 3.01467525884509e-05 -3.55156258746138e-06 2.05116967074573e-05
17800 7440 -5778 3.68904491895818e-05 3.05516653880477e-05 -4.71121686755214e-06 1.99646311067045e-05
18000 7440 -5778 3.70835821727858e-05 3.23289702832699e-05 -4.5157840072643e-06 1.74374092072248e-05
18000 7640 -5778 3.6851555421746e-05 3.21250680834055e-05 -3.54747507997672e-06 1.75672848299146e-05
18000 7840 -5778 3.63651755825483e-05 3.16381638199091e-05 -2.53041298267544e-06 1.77932663299143e-05
18000 8040 -5778 3.60368957902557e-05 3.12731007933617e-05 -1.44263099476302e-06 1.79394113086164e-05
18000 8240 -5778 3.60828389698836e-05 3.12302726879716e-05 -5.74069376336411e-07 1.81191698014736e-05
18000 8440 -5778 3.59326915496244e-05 3.10465906336904e-05 5.60424374045397e-07 1.81010777764022e-05
18000 8640 -5778 3.58290906389422e-05 3.09126077070832e-05 1.54356677398027e-06 1.80183885283768e-05
18000 8840 -5778 3.59349251038462e-05 3.08822516575456e-05 2.67510945090908e-06 1.82182581946254e-05
18000 9040 -5778 3.6010340512887e-05 3.08690734505653e-05 3.62910311747692e-06 1.83953398242593e-05
18000 9240 -5778 3.61793841021323e-05 3.07531925812364e-05 4.6110780229792e-06 1.84912665747106e-05
18000 9440 -5778 3.6262409435076e-05 3.08316960856318e-05 5.95150497718714e-06 1.82730319499969e-05
18200 9440 -5778 3.71471840419925e-05 3.27956510260701e-05 5.89284094842151e-06 1.64004692099988e-05
18200 9240 -5778 3.65698087007423e-05 3.24406977891922e-05 5.01112048258074e-06 1.60543906968087e-05
18200 9040 -5778 3.67053396498557e-05 3.26566825434566e-05 3.90003917709691e-06 1.62113015949726e-05
18200 8840 -5778 3.63619934426397e-05 3.26131220087409e-05 2.85336762484076e-06 1.58257303405553e-05
18200 8640 -5778 3.63625231798442e-05 3.27045250684023e-05 1.73927066855322e-06 1.57994325719774e-05
18200 8440 -5778 3.64794424387393e-05 3.29345834925771e-05 6.53952498643776e-07 1.5672755882144e-05
18200 8240 -5778 3.64364720019441e-05 3.30196642279625e-05 -3.30557880042761e-07 1.53047444541007e-05
18200 8040 -5778 3.66648875975558e-05 3.32822341620922e-05 -1.2781554690664e-06 1.53641279451549e-05
18200 7840 -5778 3.67737693981455e-05 3.34218591675162e-05 -2.22800460415601e-06 1.53070647325367e-05
18200 7640 -5778 3.72382928366328e-05 3.37318823561072e-05 -3.26747075447929e-06 1.51981586702168e-05
18200 7440 -5778 3.75930041304832e-05 3.41083509102464e-05 -4.43784090812551e-06 1.51710225697607e-05
18400 7440 -5778 3.80597494263551e-05 3.56691113710403e-05 -4.36235729447799e-06 1.26097879298031e-05
18400 7640 -5778 3.79656731828189e-05 3.55326104834676e-05 -3.22542519419767e-06 1.28451541345567e-05
18400 7840 -5778 3.75603985222566e-05 3.52119427844882e-05 -2.18192301856106e-06 1.29455491956323e-05
18400 8040 -5778 3.71876761939841e-05 3.47990827932954e-05 -1.28805114602255e-06 1.30963177215308e-05
18400 8240 -5778 3.71500595398847e-05 3.465984351933e-05 -8.01316310971742e-08 1.33722006399185e-05
18400 8440 -5778 3.70244135650004e-05 3.44560280963779e-05 8.74603474537253e-07 1.3490951621905e-05
18400 8640 -5778 3.69154089005785e-05 3.42366625145078e-05 1.81157618840734e-06 1.34807717408985e-05
18400 8840 -5778 3.69585377172354e-05 3.42690927535295e-05 2.81944332261264e-06 1.37807297632098e-05
18400 9040 -5778 3.70308778824053e-05 3.41829984933138e-05 3.64454070728971e-06 1.37347631845623e-05
18400 9240 -5778 3.71946293786225e-05 3.42034678608179e-05 4.87527225638041e-06 1.38444867264479e-05
18400 9440 -5778 3.74066394120019e-05 3.43441552072763e-05 5.74902867851779e-06 1.36632479466498e-05
18600 9440 -5778 3.7941135254729e-05 3.57318094074726e-05 5.88525190530345e-06 1.15194410346448e-05
18600 9240 -5778 3.77901892550591e-05 3.56697770282626e-05 4.69882054603659e-06 1.14403468612582e-05
18600 9040 -5778 3.76502368534236e-05 3.56392600461841e-05 4.1455777799165e-06 1.15735712721944e-05
18600 8840 -5778 3.76199583784244e-05 3.57423675730824e-05 2.94780185048876e-06 1.13074098788202e-05
18600 8640 -5778 3.76346044101347e-05 3.58494540899992e-05 1.9776709190628e-06 1.13556039109826e-05
18600 8440 -5778 3.78612815355602e-05 3.61329191327095e-05 1.00696973356389e-06 1.12638717330992e-05
18600 8240 -5778 3.80074439841376e-05 3.63129486218095e-05 2.40054655056156e-07 1.12786406222731e-05
18600 8040 -5778 3.78709977376148e-05 3.62642492577434e-05 -9.97176226876263e-07 1.10522169694304e-05
18600 7840 -5778 3.82498393075845e-05 3.66127203255892e-05 -1.98002704094688e-06 1.07961585130543e-05
18600 7640 -5778 3.85413798444012e-05 3.69220875427127e-05 -3.0025566032491e-06 1.07530266493559e-05
18600 7440 -5778 3.88803261787463e-05 3.73037626966834e-05 -3.97334354900522e-06 1.01490719672292e-05
18800 7440 -5778 3.95866558183008e-05 3.85350663810968e-05 -3.63353285679114e-06 8.3035785574466e-06
18800 7640 -5778 3.9292722316583e-05 3.8251634888351e-05 -2.6639168841939e-06 8.49256378691643e-06
18800 7840 -5778 3.89192355218258e-05 3.78559124842286e-05 -1.68954675505301e-06 9.04042195063084e-06
18800 8040 -5778 3.88013550845398e-05 3.77615381255746e-05 -7.13887991103547e-07 8.84484552498907e-06
18800 8240 -5778 3.8673320519091e-05 3.7561084613204e-05 2.74734577342315e-08 9.22899029776454e-06
18800 8440 -5778 3.83694018256887e-05 3.72079202607274e-05 8.97415203427954e-07 9.32610917184502e-06
18800 8640 -5778 3.8628067542825e-05 3.74349559396505e-05 1.82755224853463e-06 9.34723897930235e-06
18800 8840 -5778 3.83924169592245e-05 3.71242170259356e-05 2.95648297150819e-06 9.46386909950525e-06
18800 9040 -5778 3.83705243611132e-05 3.69807883650064e-05 3.9727219901979e-06 9.34425512235612e-06
18800 9240 -5778 3.84684745354379e-05 3.69711933732033e-05 4.82492014719173e-06 9.4696641555056e-06
18800 9440 -5778 3.85056325120518e-05 3.69162704944611e-05 5.99067854438909e-06 9.33160339854658e-06
19000 9440 -5778 3.92826491586617e-05 3.81293381527066e-05 5.91795819858089e-06 7.35524829942733e-06
19000 9240 -5778 3.9250058142378e-05 3.82225794047117e-05 4.85873575438745e-06 7.54749531671405e-06
19000 9040 -5778 3.92052205428686e-05 3.8281525939703e-05 4.02765595103847e-06 7.46293063648045e-06
19000 8840 -5778 3.92592473700314e-05 3.84549725204706e-05 2.98925725435492e-06 7.46508401446044e-06
19000 8640 -5778 3.92507170711168e-05 3.85121333897114e-05 2.1961704616333e-06 7.19845019606873e-06
19000 8440 -5778 3.94537973445845e-05 3.87576863840222e-05 1.26243185623207e-06 7.26980996131897e-06
19000 8240 -5778 3.95667300099563e-05 3.88987700045109e-05 3.47463439768035e-07 7.24802848603576e-06
19000 8040 -5778 3.97734753370902e-05 3.91497762352228e-05 -5.57183349592378e-07 6.85471977293491e-06
19000 7840 -5778 3.98702366081576e-05 3.91558293476701e-05 -1.54483993601571e-06 6.68316863151267e-06
19000 7640 -5778 4.01384677101891e-05 3.94946819618344e-05 -2.56973140491027e-06 6.64403080102056e-06
19000 7440 -5778 4.04169973418442e-05 3.9788836568594e-05 -3.40824560899637e-06 6.22623646492138e-06
