# amount of points in x direction: 66 (distance of 200 steps)
# amount of points in y direction: 7 (distance of 200 steps)
# abs. coordinates of point 1: P1 (, , ) (offsets not corrected)
# Offsets of the hall probe have already been corrected for all following coordinates.
#
# X (absolute in steps=10um) Y (absolute in steps=10um) Z (absolute in steps=10um) Babs(in T) Bx By Bz
6000 7840 -1978 5.75158074616238e-05 5.47014701962471e-05 1.0672618988483e-06 1.77391718626022e-05
6000 8040 -1978 5.72617401304122e-05 5.44411169141531e-05 3.82207418856296e-07 1.77365685030818e-05
6000 8240 -1978 5.71755533161692e-05 5.42972916960716e-05 1.64702006418338e-07 1.78350525163114e-05
6000 8440 -1978 5.7020247203009e-05 5.41704127341509e-05 -2.01144502549141e-07 1.77605245932937e-05
6000 8640 -1978 5.66622976676137e-05 5.38873912170529e-05 -7.22581222955341e-07 1.7571973901242e-05
6000 8840 -1978 5.64708410454664e-05 5.36972124055028e-05 -1.17982457918083e-06 1.73748067654669e-05
6000 9040 -1978 5.62234876131403e-05 5.35546154975891e-05 -1.69655670386055e-06 1.69790339581668e-05
6200 9040 -1978 5.5553213350132e-05 5.19211491048336e-05 -2.05451942814875e-06 1.96155642867088e-05
6200 8840 -1978 5.58081816726143e-05 5.20374917313457e-05 -1.48580737812972e-06 2.00797867961228e-05
6200 8640 -1978 5.6063486229218e-05 5.23310036584735e-05 -1.03045678678086e-06 2.01369896307588e-05
6200 8440 -1978 5.63969294163452e-05 5.25450794994831e-05 -5.29538386258309e-07 2.04766416065395e-05
6200 8240 -1978 5.63525134888593e-05 5.25111276060343e-05 9.31704863523919e-08 2.04494149871171e-05
6200 8040 -1978 5.68219812362927e-05 5.29414831325412e-05 4.77602733685444e-07 2.04753803089261e-05
6200 7840 -1978 5.7084115284133e-05 5.32734223753214e-05 9.7827505703026e-07 2.04787031561136e-05
6400 7840 -1978 5.66698152872113e-05 5.16394998133182e-05 9.46338103298331e-07 2.32125815264881e-05
6400 8040 -1978 5.64799990998459e-05 5.14026355296373e-05 4.5248581156352e-07 2.34406115300953e-05
6400 8240 -1978 5.59915852853198e-05 5.09511697292328e-05 -2.05088722411347e-07 2.32162413969636e-05
6400 8440 -1978 5.58516148176924e-05 5.08030293360352e-05 -5.53054611057632e-07 2.30763098821044e-05
6400 8640 -1978 5.57549050156392e-05 5.08115097507834e-05 -1.13617449664525e-06 2.29847928062081e-05
6400 8840 -1978 5.53613346392395e-05 5.04644650369883e-05 -1.68826366664507e-06 2.26032917574048e-05
6400 9040 -1978 5.51081835675081e-05 5.0394307911396e-05 -2.27584598294743e-06 2.21567410938442e-05
6600 9040 -1978 5.48420543908328e-05 4.86882730349898e-05 -2.54746911655366e-06 2.51120170392096e-05
6600 8840 -1978 5.49247984253595e-05 4.86106199398637e-05 -1.95199464935854e-06 2.55258092656732e-05
6600 8640 -1978 5.52569526170851e-05 4.89097781479359e-05 -1.47962246094903e-06 2.57306022197008e-05
6600 8440 -1978 5.52767689824868e-05 4.87981611937285e-05 -8.78406955954233e-07 2.59950120821595e-05
6600 8240 -1978 5.58604010503564e-05 4.94052874669433e-05 -3.52605710704893e-07 2.60165137946606e-05
6600 8040 -1978 5.58453820869779e-05 4.93342256173492e-05 2.820883745826e-07 2.60822001695633e-05
6600 7840 -1978 5.63643772519983e-05 4.98361649289727e-05 8.84908351198191e-07 2.61173766739666e-05
6800 7840 -1978 5.60909143643455e-05 4.79351831898093e-05 8.671304971067e-07 2.91145491376519e-05
6800 8040 -1978 5.58403079250758e-05 4.75962197259069e-05 2.31313585993121e-07 2.92521221973002e-05
6800 8240 -1978 5.54990386800642e-05 4.73862983137369e-05 -5.98338562454955e-07 2.8972231272608e-05
6800 8440 -1978 5.5282857680651e-05 4.71708920150995e-05 -1.03004373032491e-06 2.88358383439481e-05
6800 8640 -1978 5.50628803179455e-05 4.69099564552307e-05 -1.84437359035292e-06 2.86228269338608e-05
6800 8840 -1978 5.47777198575798e-05 4.68509899452329e-05 -2.36670069187676e-06 2.82839541397989e-05
6800 9040 -1978 5.4480535531937e-05 4.66464044973254e-05 -3.23194414275349e-06 2.79792142175138e-05
7000 9040 -1978 5.46046798589717e-05 4.48463817834854e-05 -3.42026020189223e-06 3.08865212500095e-05
7000 8840 -1978 5.46446630076522e-05 4.46941453069449e-05 -2.89389969081094e-06 3.13108849003911e-05
7000 8640 -1978 5.49613863705232e-05 4.48677152767777e-05 -2.02706938411939e-06 3.17690574228764e-05
7000 8440 -1978 5.52945206345099e-05 4.50195535346866e-05 -1.31276137048826e-06 3.19018801525235e-05
7000 8240 -1978 5.53924473314756e-05 4.50750744491816e-05 -7.25407021316641e-07 3.21874924376607e-05
7000 8040 -1978 5.57324566097576e-05 4.53300829157233e-05 -1.29549081023015e-08 3.24236045926809e-05
7000 7840 -1978 5.62821127124803e-05 4.58935458213091e-05 7.80770940953516e-07 3.26316867917776e-05
7200 7840 -1978 5.66785981735848e-05 4.3677423261106e-05 5.69489936609898e-07 3.60803299769759e-05
7200 8040 -1978 5.60468958265657e-05 4.30863057002425e-05 -1.23941853726137e-07 3.57674144431949e-05
7200 8240 -1978 5.55705893192051e-05 4.28634476438165e-05 -9.47985221970157e-07 3.54423680454493e-05
7200 8440 -1978 5.53070599703703e-05 4.26362606585026e-05 -1.79811763602993e-06 3.51821962445974e-05
7200 8640 -1978 5.49257871344987e-05 4.24263666421175e-05 -2.23782278897488e-06 3.4748575001955e-05
7200 8840 -1978 5.48821925138791e-05 4.24500173926353e-05 -2.91194381226705e-06 3.45988668948412e-05
7200 9040 -1978 5.45275991531756e-05 4.22852649465203e-05 -3.72913790652819e-06 3.42028171345592e-05
7400 9040 -1978 5.49318115291879e-05 3.99235068038106e-05 -4.19122300576419e-06 3.76050023809075e-05
7400 8840 -1978 5.51202966794864e-05 3.98602832406759e-05 -3.54088451521238e-06 3.79060293734074e-05
7400 8640 -1978 5.54391410868977e-05 4.00073535963893e-05 -2.75272063558805e-06 3.82258531153202e-05
7400 8440 -1978 5.55247102147481e-05 4.00322311222553e-05 -2.03022663048159e-06 3.83936655372381e-05
7400 8240 -1978 5.58882181072697e-05 4.01088330447674e-05 -1.16700508197209e-06 3.88969632685184e-05
7400 8040 -1978 5.62510372159176e-05 4.04368968755007e-05 -3.80965153890429e-07 3.93418087139726e-05
7400 7840 -1978 5.67668805065424e-05 4.09033866450191e-05 3.85959633351376e-07 3.94091325998306e-05
7600 7840 -1978 5.74799293330923e-05 3.80696301534772e-05 -1.62773894442807e-07 4.3230743855238e-05
7600 8040 -1978 5.68430792190423e-05 3.73702522367239e-05 -1.04809779188327e-06 4.28194044083357e-05
7600 8240 -1978 5.64742146641255e-05 3.72893708646297e-05 -1.52341401164085e-06 4.23821956068277e-05
7600 8440 -1978 5.58473556718456e-05 3.69902915805578e-05 -2.32358295704762e-06 4.18285265415907e-05
7600 8640 -1978 5.55857673265108e-05 3.67489144802093e-05 -3.07538266527013e-06 4.15632643327117e-05
7600 8840 -1978 5.53910476515605e-05 3.67682038918138e-05 -3.94038914854173e-06 4.13211867511272e-05
7600 9040 -1978 5.5482070627917e-05 3.6966180883348e-05 -4.68095201032702e-06 4.11077890470624e-05
7800 9040 -1978 5.61777366237345e-05 3.37357980757952e-05 -4.7583931076806e-06 4.45978923141956e-05
7800 8840 -1978 5.6217625258495e-05 3.38236322179437e-05 -4.27575177971448e-06 4.47643220052123e-05
7800 8640 -1978 5.63199779974808e-05 3.35474060922861e-05 -3.34791497265178e-06 4.49898192286491e-05
7800 8440 -1978 5.6739515306841e-05 3.37662857919932e-05 -2.8895208335889e-06 4.54005356281996e-05
7800 8240 -1978 5.72674444503907e-05 3.40846534520388e-05 -2.16956817194659e-06 4.5968353971839e-05
7800 8040 -1978 5.76742705452735e-05 3.43615571409464e-05 -1.33647783868491e-06 4.6306094519794e-05
7800 7840 -1978 5.84859063921903e-05 3.47110967934132e-05 -4.79722400314131e-07 4.69487871676683e-05
8000 7840 -1978 5.97130107885053e-05 3.09176375046372e-05 -1.2057548145624e-06 5.09276335909963e-05
8000 8040 -1978 5.84263440675084e-05 3.01585814058781e-05 -1.82088563965954e-06 5.0156196705997e-05
8000 8240 -1978 5.79266320076898e-05 2.98857103362679e-05 -2.45982026281126e-06 4.94360236898065e-05
8000 8440 -1978 5.71899165425715e-05 2.93745452351868e-05 -3.10241344461247e-06 4.90598982572556e-05
8000 8640 -1978 5.69327601764649e-05 2.96090873964131e-05 -3.69515278879408e-06 4.84869773313403e-05
8000 8840 -1978 5.68166027319446e-05 2.97142493203282e-05 -4.35421321025206e-06 4.81398068666458e-05
8000 9040 -1978 5.6937318523069e-05 2.9977856554091e-05 -4.79373419377953e-06 4.82451562955975e-05
8200 9040 -1978 5.78900384772992e-05 2.54864894486964e-05 -5.15760887018405e-06 5.15973792225123e-05
8200 8840 -1978 5.77670960129335e-05 2.52564826197922e-05 -4.52511572680669e-06 5.16373912617564e-05
8200 8640 -1978 5.75391706349545e-05 2.49818700887263e-05 -4.15635017701425e-06 5.17548084706068e-05
8200 8440 -1978 5.79071243733995e-05 2.48648034892976e-05 -3.67264623683877e-06 5.21678854301572e-05
8200 8240 -1978 5.87478796471793e-05 2.51701254248619e-05 -3.30502082206658e-06 5.29803378880024e-05
8200 8040 -1978 5.95715011970022e-05 2.5305088289082e-05 -2.73200860184625e-06 5.39214615672827e-05
8200 7840 -1978 6.10327948440843e-05 2.63344840481877e-05 -2.07297013785501e-06 5.49906321018934e-05
8400 7840 -1978 6.25237694370133e-05 2.05204715505242e-05 -3.36539123362309e-06 5.90778412520886e-05
8400 8040 -1978 6.08774439592234e-05 1.98426525965333e-05 -3.75038963952102e-06 5.74305397719145e-05
8400 8240 -1978 5.95284887831155e-05 1.92941651456058e-05 -4.09367162029957e-06 5.61495004147291e-05
8400 8440 -1978 5.87470152543465e-05 1.92432795502245e-05 -4.23459495397401e-06 5.53597357720137e-05
8400 8640 -1978 5.85610357182424e-05 1.92820890322328e-05 -4.3135245317826e-06 5.50017534345388e-05
8400 8840 -1978 5.86512780549062e-05 1.98070267960429e-05 -4.40961855137721e-06 5.4943701967597e-05
8400 9040 -1978 5.89602392343775e-05 2.01825686953962e-05 -4.89774897438474e-06 5.52033010721207e-05
8600 9040 -1978 5.95941215829862e-05 1.33003552872688e-05 -4.2044123052583e-06 5.78222253322601e-05
8600 8840 -1978 5.87446492459761e-05 1.28264729753137e-05 -4.61299861967564e-06 5.70269359052181e-05
8600 8640 -1978 5.87272619592864e-05 1.23787426166236e-05 -4.45989094860852e-06 5.71633927375078e-05
8600 8440 -1978 5.90216343359669e-05 1.21209910381585e-05 -5.08323743985966e-06 5.7633480578661e-05
8600 8240 -1978 6.01618935579412e-05 1.23395389802754e-05 -5.04160481132567e-06 5.86666126102209e-05
8600 8040 -1978 6.17205394402302e-05 1.2696099286899e-05 -5.08701138138713e-06 6.01860147118568e-05
8600 7840 -1978 6.40819357141026e-05 1.36253482326865e-05 -5.05752178114926e-06 6.24258417189121e-05
8800 7840 -1978 6.48159629331009e-05 4.46496901544742e-06 -7.36096921516582e-06 6.41777215301991e-05
8800 8040 -1978 6.19377455458497e-05 3.79794161137761e-06 -6.9468491091393e-06 6.13991732001305e-05
8800 8240 -1978 5.99143716437291e-05 3.54542169301067e-06 -6.54712923569605e-06 5.9261538669467e-05
8800 8440 -1978 5.86438729262913e-05 3.68335016017227e-06 -5.94391381321475e-06 5.82254811227322e-05
8800 8640 -1978 5.78857862442876e-05 3.83228175097611e-06 -4.86378218908794e-06 5.75517797619105e-05
8800 8840 -1978 5.81339791178275e-05 4.52478417777456e-06 -3.60367178538945e-06 5.77894243299961e-05
8800 9040 -1978 5.90890072438914e-05 5.09708136029076e-06 -2.79179228427074e-06 5.88962598592043e-05
9000 9040 -1978 5.66586004014076e-05 -4.82343315181788e-06 -4.30845387977115e-07 5.66289872229099e-05
9000 8840 -1978 5.51370969772443e-05 -4.97247437248006e-06 -2.6441825275142e-06 5.50019342899322e-05
9000 8640 -1978 5.5230262537265e-05 -5.71591831976548e-06 -5.09940237423871e-06 5.46964923292399e-05
9000 8440 -1978 5.59118074099289e-05 -6.5793044725433e-06 -6.69302422413602e-06 5.50036595314741e-05
9000 8240 -1978 5.77554297327284e-05 -6.90992931602523e-06 -7.95716414880008e-06 5.67428464889526e-05
9000 8040 -1978 5.99060318150696e-05 -7.03683616081253e-06 -9.17850289773196e-06 5.87502306699753e-05
9000 7840 -1978 6.28012734286931e-05 -6.78915205225348e-06 -1.03896656511351e-05 6.16317060887814e-05
9200 7840 -1978 5.79440891882743e-05 -1.88143475241959e-05 -1.38865060899407e-05 5.30160612240434e-05
9200 8040 -1978 5.5303414995579e-05 -1.81678296141326e-05 -1.16919611711055e-05 5.09742019996047e-05
9200 8240 -1978 5.34557291497587e-05 -1.77785537987947e-05 -9.77330920286477e-06 4.92947213947773e-05
9200 8440 -1978 5.21844845064448e-05 -1.71301600374281e-05 -7.81647477811203e-06 4.8705012626946e-05
9200 8640 -1978 5.08883316818014e-05 -1.59338890183717e-05 -5.37696144753136e-06 4.79708914756775e-05
9200 8840 -1978 5.01483246541287e-05 -1.45907451473176e-05 -1.68396185635243e-06 4.78365229740739e-05
9200 9040 -1978 5.13085811191682e-05 -1.45920073129237e-05 2.48331985250843e-06 4.91173310875893e-05
9400 9040 -1978 4.72715778068657e-05 -2.21387134902179e-05 5.20145449694246e-06 4.13263617306948e-05
9400 8840 -1978 4.64399831141492e-05 -2.24691911041737e-05 -4.80271829548656e-07 4.0770190410316e-05
9400 8640 -1978 4.70427639766227e-05 -2.39664690755308e-05 -5.50343375443481e-06 4.03657144382596e-05
9400 8440 -1978 4.83648468973432e-05 -2.54802977368236e-05 -8.26504561770708e-06 4.02578473761678e-05
9400 8240 -1978 4.95870885474548e-05 -2.66347696147859e-05 -1.07870158944279e-05 4.04887881577015e-05
9400 8040 -1978 5.1270691165884e-05 -2.73039370700717e-05 -1.3106962017715e-05 4.13689054697752e-05
9400 7840 -1978 5.33283417648465e-05 -2.78999817594886e-05 -1.60822592135519e-05 4.24889514818788e-05
9600 7840 -1978 5.16719583285496e-05 -3.31426978558302e-05 -1.71841086670756e-05 3.58057233542204e-05
9600 8040 -1978 5.01576258528054e-05 -3.35901765599847e-05 -1.41322313230485e-05 3.44103607684374e-05
9600 8240 -1978 4.8637237847461e-05 -3.34279294386506e-05 -1.13221503067762e-05 3.34556158483028e-05
9600 8440 -1978 4.75837378533257e-05 -3.27614458203316e-05 -8.68639593478292e-06 3.33982978835702e-05
9600 8640 -1978 4.64752983507617e-05 -3.121795078367e-05 -5.32817564764991e-06 3.39643326401711e-05
9600 8840 -1978 4.6164630516482e-05 -2.94099191240966e-05 -4.15717656835796e-07 3.55366175919771e-05
9600 9040 -1978 4.68960758575562e-05 -2.81445872299373e-05 6.00177473388612e-06 3.69000168964267e-05
9800 9040 -1978 4.9809451811251e-05 -3.7092856541276e-05 7.3721288042143e-06 3.24260637387633e-05
9800 8840 -1978 4.82196072668809e-05 -3.78077671453357e-05 1.64612693740492e-06 2.98829974159598e-05
9800 8640 -1978 4.84698360113998e-05 -3.96969805732369e-05 -4.15219275059644e-06 2.74997096657753e-05
9800 8440 -1978 4.93958055574782e-05 -4.07291794270277e-05 -7.91827041096985e-06 2.67972674183547e-05
9800 8240 -1978 5.05483944977709e-05 -4.11539051830769e-05 -1.16970836203545e-05 2.67920924760401e-05
9800 8040 -1978 5.21083573195158e-05 -4.11810695901513e-05 -1.50817374382168e-05 2.81135440990329e-05
9800 7840 -1978 5.39246310975754e-05 -4.01811420693994e-05 -1.8649673320353e-05 3.09018486812711e-05
10000 7840 -1978 6.01868124540596e-05 -5.12448394298553e-05 -2.17186736278236e-05 2.29067247994244e-05
10000 8040 -1978 5.7923800747349e-05 -5.18517111763358e-05 -1.70965279489756e-05 1.91593472845852e-05
10000 8240 -1978 5.60576700778729e-05 -5.20237320438027e-05 -1.23077289797366e-05 1.69778243526816e-05
10000 8440 -1978 5.49218097154075e-05 -5.18989995494485e-05 -7.4939634129405e-06 1.64016189463437e-05
10000 8640 -1978 5.40246172899831e-05 -5.10778085663915e-05 -2.23290579999139e-06 1.75233245529234e-05
10000 8840 -1978 5.41697191355197e-05 -5.02248667702079e-05 3.86370662756963e-06 1.99221735820174e-05
10000 9040 -1978 5.59924612625013e-05 -4.97477524578571e-05 1.00360552929342e-05 2.35848880894482e-05
10200 9040 -1978 6.72249072247504e-05 -6.52074986547232e-05 1.43916581775993e-05 7.59261692222208e-06
10200 8840 -1978 6.54086634570536e-05 -6.48020312339067e-05 7.82249279785901e-06 4.15673119132407e-06
10200 8640 -1978 6.45804640573408e-05 -6.45731770247221e-05 9.08180219939823e-08 8.51280730781582e-07
10200 8440 -1978 6.53219698419713e-05 -6.49973555356264e-05 -6.50407990114763e-06 2.11767310294817e-07
10200 8240 -1978 6.68125174832994e-05 -6.55280337780714e-05 -1.30269888136536e-05 5.35578271656959e-07
10200 8040 -1978 6.90947323312307e-05 -6.60355564802885e-05 -1.9668785572052e-05 3.15859087999024e-06
10200 7840 -1978 7.17807131934967e-05 -6.64279746711254e-05 -2.62314845062792e-05 7.68423606455326e-06
10400 7840 -1978 9.24414345856325e-05 -8.4252322435379e-05 -3.17745457515121e-05 -2.0855811573565e-05
10400 8040 -1978 8.83782480734745e-05 -8.17184003442526e-05 -2.27647916302085e-05 -2.48137789778411e-05
10400 8240 -1978 8.55483965100465e-05 -7.99445264488459e-05 -1.4532279131934e-05 -2.67621691860259e-05
10400 8440 -1978 8.40660223739248e-05 -7.92873168438673e-05 -6.32013191957958e-06 -2.74815418273211e-05
10400 8640 -1978 8.36001812492587e-05 -7.92839652299881e-05 1.82507701820941e-06 -2.66313204169273e-05
10400 8840 -1978 8.41463915067817e-05 -7.98810716718435e-05 1.09928817562759e-05 -2.41256626583636e-05
10400 9040 -1978 8.66665264645106e-05 -8.17582654953003e-05 2.00325952656567e-05 -2.07324567809701e-05
10600 9040 -1978 0.000116964417146291 -9.38778074979782e-05 2.56303408369422e-05 -6.50167025327683e-05
10600 8840 -1978 0.000111973995660291 -9.05255995690822e-05 1.49008384570479e-05 -6.41970134824515e-05
10600 8640 -1978 0.000109495329794741 -8.82143164128065e-05 4.17981741717176e-06 -6.46921222507954e-05
10600 8440 -1978 0.000109764902220223 -8.81699776053429e-05 -5.02384089212865e-06 -6.50356001406908e-05
10600 8240 -1978 0.000112487726667221 -8.95318406224251e-05 -1.48492060694844e-05 -6.63883409053087e-05
10600 8040 -1978 0.000117371972918984 -9.2871726796031e-05 -2.49375886693597e-05 -6.73657623976469e-05
10600 7840 -1978 0.000125608787453409 -9.82965079694986e-05 -3.65745601356029e-05 -6.90367328375578e-05
10800 7840 -1978 0.000154045784085293 -9.36036555767059e-05 -3.44476890042424e-05 -0.000117409077554941
10800 8040 -1978 0.000142485651242028 -8.82640375941992e-05 -2.33393723554909e-05 -0.0001094865683
10800 8240 -1978 0.000135687432744441 -8.47744410932064e-05 -1.39031848516315e-05 -0.000105062709569931
10800 8440 -1978 0.000132384787016780 -8.34714547544718e-05 -4.77933971013408e-06 -0.000102556295663118
10800 8640 -1978 0.000132456428863799 -8.36731253117323e-05 4.1677157956874e-06 -0.000102622821658850
10800 8840 -1978 0.000135912280476521 -8.58321338891983e-05 1.40216766111553e-05 -0.0001045347473
10800 9040 -1978 0.000142959771121711 -8.93340189903974e-05 2.51014889553189e-05 -0.000109005307257175
11000 9040 -1978 0.0001491096371 -6.83019296228886e-05 1.7901358500123e-05 -0.0001313443942
11000 8840 -1978 0.000143642649896098 -6.73046220690012e-05 1.09199312366545e-05 -0.000126428057879210
11000 8640 -1978 0.000140703688341642 -6.62461977154016e-05 3.29478590257713e-06 -0.000124013440996408
11000 8440 -1978 0.000140487393275833 -6.60415599197149e-05 -3.22654511779547e-06 -0.000123771575272083
11000 8240 -1978 0.000142974748481410 -6.63659256249666e-05 -1.03247997500002e-05 -0.000126117909073830
11000 8040 -1978 0.000148399572989767 -6.74648510813713e-05 -1.73519883342087e-05 -0.000130916593611240
11000 7840 -1978 0.000156952584092213 -6.87579462975264e-05 -2.47748693525791e-05 -0.0001388312399
11200 7840 -1978 0.000149347246475616 -4.33219085112214e-05 -1.56834161225706e-05 -0.000141981719374657
11200 8040 -1978 0.000144238119372850 -4.44604369997978e-05 -1.17821072153747e-05 -0.000136834209412336
11200 8240 -1978 0.000140714530889509 -4.49816147685051e-05 -7.38264248659834e-06 -0.000133155692636967
11200 8440 -1978 0.000139037282317780 -4.52436425089836e-05 -2.83368527897255e-06 -0.000131344949334860
11200 8640 -1978 0.000139085758949739 -4.53747592940927e-05 1.49556510026468e-06 -0.000131282362014055
11200 8840 -1978 0.000140601095751475 -4.54237412512302e-05 6.25913771777414e-06 -0.000132962484419346
11200 9040 -1978 0.000144129839578818 -4.48947142511606e-05 1.04288872741163e-05 -0.000136468098670244
11400 9040 -1978 0.000137594884637278 -2.72428784146905e-05 5.37527293420862e-06 -0.000134478564888239
11400 8840 -1978 0.000135748894835039 -2.82855880521238e-05 3.5770177476079e-06 -0.000132679813712835
11400 8640 -1978 0.000134450130526726 -2.86284879744053e-05 6.5839906727706e-07 -0.000131419753372669
11400 8440 -1978 0.000134565425872933 -2.86361541971564e-05 -1.8659522591006e-06 -0.000131469930917025
11400 8240 -1978 0.000135733287654473 -2.79940965995193e-05 -5.05200501717627e-06 -0.000132658473193645
11400 8040 -1978 0.000138135523530486 -2.68501589149237e-05 -7.38090294320136e-06 -0.000135277949869633
11400 7840 -1978 0.000141286642067227 -2.5001689940691e-05 -9.78081828635186e-06 -0.000138665310531855
11600 7840 -1978 0.000134519534343798 -1.32242049183697e-05 -5.71594549156726e-06 -0.000133762883245945
11600 8040 -1978 0.000132519498421505 -1.52970141451806e-05 -4.80099368060473e-06 -0.000131575296461582
11600 8240 -1978 0.000130870928921291 -1.63391075059772e-05 -3.34983606688911e-06 -0.000129803744941950
11600 8440 -1978 0.000130186770129830 -1.67752307653427e-05 -1.81665776842601e-06 -0.000129085780262947
11600 8640 -1978 0.0001300895906 -1.70338602680713e-05 -1.62134406276891e-07 -0.0001288902933
11600 8840 -1978 0.000130660089733662 -1.62934269234538e-05 1.11079666379374e-06 -0.000129608591169119
11600 9040 -1978 0.000131796347162217 -1.54954483453184e-05 2.45828715139942e-06 -0.000130847049146891
11800 9040 -1978 0.000127089618133444 -7.97327743005008e-06 8.15819287716294e-07 -0.0001268457612
11800 8840 -1978 0.000126474026148519 -8.93377804849297e-06 2.56338178958686e-07 -0.000126241259515285
11800 8640 -1978 0.000126403485771153 -9.3367108553648e-06 -4.97215676370615e-07 -0.000125809065788984
11800 8440 -1978 0.000126294129879369 -9.13773725088686e-06 -1.23982075848289e-06 -0.000126010034739971
11800 8240 -1978 0.000127069236253337 -8.87000349164009e-06 -2.23737616302242e-06 -0.000126806998670101
11800 8040 -1978 0.000127963459666458 -7.79307982884347e-06 -3.11393992114608e-06 -0.000127687972396612
11800 7840 -1978 0.000129245586241493 -6.38795799296349e-06 -3.35277473081806e-06 -0.000129044079512358
12000 7840 -1978 0.000125294189949437 -2.14068288728413e-06 -1.86062819217932e-06 -0.000125413412958384
12000 8040 -1978 0.000124462078248082 -3.19978269471903e-06 -1.93587636007214e-06 -0.000124321781
12000 8240 -1978 0.000123862712894996 -3.73531824402744e-06 -1.65766715696554e-06 -0.000123867077440023
12000 8440 -1978 0.0001234957689 -4.30957574708736e-06 -1.11126226932538e-06 -0.000123415548413992
12000 8640 -1978 0.000123122632771219 -4.61730829020962e-06 -5.88866126284984e-07 -0.000123038598626852
12000 8840 -1978 0.000123214579542987 -4.06584467162611e-06 -2.54091977968983e-07 -0.000123227646321058
12000 9040 -1978 0.000123530790373630 -3.35860084552041e-06 -2.31078110804219e-07 -0.000123487980484962
12200 9040 -1978 0.000120959437535280 -4.64143995840914e-07 -4.40083941566627e-07 -0.000121111400455236
12200 8840 -1978 0.000120918611253140 -1.329028653774e-06 -4.65284576137492e-07 -0.000121083399891853
12200 8640 -1978 0.0001209868036 -1.34379384613658e-06 -5.77849160896676e-07 -0.000120977960616350
12200 8440 -1978 0.000120995954240833 -1.39136565017543e-06 -6.97921461833175e-07 -0.000121067212879658
12200 8240 -1978 0.000121520219268314 -1.01206250751511e-06 -1.00729126385681e-06 -0.000121536239117384
12200 8040 -1978 0.0001219843315 -6.43096762344612e-07 -1.0351122130196e-06 -0.000122018925428391
12200 7840 -1978 0.000122575415444733 1.36199256029613e-07 -1.01134162385551e-06 -0.000122592240631580
12400 7840 -1978 0.000121107057263153 1.25304198293634e-06 -3.96649559568686e-07 -0.000121107981681824
12400 8040 -1978 0.000120706382614392 9.76809407535257e-07 -5.21645918721333e-07 -0.000120701302945614
12400 8240 -1978 0.000120134357634510 7.11140908639209e-07 -5.55977589307076e-07 -0.000120245700687170
12400 8440 -1978 0.000119951198727034 7.22081455054649e-07 -5.3866155277592e-07 -0.000119904890060425
12400 8640 -1978 0.000119677600437733 4.96025821803414e-07 -6.58190119218943e-07 -0.000119518709480763
12400 8840 -1978 0.000119518270637555 4.66936169636483e-07 -5.46697565157046e-07 -0.000119550578236580
12400 9040 -1978 0.000119598102544100 6.9862542089686e-07 -4.80904262172544e-07 -0.000119595095157623
12600 9040 -1978 0.000119041934160488 1.72059714599891e-06 -3.86039899555726e-07 -0.000119168782919645
12600 8840 -1978 0.0001193814559 1.72246396922856e-06 -3.62765519418645e-07 -0.000119281349629164
12600 8640 -1978 0.000119546563428678 1.77646130626818e-06 -4.84648715115327e-07 -0.000119356649518013
12600 8440 -1978 0.000119637272446469 1.73036615180536e-06 -4.29401445982876e-07 -0.000119644364088774
12600 8240 -1978 0.000119990738773251 1.75334279143499e-06 -2.5773362337236e-07 -0.000119977651059628
12600 8040 -1978 0.000120319738345502 1.92489409971313e-06 -1.61598395134206e-07 -0.0001203588795
12600 7840 -1978 0.000120645917219684 2.10602570110132e-06 -3.53597975217781e-08 -0.000120743913978338
12800 7840 -1978 0.000121655222927117 2.56495000779978e-06 4.70131915546517e-07 -0.000121626039594412
12800 8040 -1978 0.000120956121978614 2.98910932685249e-06 2.3691860599456e-07 -0.000120907210767269
12800 8240 -1978 0.000120597295023588 2.87315892755214e-06 -3.71013884523564e-09 -0.000120548282176256
12800 8440 -1978 0.000120086952843181 3.16143154187012e-06 -2.17358055080695e-07 -0.000120045134633780
12800 8640 -1978 0.000119867616565649 2.94961313066597e-06 -3.21298623570328e-07 -0.000119935822755098
12800 8840 -1978 0.000119978911114339 2.65642156236572e-06 -5.85903658198731e-07 -0.000119940973341465
12800 9040 -1978 0.000119941623248301 2.61346050578322e-06 -4.46996881543782e-07 -0.000120044405013323
13000 9040 -1978 0.000121801863975098 3.73245420688181e-06 -3.10056576287025e-07 -0.000121698741346598
13000 8840 -1978 0.000121577561857578 4.22215707821306e-06 -1.64911203354677e-07 -0.000121504114091396
13000 8640 -1978 0.000121648869978766 4.59381660806685e-06 -8.82737413630821e-08 -0.000121517720043659
13000 8440 -1978 0.000121824036872429 4.53348796119099e-06 2.56717259110701e-07 -0.000121739383697510
13000 8240 -1978 0.000122311518931440 4.57717686118849e-06 4.83401171622291e-07 -0.000122131832689047
13000 8040 -1978 0.000122587801598339 4.33004696255375e-06 7.05194456615573e-07 -0.000122682606220245
13000 7840 -1978 0.000123282234484015 3.6884195895982e-06 7.52375147619205e-07 -0.000123359516322613
13200 7840 -1978 0.000126532750712955 5.56547525431961e-06 1.58156321393108e-06 -0.000126521982580423
13200 8040 -1978 0.0001253862766 6.35937788826413e-06 1.38759758160813e-06 -0.000125217216253281
13200 8240 -1978 0.000124408114928571 7.01790193002671e-06 9.19718491657477e-07 -0.000124286409229040
13200 8440 -1978 0.000124171028476398 7.0664529488422e-06 2.81151849754678e-07 -0.000123945037037134
13200 8640 -1978 0.000123811236763953 7.04031130019575e-06 -1.59057006280818e-08 -0.000123725927889347
13200 8840 -1978 0.000124100876831340 6.5449207010679e-06 -7.21005460012748e-07 -0.000123960404932499
13200 9040 -1978 0.000124908429413615 5.99736139015295e-06 -8.15564775939492e-07 -0.000124761701852083
13400 9040 -1978 0.000128394502058742 9.68603484239429e-06 -1.51194151100617e-06 -0.000128253489375114
13400 8840 -1978 0.000127370163922747 1.05592874623835e-05 -1.01874399760345e-06 -0.000127039862453938
13400 8640 -1978 0.000126715159479671 1.11204956658185e-05 -3.87035388393997e-08 -0.000126243595212698
13400 8440 -1978 0.000126895492926035 1.12685529179871e-05 8.21160835032288e-07 -0.0001263522019
13400 8240 -1978 0.000127711230725519 1.10321921054274e-05 1.51340048744169e-06 -0.000127224331766367
13400 8040 -1978 0.000128917916038187 1.02028641281649e-05 2.31367506039533e-06 -0.000128546029925346
13400 7840 -1978 0.000130694820166790 9.19832360092551e-06 2.78074797302543e-06 -0.000130258222937584
13600 7840 -1978 0.000135860067769710 1.52549517657608e-05 4.88383194536436e-06 -0.000134841748744249
13600 8040 -1978 0.000132997349446042 1.65841667782515e-05 3.97271506261313e-06 -0.000131812112659216
13600 8240 -1978 0.000130946404492187 1.75382268875837e-05 2.54009776907333e-06 -0.000129649052590132
13600 8440 -1978 0.000130091525687099 1.79218452256173e-05 9.76820074679381e-07 -0.000128883655339479
13600 8640 -1978 0.000129957273242784 1.80329726189375e-05 -4.64665537261681e-07 -0.0001286263976
13600 8840 -1978 0.000130997487150375 1.71736981235445e-05 -1.79480369340877e-06 -0.000129875853955746
13600 9040 -1978 0.000132839825934033 1.61308500673622e-05 -2.94910715045626e-06 -0.000131823813468218
13800 9040 -1978 0.000136927966630534 2.61465835794806e-05 -5.64958453830332e-06 -0.000134397180557251
13800 8840 -1978 0.000133923177268083 2.7048872679472e-05 -3.74888538039522e-06 -0.000130942283481359
13800 8640 -1978 0.000132373207436634 2.79897204227746e-05 -1.26214115777475e-06 -0.000129142642199993
13800 8440 -1978 0.000132062605614068 2.80043424554169e-05 1.2776641885448e-06 -0.000129018072962761
13800 8240 -1978 0.000133410671631403 2.77078117914498e-05 3.93988451082259e-06 -0.0001303964051
13800 8040 -1978 0.000136202087171400 2.69871325641871e-05 6.36374573782087e-06 -0.000133349938
13800 7840 -1978 0.000140621032510798 2.52288373708725e-05 8.58542587887496e-06 -0.000138103083342314
14000 7840 -1978 0.000143051872064653 4.12582188174129e-05 1.40131946112961e-05 -0.000136140562593937
14000 8040 -1978 0.000137026199026567 4.23483108058572e-05 1.02043053181842e-05 -0.000129734141021967
14000 8240 -1978 0.000132866208594865 4.27129347845912e-05 5.92404729966074e-06 -0.0001255453144
14000 8440 -1978 0.0001311526917 4.27757481336594e-05 1.85782489627309e-06 -0.000123966981083155
14000 8640 -1978 0.000131328949644132 4.28931742236018e-05 -2.40034201320304e-06 -0.000124088732481003
14000 8840 -1978 0.000133738859645194 4.23358719944954e-05 -6.35332196159288e-06 -0.000126667580634356
14000 9040 -1978 0.000138560137252810 4.18045188263059e-05 -1.0134888375178e-05 -0.000131793226331472
14200 9040 -1978 0.000132768724386942 6.30222947895527e-05 -1.7460624512285e-05 -0.000115663900464773
14200 8840 -1978 0.000127253999417436 6.18257698565722e-05 -1.12128635123372e-05 -0.000110659054040909
14200 8640 -1978 0.000123884927913346 6.15628555566072e-05 -4.36249896464869e-06 -0.000107284810990095
14200 8440 -1978 0.000123386671784173 6.11591706126928e-05 1.91809743113481e-06 -0.000106980938374996
14200 8240 -1978 0.000125158053762864 6.19405870884657e-05 8.44151247851551e-06 -0.000108445535331964
14200 8040 -1978 0.000130047546930827 6.30375928729773e-05 1.51378597933799e-05 -0.000112690794765949
14200 7840 -1978 0.000138064343652401 6.45087188184261e-05 2.19000049978495e-05 -0.000120086543649435
14400 7840 -1978 0.000121811126390014 8.84680839031935e-05 3.06842960864306e-05 -7.78364709764719e-05
14400 8040 -1978 0.000114360347027933 8.34286137968301e-05 2.01675844602287e-05 -7.57697505503893e-05
14400 8240 -1978 0.000109709652022668 8.01533858627081e-05 1.08738156910986e-05 -7.4217887878418e-05
14400 8440 -1978 0.000107699740922141 7.87163200229406e-05 2.56378876808958e-06 -7.3574916779995e-05
14400 8640 -1978 0.000107993882968586 7.89243171513081e-05 -6.1942126348149e-06 -7.34524516314268e-05
14400 8840 -1978 0.000111150503544487 8.0795834466815e-05 -1.55781564768404e-05 -7.47637030631304e-05
14400 9040 -1978 0.0001167782823 8.42306235581637e-05 -2.58722867630422e-05 -7.66354620903731e-05
14600 9040 -1978 0.000100308809465163 9.08738401979208e-05 -2.8736945413053e-05 -3.13991044461727e-05
14600 8840 -1978 9.5213207063356e-05 8.69496141523123e-05 -1.79146084226668e-05 -3.43591933250427e-05
14600 8640 -1978 9.19974786476303e-05 8.45154505521059e-05 -7.42200229782611e-06 -3.56292450800538e-05
14600 8440 -1978 9.16321854773357e-05 8.42267320603132e-05 1.7937771485158e-06 -3.59106781855226e-05
14600 8240 -1978 9.35785316078306e-05 8.59649647772312e-05 1.1552407104522e-05 -3.51213368028402e-05
14600 8040 -1978 9.77634968244274e-05 8.95836243182421e-05 2.1264508664608e-05 -3.27098238170147e-05
14600 7840 -1978 0.000105452319188713 9.5970880240202e-05 3.32358520403504e-05 -2.83622762449086e-05
14800 7840 -1978 8.68172088816805e-05 8.2214579358697e-05 2.78069783076644e-05 2.27836651464531e-06
14800 8040 -1978 8.11151596830532e-05 7.88985476791859e-05 1.85458742342889e-05 -3.36588865994418e-06
14800 8240 -1978 7.76560948461757e-05 7.66919942349196e-05 1.02533182678744e-05 -6.60882376274094e-06
14800 8440 -1978 7.59029589087695e-05 7.54480604082346e-05 2.07182651977928e-06 -8.03473002742976e-06
14800 8640 -1978 7.61682558533614e-05 7.5538048774004e-05 -5.90059542120434e-06 -7.61060504708439e-06
14800 8840 -1978 7.85082170610238e-05 7.68817973136902e-05 -1.47784828655422e-05 -5.70179001102224e-06
14800 9040 -1978 8.2757293819027e-05 7.91753207594156e-05 -2.40603970512748e-05 -1.28199570851666e-06
15000 9040 -1978 6.52577233787465e-05 6.11934091746807e-05 -1.77928678058088e-05 1.41746731065214e-05
15000 8840 -1978 6.2825084587079e-05 6.0989549100399e-05 -1.17039198260754e-05 1.01240785997361e-05
15000 8640 -1978 6.10697593189006e-05 6.02325659990311e-05 -4.80616674968041e-06 7.9031273862347e-06
15000 8440 -1978 6.08356198524613e-05 6.03312936872244e-05 1.50885735605425e-06 7.59256152808666e-06
15000 8240 -1978 6.18343588521562e-05 6.06688424050808e-05 8.03775123227388e-06 8.86088662873954e-06
15000 8040 -1978 6.42315060182426e-05 6.14620564430952e-05 1.42535338755697e-05 1.21755463834852e-05
15000 7840 -1978 6.78685407336243e-05 6.2206375554204e-05 2.09594044610858e-05 1.71830017194152e-05
15200 7840 -1978 5.23359584165415e-05 4.46567543372512e-05 1.48779807686806e-05 2.28795219287276e-05
15200 8040 -1978 4.9822505886002e-05 4.49149054810405e-05 1.05556656466797e-05 1.88015437759459e-05
15200 8240 -1978 4.8111527774085e-05 4.49516472071409e-05 6.10622996697203e-06 1.60642363894731e-05
15200 8440 -1978 4.73355698945578e-05 4.49207104593515e-05 1.40286051484327e-06 1.48746078014374e-05
15200 8640 -1978 4.74436907819662e-05 4.47811013236642e-05 -2.83257334214545e-06 1.532218673639e-05
15200 8840 -1978 4.82310498008106e-05 4.45113429948688e-05 -7.54625406907872e-06 1.69714041613042e-05
15200 9040 -1978 5.03184531274817e-05 4.44479752406478e-05 -1.20369481351227e-05 2.03244947195053e-05
15400 9040 -1978 3.77469701476233e-05 3.04995061829686e-05 -7.48973237350583e-06 2.09202484823763e-05
15400 8840 -1978 3.68775366077247e-05 3.13648861199617e-05 -4.83800513180904e-06 1.88436263427138e-05
15400 8640 -1978 3.63630337842659e-05 3.19805608168244e-05 -1.66763765586165e-06 1.71004958190024e-05
15400 8440 -1978 3.64629031533631e-05 3.22649691924453e-05 1.36722311538779e-06 1.69188825394958e-05
15400 8240 -1978 3.67210271694335e-05 3.18810725063086e-05 4.31473343555172e-06 1.77035060822964e-05
15400 8040 -1978 3.78440261631538e-05 3.14053128436208e-05 7.45839575119317e-06 1.96898733749986e-05
15400 7840 -1978 3.93288400615481e-05 3.04005002304912e-05 1.01693581147119e-05 2.29449400343001e-05
15600 7840 -1978 2.93654472215884e-05 2.04996721297502e-05 6.69398842961527e-06 1.98670836426318e-05
15600 8040 -1978 2.85204038636404e-05 2.15242640823126e-05 5.13478969945572e-06 1.80182940401137e-05
15600 8240 -1978 2.79356834515913e-05 2.21893848925829e-05 3.30802363065595e-06 1.6958000857383e-05
15600 8440 -1978 2.7681821584391e-05 2.24092302471399e-05 1.24556749622934e-06 1.62014334611595e-05
15600 8640 -1978 2.76806069419814e-05 2.23985099568963e-05 -7.08498974116083e-07 1.62487163059413e-05
15600 8840 -1978 2.80176908672001e-05 2.17897759415209e-05 -2.41536811334504e-06 1.73102645650506e-05
15600 9040 -1978 2.82284849103086e-05 2.05085507370532e-05 -4.21983558801003e-06 1.89983336031437e-05
15800 9040 -1978 2.19697760336041e-05 1.40908892508596e-05 -2.1802466317431e-06 1.67621205635369e-05
15800 8840 -1978 2.15977889479967e-05 1.49124314170331e-05 -1.05925294533517e-06 1.55594194736332e-05
15800 8640 -1978 2.15875296100099e-05 1.57637520711869e-05 1.2854990237156e-07 1.47481873538345e-05
15800 8440 -1978 2.17495177673786e-05 1.60647975821048e-05 1.41979513746537e-06 1.45975008904934e-05
15800 8240 -1978 2.19644212426446e-05 1.57306080777198e-05 2.63915449309934e-06 1.51465814802796e-05
15800 8040 -1978 2.21786790519428e-05 1.50123294331133e-05 3.61585653941802e-06 1.59067091457546e-05
15800 7840 -1978 2.33215652077372e-05 1.43357543088496e-05 4.55978336010594e-06 1.78421432115138e-05
16000 7840 -1978 1.85046267797123e-05 9.69926892314106e-06 2.92097101791569e-06 1.54887428823858e-05
16000 8040 -1978 1.77181138631604e-05 1.06061565903947e-05 2.44462840196138e-06 1.39808724056929e-05
16000 8240 -1978 1.70861060439498e-05 1.09203693401068e-05 2.0159716029018e-06 1.30681913346052e-05
16000 8440 -1978 1.69517204558557e-05 1.11153550818563e-05 1.37576552257997e-06 1.28342305403203e-05
16000 8640 -1978 1.68745103486145e-05 1.08295507635921e-05 6.7382055561643e-07 1.29219693485647e-05
16000 8840 -1978 1.71209911603452e-05 1.03747328873724e-05 8.86117619438664e-08 1.34605013541877e-05
16000 9040 -1978 1.76304567902645e-05 9.53341460973024e-06 -5.30247356862674e-07 1.48211285080761e-05
16200 9040 -1978 1.27302013516493e-05 5.63799004349858e-06 1.26242397463921e-06 1.14442978594452e-05
16200 8840 -1978 1.21583797384379e-05 6.47704817680642e-06 1.06343197472961e-06 1.02602881323546e-05
16200 8640 -1978 1.21065281069811e-05 7.12456386350095e-06 1.12762035534161e-06 9.58260010834783e-06
16200 8440 -1978 1.2045053619403e-05 7.17841756949201e-06 1.27740248358418e-06 9.50107749551535e-06
16200 8240 -1978 1.21996651878071e-05 7.27081621252e-06 1.490067598206e-06 9.68229109514505e-06
16200 8040 -1978 1.24832324671062e-05 6.63668185705319e-06 1.30780550552004e-06 1.04916724842042e-05
16200 7840 -1978 1.30568781631496e-05 5.83250586036593e-06 1.13177278512103e-06 1.15767729431391e-05
16400 7840 -1978 7.51730713358184e-06 3.43850324634695e-06 1.42070891494768e-07 6.89173026988283e-06
16400 8040 -1978 7.509142996796e-06 4.20389712801989e-06 4.62253052988672e-07 6.13768609287217e-06
16400 8240 -1978 7.50468779105515e-06 4.72222405672074e-06 1.08251535484305e-06 5.75594747415744e-06
16400 8440 -1978 7.30070439571484e-06 4.57358652271796e-06 1.45028442467446e-06 5.41762486449443e-06
16400 8640 -1978 7.65776995464984e-06 4.7219122601673e-06 1.63237770790147e-06 5.80347553663887e-06
16400 8840 -1978 7.73641928723712e-06 4.18987531150924e-06 2.18211498745586e-06 6.09428045898676e-06
16400 9040 -1978 7.97521932818946e-06 3.23286614637709e-06 2.55832999348058e-06 6.77277065766976e-06
16600 9040 -1978 5.0963167172076e-06 2.64676584133031e-06 3.4984555447918e-06 2.61944450731335e-06
16600 8840 -1978 4.68318754702087e-06 3.11640475626518e-06 2.8072075767268e-06 2.05958113537054e-06
16600 8640 -1978 4.5259785028131e-06 3.62058852252085e-06 2.11680007930318e-06 1.81604710988427e-06
16600 8440 -1978 4.15380961991728e-06 3.63344669278013e-06 1.5609898773655e-06 1.16227259113839e-06
16600 8240 -1978 3.96760052792735e-06 3.6288164229336e-06 8.65192582404916e-07 1.21285370421651e-06
16600 8040 -1978 3.84705967632874e-06 3.45082462026039e-06 1.14153151672326e-07 1.51113853494735e-06
16600 7840 -1978 3.12452168500226e-06 2.42146683852843e-06 -8.88416926754872e-07 1.81234990540543e-06
16800 7840 -1978 4.11752259060792e-06 3.07547872488067e-06 -1.16342018749856e-06 -2.46858292828983e-06
16800 8040 -1978 4.28352949294542e-06 3.36947469832376e-06 -6.23513423518034e-08 -2.64412130667188e-06
16800 8240 -1978 4.80282079949645e-06 3.87945048353868e-06 7.7899706563403e-07 -2.44652034200408e-06
16800 8440 -1978 4.83412461623215e-06 3.79738843459927e-06 1.74062203188441e-06 -2.43990625147671e-06
16800 8640 -1978 5.11031569190651e-06 3.89544244724675e-06 2.46869189986319e-06 -2.25250841898014e-06
16800 8840 -1978 5.12972599712857e-06 3.37774308284497e-06 3.2651163739647e-06 -1.96684064120564e-06
16800 9040 -1978 5.38565003268771e-06 2.93515382790429e-06 4.24810582317878e-06 -1.58692449408682e-06
17000 9040 -1978 8.08378726029984e-06 4.10660051723244e-06 4.74130721908295e-06 -5.09935824549757e-06
17000 8840 -1978 7.9327824572526e-06 4.52511246088761e-06 3.82216617884114e-06 -5.39340966823511e-06
17000 8640 -1978 7.87540275469356e-06 4.78426097589545e-06 2.84462136863294e-06 -5.63017641170882e-06
17000 8440 -1978 7.91842113393763e-06 4.90252114436589e-06 1.71453647322869e-06 -5.83510039118119e-06
17000 8240 -1978 7.80782749597293e-06 4.91075957538851e-06 7.95586350839585e-07 -6.07561216969043e-06
17000 8040 -1978 7.75259193756311e-06 4.68343284737784e-06 9.00274093955886e-08 -6.1773808025755e-06
17000 7840 -1978 7.79062929670299e-06 4.31734795637021e-06 -1.00418403839285e-06 -6.26361853443086e-06
17200 7840 -1978 1.15338411775488e-05 6.4450445449911e-06 -8.56635569207356e-07 -9.44687425903976e-06
17200 8040 -1978 1.17406457472505e-05 6.72735594864935e-06 9.14362176263238e-09 -9.57040138076991e-06
17200 8240 -1978 1.13063940654452e-05 6.64252125378698e-06 1.00996763302283e-06 -9.14934829063714e-06
17200 8440 -1978 1.13325046139753e-05 6.63531984621659e-06 2.07105006357597e-06 -8.95035993680358e-06
17200 8640 -1978 1.12478297856748e-05 6.53756778244861e-06 3.05333960708231e-06 -8.58091182820499e-06
17200 8840 -1978 1.1312858290749e-05 6.40169259835966e-06 3.8695074133575e-06 -8.52865854278207e-06
17200 9040 -1978 1.13549006003794e-05 5.93548032036051e-06 5.10652910731733e-06 -8.30044602043927e-06
17400 9040 -1978 1.45159923109461e-05 7.95882435236126e-06 5.17582739028148e-06 -1.10577730638906e-05
17400 8840 -1978 1.45639882655105e-05 8.1764699742198e-06 4.16722205582482e-06 -1.13016358874738e-05
17400 8640 -1978 1.46323797801128e-05 8.59742036834359e-06 3.19657570932759e-06 -1.14005615990609e-05
17400 8440 -1978 1.46548635878952e-05 8.57361551281065e-06 2.30301433071691e-06 -1.17846330236644e-05
17400 8240 -1978 1.46126967120111e-05 8.67917350679636e-06 1.23301112394165e-06 -1.1771155718714e-05
17400 8040 -1978 1.46387717128054e-05 8.46733090933412e-06 3.70052343893121e-07 -1.19795886687934e-05
17400 7840 -1978 1.51346750911416e-05 8.53609020635486e-06 -8.10840236098556e-07 -1.25219582729042e-05
17600 7840 -1978 1.83772241686142e-05 1.09939917270094e-05 -2.26101393292083e-07 -1.47242450471967e-05
17600 8040 -1978 1.80785359180317e-05 1.08662132890895e-05 5.90771276227315e-07 -1.45054261106998e-05
17600 8240 -1978 1.8091144046205e-05 1.12131538614631e-05 1.45734590101074e-06 -1.40942994095385e-05
17600 8440 -1978 1.79039859100891e-05 1.08286227919161e-05 2.53298495616764e-06 -1.39949374366552e-05
17600 8640 -1978 1.79712672153615e-05 1.06945544015616e-05 3.57081768650096e-06 -1.39405782707036e-05
17600 8840 -1978 1.76439368776683e-05 1.05911234598607e-05 4.3423212521302e-06 -1.34268707651645e-05
17600 9040 -1978 1.77433986721365e-05 1.03130688648671e-05 5.40748157573398e-06 -1.33413178380579e-05
17800 9040 -1978 2.06147936662132e-05 1.26911258846521e-05 5.35750116495183e-06 -1.54476824589074e-05
17800 8840 -1978 2.0708825830484e-05 1.28391145244241e-05 4.78727355238516e-06 -1.5504485398531e-05
17800 8640 -1978 2.10773414633107e-05 1.33453318998218e-05 3.71767388252556e-06 -1.59222779814154e-05
17800 8440 -1978 2.09694559826019e-05 1.32904958091676e-05 2.72639130050084e-06 -1.59063951727003e-05
17800 8240 -1978 2.11306398090627e-05 1.34875540435314e-05 1.80657224045081e-06 -1.60815593283623e-05
17800 8040 -1978 2.11718633031518e-05 1.33467650972307e-05 8.3433346217862e-07 -1.65387620702386e-05
17800 7840 -1978 2.14495276829042e-05 1.34261362142861e-05 -3.9921640052853e-08 -1.67895401474089e-05
18000 7840 -1978 2.43997765693716e-05 1.60819514077157e-05 4.87692092296129e-07 -1.83542343266308e-05
18000 8040 -1978 2.41568740864949e-05 1.58239974286407e-05 1.16620141830208e-06 -1.82716561146081e-05
18000 8240 -1978 2.40734997413841e-05 1.60187659654766e-05 2.32798697421663e-06 -1.78188945613801e-05
18000 8440 -1978 2.38029182793231e-05 1.56843920703977e-05 3.07448627356098e-06 -1.76086934544146e-05
18000 8640 -1978 2.36335972254629e-05 1.55274633150548e-05 3.72814127019956e-06 -1.75565696768463e-05
18000 8840 -1978 2.35855542763358e-05 1.53478397428989e-05 4.8789896996459e-06 -1.7281330421567e-05
18000 9040 -1978 2.36754244088017e-05 1.52945347633213e-05 5.66506595327519e-06 -1.71595650352538e-05
18200 9040 -1978 2.62260776311575e-05 1.75205585993826e-05 5.75814740732312e-06 -1.86462037079036e-05
18200 8840 -1978 2.64378931653874e-05 1.78094626627862e-05 5.09437219845131e-06 -1.88455355204642e-05
18200 8640 -1978 2.65392013337909e-05 1.80738923810422e-05 4.16486512194388e-06 -1.88228393681347e-05
18200 8440 -1978 2.64417147272548e-05 1.80922714397311e-05 3.25600796183426e-06 -1.90839134827256e-05
18200 8240 -1978 2.66367226399165e-05 1.82312405146658e-05 2.32931900433778e-06 -1.92740301974118e-05
18200 8040 -1978 2.69797718405445e-05 1.83785227425396e-05 1.75522558681496e-06 -1.96737686656415e-05
18200 7840 -1978 2.72632842631789e-05 1.84671257734299e-05 8.48822180663774e-07 -2.00358622483909e-05
18400 7840 -1978 3.00304951873256e-05 2.09711342602968e-05 1.18099601835002e-06 -2.14781990461051e-05
18400 8040 -1978 2.95940746902419e-05 2.08463682979345e-05 1.92210438655911e-06 -2.09648985005915e-05
18400 8240 -1978 2.9307730729618e-05 2.05507064573467e-05 2.71524912470773e-06 -2.05798950903118e-05
18400 8440 -1978 2.91380042298025e-05 2.04103956446052e-05 3.48709472239716e-06 -2.05007124394178e-05
18400 8640 -1978 2.91469077019443e-05 2.04881505854428e-05 4.32534413487883e-06 -2.02939611673355e-05
18400 8840 -1978 2.87045430914225e-05 2.00782540291548e-05 4.91565739491489e-06 -2.00053972452879e-05
18400 9040 -1978 2.8725674034127e-05 1.98777974434197e-05 5.86335684335791e-06 -1.98778774887323e-05
18600 9040 -1978 3.13604652863869e-05 2.23554591573775e-05 5.78082861192525e-06 -2.10239258669317e-05
18600 8840 -1978 3.14330167311248e-05 2.26150607839227e-05 5.18876614025794e-06 -2.12369789034128e-05
18600 8640 -1978 3.15061741267367e-05 2.26455153226852e-05 4.39659836420469e-06 -2.13679162301123e-05
18600 8440 -1978 3.15188331534332e-05 2.28421503230929e-05 3.88132658766699e-06 -2.13683952577412e-05
18600 8240 -1978 3.17534922486839e-05 2.29799639135599e-05 2.88833353666632e-06 -2.17626075670123e-05
18600 8040 -1978 3.20716478093375e-05 2.31413733512163e-05 2.36896261692891e-06 -2.20334276854992e-05
18600 7840 -1978 3.24222514680171e-05 2.34135200791061e-05 1.58383911086912e-06 -2.25521635375917e-05
18800 7840 -1978 3.46404841454289e-05 2.56194762550294e-05 1.93106180413088e-06 -2.32676654905081e-05
18800 8040 -1978 3.44589912630991e-05 2.5475517205894e-05 2.61672773279702e-06 -2.3055863417685e-05
18800 8240 -1978 3.40583818617557e-05 2.52359110973775e-05 3.24351384693273e-06 -2.26407107673585e-05
18800 8440 -1978 3.39348799279839e-05 2.50052634328604e-05 3.87191500987683e-06 -2.26968336552382e-05
18800 8640 -1978 3.37734784401889e-05 2.49852118752897e-05 4.50893817827455e-06 -2.22403411753476e-05
18800 8840 -1978 3.36574033828668e-05 2.47346566393971e-05 5.39133257581852e-06 -2.22697976008058e-05
18800 9040 -1978 3.37574582470137e-05 2.47917014583945e-05 6.03547167778015e-06 -2.21022760756314e-05
19000 9040 -1978 3.57535447631844e-05 2.69052252136171e-05 6.02302743075416e-06 -2.27189920470119e-05
19000 8840 -1978 3.5670512091554e-05 2.68104925341904e-05 5.56269796332344e-06 -2.28995174914599e-05
19000 8640 -1978 3.5971634561197e-05 2.70727237984538e-05 4.89680397452321e-06 -2.31816061139107e-05
19000 8440 -1978 3.62340763606404e-05 2.73276968412101e-05 4.25406676056446e-06 -2.33876546919346e-05
19000 8240 -1978 3.64510801744923e-05 2.74113181084395e-05 3.69525849825004e-06 -2.3678110267967e-05
19000 8040 -1978 3.67865372236555e-05 2.78411416858435e-05 2.9454806940339e-06 -2.38630319535732e-05
19000 7840 -1978 3.7150662252461e-05 2.7995550815016e-05 2.42724984535744e-06 -2.42509933374822e-05
