# amount of points in x direction: 66 (distance of 200 steps)
# amount of points in y direction: 13 (distance of 200 steps)
# abs. coordinates of point 1: P1 (, , ) (offsets not corrected)
# Offsets of the hall probe have already been corrected for all following coordinates.
#
# X (absolute in steps=10um) Y (absolute in steps=10um) Z (absolute in steps=10um) Babs(in T) Bx By Bz
6000 7240 -3978 0.000511259577050108 4.73131189793348e-05 -0.000160188030838966 -0.000483316085338592
6000 7440 -3978 0.000530715487635179 4.70321919620037e-05 -0.0001371786735 -0.000510454928517342
6000 7640 -3978 0.000547620753774159 4.70244854092598e-05 -0.000111038594663143 -0.000534155604720116
6000 7840 -3978 0.000560985564412762 4.67531742826104e-05 -8.30898067057133e-05 -0.0005528245908
6000 8040 -3978 0.000571559588712619 4.59448549225926e-05 -5.14592945501208e-05 -0.000567435922384262
6000 8240 -3978 0.000578303174550686 4.55504358634353e-05 -1.90402780100703e-05 -0.000576392888188362
6000 8440 -3978 0.0005809465339 4.56536007374525e-05 1.52533479426056e-05 -0.000578840150952339
6000 8640 -3978 0.00057993102 4.44831335395575e-05 4.77628787830472e-05 -0.000576244844675064
6000 8840 -3978 0.000574878378212609 4.38439928367734e-05 8.01101301014423e-05 -0.000567640636563301
6000 9040 -3978 0.000565391287250297 4.32098479792476e-05 0.000111613317579031 -0.000552614053845406
6000 9240 -3978 0.000552656149950646 4.27627436965704e-05 0.000139910471469164 -0.000533005113482475
6000 9440 -3978 0.000536792811553036 4.21329804435372e-05 0.000164888101756573 -0.000509230612397194
6000 9640 -3978 0.000517665958557950 4.10779626891017e-05 0.000187178656786680 -0.000480872766494751
6200 9640 -3978 0.000582411140829192 3.97087852284312e-05 0.000218328329980373 -0.000538478123664856
6200 9440 -3978 0.000604734234192385 4.05013732910156e-05 0.000193481852412224 -0.000571389538168907
6200 9240 -3978 0.000623390088359191 4.10628659725189e-05 0.000164618224054575 -0.000599710172057152
6200 9040 -3978 0.000638722551449801 4.187184022367e-05 0.000132185836613178 -0.000623510040640831
6200 8840 -3978 0.000649911763877827 4.2825495198369e-05 9.60025948286056e-05 -0.000641207547426224
6200 8640 -3978 0.0006563393011 4.41776231005788e-05 5.76921756714582e-05 -0.000652361434698105
6200 8440 -3978 0.000657732749870437 4.44922464489937e-05 1.97857368178666e-05 -0.000655976526260376
6200 8240 -3978 0.000655119719347893 4.539322129637e-05 -2.10390298441052e-05 -0.000653216400623322
6200 8040 -3978 0.000647199181398197 4.5407319508493e-05 -6.01488713771105e-05 -0.000642723126053810
6200 7840 -3978 0.000634539593051476 4.5973111949861e-05 -9.72106952667236e-05 -0.000625420008063316
6200 7640 -3978 0.000618189381731450 4.63707791939378e-05 -0.000130642899334431 -0.000602540000915527
6200 7440 -3978 0.000597608633571799 4.72027990818024e-05 -0.000160485571026802 -0.000573726784110069
6200 7240 -3978 0.000573760399943249 4.71046540737152e-05 -0.000187723525464535 -0.000540190643191338
6400 7240 -3978 0.000647484378639363 4.68947375789284e-05 -0.000222507400333881 -0.000606240349173546
6400 7440 -3978 0.000675974746855998 4.69315832108259e-05 -0.000192325413197279 -0.000646427649140358
6400 7640 -3978 0.000701009538660876 4.65659373626113e-05 -0.000156501474112272 -0.0006815575062
6400 7840 -3978 0.000721481876741000 4.59922538101673e-05 -0.000117927979350090 -0.000710090402
6400 8040 -3978 0.000736756726698139 4.56794348061085e-05 -7.49976606667042e-05 -0.000731571120619774
6400 8240 -3978 0.000746803054143018 4.51376550644636e-05 -2.89343924000859e-05 -0.000744875959277153
6400 8440 -3978 0.000751347916395173 4.41849373653531e-05 1.79139367062598e-05 -0.0007496958177
6400 8640 -3978 0.000749834103641176 4.36879677921533e-05 6.37776181399822e-05 -0.0007458538742
6400 8840 -3978 0.000742797669325022 4.22979025393724e-05 0.000109017044663429 -0.000733648586273194
6400 9040 -3978 0.000728955807361708 4.14036101251841e-05 0.000152607072442770 -0.0007117481203
6400 9240 -3978 0.000710498901962638 4.09376212954521e-05 0.000191103189677000 -0.000683090310096741
6400 9440 -3978 0.0006879591512 3.93778422996402e-05 0.000225200678050518 -0.000648757419347763
6400 9640 -3978 0.000659437003361677 3.86989385485649e-05 0.000255287742555141 -0.0006065983231
6600 9640 -3978 0.000749987507243050 3.72998869493604e-05 0.000300693869173527 -0.000686088371992111
6600 9440 -3978 0.000783077807114349 3.82593576982617e-05 0.000266794847428799 -0.000735224764943123
6600 9240 -3978 0.000810217226296598 3.95630167722702e-05 0.000227554535269737 -0.000776598773479462
6600 9040 -3978 0.000832138732610052 4.1242645509541e-05 0.000182999106049538 -0.0008106706078
6600 8840 -3978 0.000848685612973725 4.19863857105374e-05 0.000132475148886442 -0.000837307983160019
6600 8640 -3978 0.000858867196348367 4.28503987640143e-05 7.78696522712708e-05 -0.000854221824645996
6600 8440 -3978 0.000860451712325818 4.36610136032105e-05 2.43735451996326e-05 -0.000858978130578995
6600 8240 -3978 0.000855956215960168 4.51188246235251e-05 -3.3360028102994e-05 -0.000854001703977585
6600 8040 -3978 0.0008437805681 4.5892492942512e-05 -8.78385440409183e-05 -0.0008379402821
6600 7840 -3978 0.0008252691224 4.61880168169737e-05 -0.000140070000559092 -0.000812063426017762
6600 7640 -3978 0.0008002213103 4.66358977258205e-05 -0.000186762436896563 -0.000776630802035332
6600 7440 -3978 0.000769891804039616 4.71559650525451e-05 -0.000227351848483086 -0.000734039588451386
6600 7240 -3978 0.000734922756747622 4.70683948174119e-05 -0.000263841604351997 -0.000684180194497108
6800 7240 -3978 0.000838710836377387 4.70608420744538e-05 -0.000315987101972103 -0.000775482621073723
6800 7440 -3978 0.000880929513476844 4.73122187778354e-05 -0.000274929502189159 -0.0008355358963
6800 7640 -3978 0.000918578759565467 4.66634545400739e-05 -0.0002255021103 -0.000889102034091949
6800 7840 -3978 0.000948717694141091 4.65859368219972e-05 -0.000171545817047358 -0.0009319462459
6800 8040 -3978 0.000972487822711270 4.5566861987114e-05 -0.000109856432765722 -0.000965138954162598
6800 8240 -3978 0.0009880194447 4.48480741903186e-05 -4.59615006893873e-05 -0.0009858739686
6800 8440 -3978 0.000993964796678470 4.4105281598866e-05 2.21329559236765e-05 -0.000992826974868774
6800 8640 -3978 0.000992257538189047 4.30354633182287e-05 8.75444872230291e-05 -0.000987588593
6800 8840 -3978 0.000981546175883103 4.16997385397553e-05 0.000151662799 -0.000968780811548233
6800 9040 -3978 0.000961889324320897 4.03436424583197e-05 0.0002127163828 -0.000936969661951065
6800 9240 -3978 0.000934516584086865 3.89954552352428e-05 0.000267197493731976 -0.000894640912771225
6800 9440 -3978 0.000900359222591700 3.76968402191997e-05 0.0003146022374 -0.000842763970613480
6800 9640 -3978 0.000858428810421117 3.57069361656904e-05 0.000355428436398506 -0.000780478210568428
7000 9640 -3978 0.000987424878939891 3.4963374696672e-05 0.0004226734215 -0.000891645970582962
7000 9440 -3978 0.00103608223161852 3.68434546738863e-05 0.000376692723214626 -0.0009644653027
7000 9240 -3978 0.00107679121591384 3.81670264080167e-05 0.000321020948231220 -0.0010271088159
7000 9040 -3978 0.00110940106156085 3.98682135716081e-05 0.0002578975048 -0.00107837223482132
7000 8840 -3978 0.00113409355759498 4.18156365603209e-05 0.000185837963312864 -0.00111798206663132
7000 8640 -3978 0.00114867544571980 4.29604438394308e-05 0.000107615870565176 -0.00114278935718536
7000 8440 -3978 0.00115107686182463 4.3947809420526e-05 3.07747939936817e-05 -0.00114981922173500
7000 8240 -3978 0.00114385092868427 4.56974390596151e-05 -5.1421705365181e-05 -0.00114189628767967
7000 8040 -3978 0.00112622757786091 4.61988435983658e-05 -0.000130329773932695 -0.00111776917386055
7000 7840 -3978 0.00109767795832153 4.71709571182728e-05 -0.000204608178943396 -0.00107744327616692
7000 7640 -3978 0.00106064204777855 4.75053893774748e-05 -0.000270917313814163 -0.00102435765266418
7000 7440 -3978 0.00101577702739125 4.76153347194195e-05 -0.000328330033719540 -0.000959974428415298
7000 7240 -3978 0.000963007536932214 4.7611273765564e-05 -0.000378482232451439 -0.0008843477075
7200 7240 -3978 0.00111164844674440 4.88294382914901e-05 -0.000457391418695450 -0.00101231447434425
7200 7440 -3978 0.001175340825 4.92536964043975e-05 -0.000400295598030090 -0.00110397625088692
7200 7640 -3978 0.00123116668834375 4.88934817612171e-05 -0.000330154230356217 -0.00118506498813629
7200 7840 -3978 0.00127699267345361 4.84059848859906e-05 -0.000253189886152744 -0.00125057093644142
7200 8040 -3978 0.00131180475775707 4.77038792595267e-05 -0.000164793892174959 -0.00130064131021500
7200 8240 -3978 0.00133515399564157 4.64623904228211e-05 -7.06451707333326e-05 -0.001332545439
7200 8440 -3978 0.0013447781267 4.5091260291636e-05 2.69030075706542e-05 -0.00134375266194344
7200 8640 -3978 0.00134241358308332 4.3793901398778e-05 0.000121457006841898 -0.00133626009535790
7200 8840 -3978 0.00132673967752022 4.19685206115246e-05 0.000214115753650665 -0.00130855602788925
7200 9040 -3978 0.0012969053778 3.98259268850088e-05 0.000302930451452732 -0.00126041348934174
7200 9240 -3978 0.00125701176094630 3.80921326428652e-05 0.000380498623669148 -0.00119733940768242
7200 9440 -3978 0.00120682460944601 3.62684428095818e-05 0.0004480034877 -0.00112000138974190
7200 9640 -3978 0.0011440136922 3.39472835361958e-05 0.000504908926367760 -0.00102610579848289
7400 9640 -3978 0.00133240432423744 3.29376417919993e-05 0.000606736307859421 -0.00118623381996155
7400 9440 -3978 0.00140521440975012 3.54274751916528e-05 0.000540959237456322 -0.00129632336139679
7400 9240 -3978 0.00146541270439788 3.78885162323713e-05 0.0004618385297 -0.00139000086259842
7400 9040 -3978 0.00151391789256416 4.00364270880818e-05 0.000369909761965275 -0.00146746597385406
7400 8840 -3978 0.00154924132526822 4.23441346511245e-05 0.000265368610620499 -0.00152581952977180
7400 8640 -3978 0.00157082582153608 4.43563589826226e-05 0.000151570640176535 -0.00156284686803818
7400 8440 -3978 0.00157393008752288 4.60298811122775e-05 3.89250539913774e-05 -0.00157283190083504
7400 8240 -3978 0.00156403305037614 4.78783839270472e-05 -8.1021094456315e-05 -0.00156122970366478
7400 8040 -3978 0.00153673519623112 4.88606139197946e-05 -0.0001956641058 -0.00152324092721939
7400 7840 -3978 0.00149438058867092 5.0426648773253e-05 -0.000303635170757771 -0.00146238883423805
7400 7640 -3978 0.00143932406043469 5.09882576912642e-05 -0.000399396929442883 -0.00138185963153839
7400 7440 -3978 0.00137193218098333 5.0693648353219e-05 -0.000482455309510231 -0.00128320069074631
7400 7240 -3978 0.00129271624615870 5.07322671413422e-05 -0.000552979246377945 -0.00116716448903084
7600 7240 -3978 0.0015122019859 5.31720381602645e-05 -0.000673209108829498 -0.00135319563555717
7600 7440 -3978 0.00160702408333478 5.3528857730329e-05 -0.000591675180077553 -0.00149341213226318
7600 7640 -3978 0.00169041669482490 5.38666617944837e-05 -0.000488794721722603 -0.00161730847549438
7600 7840 -3978 0.00175772925162324 5.28458679616451e-05 -0.000375172669589520 -0.00171657302808762
7600 8040 -3978 0.00180961709179813 5.11762664988637e-05 -0.000245453942596912 -0.00179217296123505
7600 8240 -3978 0.00184354504538966 5.00766220390797e-05 -0.000109989540114999 -0.00183941561794281
7600 8440 -3978 0.00185765015076106 4.80403410419822e-05 3.34661819934845e-05 -0.00185672394323349
7600 8640 -3978 0.00185472519392230 4.59000094383955e-05 0.000171921616226435 -0.00184616946458817
7600 8840 -3978 0.00183228216467585 4.35211172401905e-05 0.0003079423334 -0.00180549915981293
7600 9040 -3978 0.00178928792356907 4.0648913115263e-05 0.000437035465598106 -0.00173451926231384
7600 9240 -3978 0.00172989920698440 3.80254266038537e-05 0.000551665628433228 -0.00163913708019257
7600 9440 -3978 0.00165615282696571 3.47756310105324e-05 0.000649669420719147 -0.0015228480761
7600 9640 -3978 0.00156259218892871 3.17339124158025e-05 0.0007318719685 -0.00138023575139046
7800 9640 -3978 0.00184261062802494 3.07484825663269e-05 0.000886865554332733 -0.0016149645617
7800 9440 -3978 0.00195044167452793 3.44728159755468e-05 0.000790521164298057 -0.00178236129474640
7800 9240 -3978 0.00203797034376646 3.78283780962229e-05 0.0006735914011 -0.00192279736089706
7800 9040 -3978 0.00210721029204203 4.15710915625095e-05 0.000537907848 -0.00203695362424850
7800 8840 -3978 0.00216004450839367 4.45493422448635e-05 0.000382984997093678 -0.00212522588253021
7800 8640 -3978 0.00219009041899486 4.79122984409332e-05 0.000216055563092232 -0.00217888054943085
7800 8440 -3978 0.00219426924546863 4.98370879814029e-05 5.13283344507218e-05 -0.00219325762367249
7800 8240 -3978 0.00217942469141810 5.29403911828995e-05 -0.000124753943592310 -0.00217523802566528
7800 8040 -3978 0.00214058709646261 5.44080783203244e-05 -0.000293418234288692 -0.00211962943887711
7800 7840 -3978 0.00207913018797683 5.66799009293318e-05 -0.000452357835650444 -0.00202855425357819
7800 7640 -3978 0.00199824210729794 5.70936819463968e-05 -0.000594379075884819 -0.00190726422405243
7800 7440 -3978 0.00189935449056682 5.7053838968277e-05 -0.000716626533389091 -0.00175804970121384
7800 7240 -3978 0.00178215269143065 5.68688088804484e-05 -0.000820371733665466 -0.00158104557967186
8000 7240 -3978 0.00211229520889737 6.16397452801466e-05 -0.00100519010853767 -0.00185682573175430
8000 7440 -3978 0.00225197388747511 6.26925403773785e-05 -0.000881279759168625 -0.00207125557184219
8000 7640 -3978 0.00237241577732851 6.24812362343073e-05 -0.000727483158826828 -0.00225726230287552
8000 7840 -3978 0.00246879330711964 6.16014583408833e-05 -0.000559865919589996 -0.0024036969161
8000 8040 -3978 0.00254201738677215 5.86541841477156e-05 -0.000368133141517639 -0.00251456024932861
8000 8240 -3978 0.00258999189337090 5.72138269022107e-05 -0.000168333045393229 -0.00258404455804825
8000 8440 -3978 0.00261023300008359 5.43318983986974e-05 4.21854075230658e-05 -0.00260924225854874
8000 8640 -3978 0.00260631773617012 5.12908598706126e-05 0.000244853573620319 -0.00259451538228989
8000 8840 -3978 0.0025751095555 4.74673814028501e-05 0.000445250509262085 -0.00253602361631393
8000 9040 -3978 0.00251403103985891 4.29438101500273e-05 0.000636724134922028 -0.00243155382347107
8000 9240 -3978 0.00243122084748139 3.91581854894757e-05 0.000805918781161308 -0.00229358303022385
8000 9440 -3978 0.00232522050459247 3.50661386325956e-05 0.000953270514488220 -0.00212055546855927
8000 9640 -3978 0.00218886996084060 3.02229280173779e-05 0.00107705168819427 -0.00190484269571304
8200 9640 -3978 0.00261428346102160 2.99721018821001e-05 0.00131387504601479 -0.0022599362936
8200 9440 -3978 0.00276792887769919 3.49799524694681e-05 0.00116511928653717 -0.00251054797697067
8200 9240 -3978 0.00289035631853918 4.00528720840812e-05 0.000987046177864075 -0.002716496634
8200 9040 -3978 0.00298645258353202 4.5584170140326e-05 0.000783985190272331 -0.00288145776653290
8200 8840 -3978 0.00305725596379907 4.98885500729084e-05 0.000555128153085709 -0.00300605979824066
8200 8640 -3978 0.00309836346628153 5.49270817562938e-05 0.0003090621379 -0.00308263722324371
8200 8440 -3978 0.00310329034679518 5.84314539730549e-05 6.7818250015378e-05 -0.00310199894046784
8200 8240 -3978 0.00308365584254581 6.20758941471577e-05 -0.0001899734672 -0.00307717240667343
8200 8040 -3978 0.00303024037978287 6.46572409719229e-05 -0.000439050151467323 -0.0029977709093
8200 7840 -3978 0.00294590262299616 6.74769090414047e-05 -0.000673896488666534 -0.00286678509283066
8200 7640 -3978 0.00283259607935568 6.89986900538206e-05 -0.000885274811267853 -0.00269015578746796
8200 7440 -3978 0.00269239924218088 6.92352035045624e-05 -0.00107085451054573 -0.0024688284316
8200 7240 -3978 0.00252328068605654 6.84918742775917e-05 -0.00123241656255722 -0.00220148376893997
8400 7240 -3978 0.00303274610747377 7.65347464680672e-05 -0.00151217701315880 -0.00262773896455765
8400 7440 -3978 0.0032277221461 7.78604860901833e-05 -0.0013169086976 -0.00294556470918655
8400 7640 -3978 0.00339299785118885 7.69744673073292e-05 -0.00108152191543579 -0.00321509248638153
8400 7840 -3978 0.00352289272207160 7.54663839191199e-05 -0.0008282030127 -0.00342307112598419
8400 8040 -3978 0.00362024479007157 7.25578950047493e-05 -0.000544384944796562 -0.00357797610092163
8400 8240 -3978 0.00368412882324859 6.90800627917051e-05 -0.000253249998569489 -0.00367485644531250
8400 8440 -3978 0.00371039407415708 6.45355233252049e-05 5.42166966125369e-05 -0.00370943660163879
8400 8640 -3978 0.0037060097217 6.02507092803717e-05 0.000350079255223274 -0.0036888142023
8400 8840 -3978 0.00366449043364634 5.4893543086946e-05 0.000643230445742607 -0.0036071436758
8400 9040 -3978 0.00358498881534964 4.88121927455068e-05 0.000926093635320663 -0.00346336654376984
8400 9240 -3978 0.0034737355051 4.27719442844391e-05 0.00118195414757729 -0.00326655818176270
8400 9440 -3978 0.00333078427603292 3.69100107997656e-05 0.00140711852955818 -0.00301873797941208
8400 9640 -3978 0.00314315969712806 2.98381610326469e-05 0.00160220251822472 -0.00270453610467911
8600 9640 -3978 0.00379379708387130 3.00993265919387e-05 0.00195331619262695 -0.00325211699295044
8600 9440 -3978 0.00399413915087834 3.74809911549091e-05 0.00171459147405624 -0.00360708821201324
8600 9240 -3978 0.00415223433653783 4.50649263337255e-05 0.00143887227773666 -0.00389462755584717
8600 9040 -3978 0.00427226748734260 5.29044930189848e-05 0.00113504016971588 -0.00411839221191406
8600 8840 -3978 0.00436262700289992 5.91880387589335e-05 0.000796492785692215 -0.00428897138977051
8600 8640 -3978 0.00441397760572954 6.61584566831589e-05 0.000439072743058205 -0.00439162009048462
8600 8440 -3978 0.00441962181556406 7.04194366931915e-05 9.16070956736803e-05 -0.004418203166
8600 8240 -3978 0.00439475258654586 7.64175165444613e-05 -0.000278335806488991 -0.0043849974966
8600 8040 -3978 0.00432815291974073 8.16169007271528e-05 -0.000637385928511620 -0.00428022910404206
8600 7840 -3978 0.00422119866711469 8.48546235412359e-05 -0.000982466640233993 -0.00410450804233551
8600 7640 -3978 0.00407633030299754 8.718403673172e-05 -0.00130146754956245 -0.00386176747417450
8600 7440 -3978 0.00389272510362039 8.79556574523449e-05 -0.00158739228057861 -0.00355333816909790
8600 7240 -3978 0.00366782967674233 8.75916031748056e-05 -0.00184588256883621 -0.00316828341388702
8800 7240 -3978 0.00445138336068587 0.000101830667525530 -0.0022528207345 -0.00383766425132752
8800 7440 -3978 0.0046970240938 0.000102108087331057 -0.00193802606773376 -0.00427802832698822
8800 7640 -3978 0.00490132704846760 0.000100556240290403 -0.00157565773844719 -0.00464062240886688
8800 7840 -3978 0.00505946763484204 9.70946467369795e-05 -0.00119837039065361 -0.00491438856029511
8800 8040 -3978 0.00517672299849370 9.32483185976744e-05 -0.000786809696197510 -0.00511552473926544
8800 8240 -3978 0.00524964010976256 8.75629137605428e-05 -0.000359932553648949 -0.00523685345745086
8800 8440 -3978 0.00528145745396417 8.09386397451162e-05 7.22366008684039e-05 -0.00528039095401764
8800 8640 -3978 0.00527634009932431 7.52771486938e-05 0.0004940193547 -0.00525283572578430
8800 8840 -3978 0.00522876029745313 6.71385583281517e-05 0.0009130838654 -0.00514815759181976
8800 9040 -3978 0.0051348802407 5.90508820414543e-05 0.00132443826913834 -0.00496078334045410
8800 9240 -3978 0.00500332051285939 5.05801928713918e-05 0.00170427703428268 -0.00470422834873199
8800 9440 -3978 0.00483078006561070 4.18118957653642e-05 0.00205518019723892 -0.00437077178573608
8800 9640 -3978 0.00459866613217135 3.13206247575581e-05 0.00237135200071335 -0.00394061999797821
9000 9640 -3978 0.00558025262204034 3.32176470011473e-05 0.00286342067146301 -0.00478862490749359
9000 9440 -3978 0.00580850602103471 4.40460141450167e-05 0.00247489764642715 -0.00525468208217621
9000 9240 -3978 0.00598280772481271 5.42867184728384e-05 0.00205179041814804 -0.00561978772163391
9000 9040 -3978 0.00611591119242196 6.53784242272377e-05 0.00160065615415573 -0.00590217734622955
9000 8840 -3978 0.00621298080079345 7.41368475556374e-05 0.00111516153931618 -0.00611173711204529
9000 8640 -3978 0.00626859609382433 8.31509788781404e-05 0.000611190630435944 -0.00623785750102997
9000 8440 -3978 0.00627267566534102 8.96460153609514e-05 0.000125033510774374 -0.00627111457633972
9000 8240 -3978 0.00624730869902644 9.84200608581305e-05 -0.000394789904057980 -0.00623404526805878
9000 8040 -3978 0.00617473849638281 0.000104019436493516 -0.000902414266347885 -0.00610756040477753
9000 7840 -3978 0.00605771923108293 0.0001106026372 -0.00139722527503967 -0.00589379579734802
9000 7640 -3978 0.00589538516736193 0.000115406287223101 -0.0018663167572 -0.00559105972099304
9000 7440 -3978 0.00568356891375387 0.000117914504349232 -0.00230428911018372 -0.00519365375995636
9000 7240 -3978 0.00542109564957931 0.000117965792775154 -0.00271831184768677 -0.00469019915962219
9200 7240 -3978 0.00659594927428043 0.000138060415595770 -0.00325756480598450 -0.00573373854351044
9200 7440 -3978 0.00685864706371865 0.000137565637171268 -0.00275003763723373 -0.00628240832614899
9200 7640 -3978 0.0070704199713 0.0001338226737 -0.00220370423555374 -0.00671675944519043
9200 7840 -3978 0.00723220026663745 0.000127220215320587 -0.00166034143686295 -0.00703769685554504
9200 8040 -3978 0.00734622793869729 0.000119264764577150 -0.0010785948894 -0.00726583047485352
9200 8240 -3978 0.0074205910879 0.000112421177715063 -0.000501236538410187 -0.00740278971099853
9200 8440 -3978 0.0074500678664 0.000103199628099799 9.6666398525238e-05 -0.00744881804084778
9200 8640 -3978 0.00744701830997672 9.50635452568531e-05 0.000672299712777138 -0.00741609161186218
9200 8840 -3978 0.0074018556289 8.48572727143765e-05 0.00125063711857796 -0.00729540866279602
9200 9040 -3978 0.00731026337211157 7.40715482383966e-05 0.00182977371692657 -0.00707758200454712
9200 9240 -3978 0.00718117459258716 6.24481893032789e-05 0.00238173140525818 -0.00677441689491272
9200 9440 -3978 0.00700901190689808 5.02505473569036e-05 0.00290986421632767 -0.00637671475887299
9200 9640 -3978 0.00677022773203345 3.62402183339e-05 0.00342114352416992 -0.00584181419658661
9400 9640 -3978 0.00818778526261851 4.0258363828063e-05 0.0040452762928 -0.0071189118824
9400 9440 -3978 0.0083869158529 5.55123712196946e-05 0.003432452775 -0.00765249846649170
9400 9240 -3978 0.00853528821808799 6.88396321237087e-05 0.00280211861705780 -0.00806191896057129
9400 9040 -3978 0.00864341057105900 8.19637802243233e-05 0.00216132419538498 -0.00836848875999451
9400 8840 -3978 0.00872409827165321 9.41829814463854e-05 0.00149419795179367 -0.00859457449913025
9400 8640 -3978 0.00877050929468260 0.000105999756515026 0.000816091068983078 -0.00873188662147522
9400 8440 -3978 0.00877125616324150 0.000114342351913452 0.000165351447492838 -0.00876914315223694
9400 8240 -3978 0.00875154912499481 0.000126164198279381 -0.000524923826575279 -0.00873510990333557
9400 8040 -3978 0.00869303251781597 0.000134549776375294 -0.00121140653538704 -0.0086070324974
9400 7840 -3978 0.00859385572809204 0.000145128014177084 -0.00188599257659912 -0.00838325259971618
9400 7640 -3978 0.00845126305611374 0.0001529249514 -0.00254672303676605 -0.00805664162635803
9400 7440 -3978 0.0082579900463 0.000158169306725264 -0.00319258345556259 -0.00761424933624268
9400 7240 -3978 0.008013386842 0.000161904302895069 -0.00384556747055054 -0.00702876428604126
9600 7240 -3978 0.00968154464352109 0.000189093552440405 -0.00447585860538483 -0.00858291593551636
9600 7440 -3978 0.0098839370614 0.000183642422884703 -0.00370297753238678 -0.00916182175636292
9600 7640 -3978 0.0100362522695942 0.000176086242437363 -0.00291713577079773 -0.00960086083412170
9600 7840 -3978 0.0101501902017514 0.000166124847739935 -0.00217093010616302 -0.00991390609359741
9600 8040 -3978 0.0102234027045737 0.000154240517079830 -0.00139685879611969 -0.0101263222026825
9600 8240 -3978 0.0102718435705295 0.000144192983955145 -0.000642514992952347 -0.0102505384788513
9600 8440 -3978 0.0102896530205665 0.000132267331272364 0.000124047292619944 -0.0102881349868774
9600 8640 -3978 0.0102908339789707 0.000121703981667757 0.000870379272937775 -0.0102532381248474
9600 8840 -3978 0.0102639564826396 0.000109106684654951 0.00162561725044250 -0.0101338179855347
9600 9040 -3978 0.0102049275698548 9.46586671471596e-05 0.00239921867513657 -0.00991841174316406
9600 9240 -3978 0.0101272329014680 8.11690227389336e-05 0.00315907764625549 -0.00962224535369873
9600 9440 -3978 0.0100146951861805 6.53583154976368e-05 0.00392230664634705 -0.00921288877105713
9600 9640 -3978 0.0098502771151 4.69037217795849e-05 0.00470145216178894 -0.00865575570678711
9800 9640 -3978 0.0117555074574134 5.56415911465883e-05 0.00537762061405182 -0.0104536268005371
9800 9440 -3978 0.0118248613633458 7.39402992278338e-05 0.00447238488006592 -0.0109461517543793
9800 9240 -3978 0.0118665086005644 8.98149119615555e-05 0.00359273693084717 -0.0113093908710480
9800 9040 -3978 0.0118947808440250 0.000107195562437177 0.00273910388326645 -0.0115742477626801
9800 8840 -3978 0.0119171522458213 0.0001203733257 0.00188033665084839 -0.0117670443115234
9800 8640 -3978 0.0119316377615533 0.0001349311954 0.00102268957376480 -0.0118866818199158
9800 8440 -3978 0.0119239712737777 0.000144616051018238 0.000214877679944038 -0.0119211578598
9800 8240 -3978 0.0119217521500287 0.000160095186233521 -0.000641086603164673 -0.0119036539516449
9800 8040 -3978 0.0119066207109315 0.000170982460796833 -0.00150336224627495 -0.0118099132328
9800 7840 -3978 0.0118738678288 0.000185416841953993 -0.0023700498929 -0.0116338151378632
9800 7640 -3978 0.0118190526754878 0.000198458306521177 -0.0032425125389 -0.0113636061630249
9800 7440 -3978 0.0117328387528355 0.000209061334192753 -0.004138202775 -0.0109775011959
9800 7240 -3978 0.0116151722560267 0.000218309824943543 -0.00508802510166168 -0.0104391842556
10000 7240 -3978 0.0138148545710194 0.000248595505774021 -0.0056773744564 -0.0125919911670685
10000 7440 -3978 0.0138132640962741 0.000236667024672031 -0.00459882515144348 -0.0130240596809387
10000 7640 -3978 0.0137911991019547 0.000222871759712696 -0.00355654101276398 -0.0133232379188538
10000 7840 -3978 0.0137792206557862 0.000207828532010317 -0.00261130565404892 -0.0135275527381897
10000 8040 -3978 0.0137565708078 0.000190957034170628 -0.00166083038568497 -0.0136546116104126
10000 8240 -3978 0.0137469899057922 0.000178252883851528 -0.000754371777653694 -0.0137249631080627
10000 8440 -3978 0.0137377111512238 0.000163872010618448 0.000161944186359644 -0.0137360098876953
10000 8640 -3978 0.0137475542701128 0.000152159157842398 0.00104805352354050 -0.0137065025444
10000 8840 -3978 0.0137624913137 0.000137142183423042 0.00196215025186539 -0.0136215629615784
10000 9040 -3978 0.0137810785981872 0.000121542026668787 0.0029192403779 -0.0134676819610596
10000 9240 -3978 0.0138178960878492 0.000105182109087706 0.00387995237541199 -0.0132614343490601
10000 9440 -3978 0.0138652088660527 8.8416775316e-05 0.00489277107429504 -0.0129729265327454
10000 9640 -3978 0.0139049021565 6.58104295581579e-05 0.00600478289985657 -0.0125406567916870
10200 9640 -3978 0.0162471286415850 7.9574710264802e-05 0.00654290699195862 -0.0148714191360474
10200 9440 -3978 0.0160360818055686 0.000100645449623466 0.00532792641162872 -0.0151247806701660
10200 9240 -3978 0.0158689827278117 0.000116732034444809 0.00421919472217560 -0.0152972545547485
10200 9040 -3978 0.0157460784061168 0.000134974008023739 0.00319023258495331 -0.0154188169441223
10200 8840 -3978 0.0156674335513807 0.000150237811893225 0.00217713838148117 -0.0155145607719421
10200 8640 -3978 0.0156266131674606 0.000165472342193127 0.00119122158265114 -0.0155804819602966
10200 8440 -3978 0.0156054389620608 0.000176829653292894 0.0002674484815 -0.0156020520935
10200 8240 -3978 0.0156346357623520 0.000193848090767860 -0.000709107024192810 -0.0156173437423706
10200 8040 -3978 0.0156916502002405 0.0002097784577 -0.00169185590791702 -0.0155989401245117
10200 7840 -3978 0.0157791374493669 0.000227310139417648 -0.002702751235 -0.0155443074760437
10200 7640 -3978 0.0158959160478989 0.000244296636939049 -0.00375372023963928 -0.0154445817527771
10200 7440 -3978 0.0160390493123914 0.000260178378820419 -0.0048698950777 -0.0152791800613403
10200 7240 -3978 0.0162368295054407 0.0002790859788 -0.00614107720279694 -0.0150289873771668
10400 7240 -3978 0.0187860659777228 0.000307465604484081 -0.00642765894031525 -0.0176495592117310
10400 7440 -3978 0.0183949471758465 0.000285408863723278 -0.00510307339668274 -0.0176704738311768
10400 7640 -3978 0.0180858488006946 0.000266640656590462 -0.00389037276935577 -0.0176600624389648
10400 7840 -3978 0.0178736988276101 0.000246825815618038 -0.002820315907 -0.0176481760635376
10400 8040 -3978 0.0177117918371446 0.000228310446619987 -0.00177843206787109 -0.0176209116439819
10400 8240 -3978 0.0176102161645 0.000211996171891689 -0.000777475113034248 -0.0175918482437134
10400 8440 -3978 0.0175680880213385 0.000195804202884436 0.000205714486688375 -0.0175657021179199
10400 8640 -3978 0.0175885029680561 0.000183118587195873 0.00117009088516235 -0.0175485687255859
10400 8840 -3978 0.0176619179694740 0.000167659543246031 0.00216496305036545 -0.0175282472267151
10400 9040 -3978 0.0177941973431549 0.000151493753880262 0.0032232405858 -0.0174994329643250
10400 9240 -3978 0.0180012636980562 0.000136011885344982 0.00431779727268219 -0.0174752288169861
10400 9440 -3978 0.0182928161012183 0.0001187928304 0.00551374797725678 -0.0174425517845154
10400 9640 -3978 0.0186877981582724 9.66560137569904e-05 0.00688568519783020 -0.0173714542007446
10600 9640 -3978 0.0211205378324 0.000115867416650057 0.00698504763984680 -0.0199319733352661
10600 9440 -3978 0.0205458529712969 0.000134104997456074 0.00562784665012360 -0.0197592459678650
10600 9240 -3978 0.0201213932366523 0.000149247439920902 0.00442898048019409 -0.0196275551757812
10600 9040 -3978 0.0198204580799282 0.000166090628534555 0.00333464388656616 -0.0195373244819641
10600 8840 -3978 0.0196215212779789 0.0001800378305 0.00227836117458344 -0.0194881566619873
10600 8640 -3978 0.0195144014613358 0.000194961395919323 0.00126273793196678 -0.0194727684364319
10600 8440 -3978 0.0194781040605296 0.0002065021921 0.000315611549437046 -0.0194748956336975
10600 8240 -3978 0.0195390740689195 0.000224293077826500 -0.000683368144035339 -0.0195258871879578
10600 8040 -3978 0.0196840690759574 0.000241858009755611 -0.00169064558315277 -0.0196097987861633
10600 7840 -3978 0.0199151448703173 0.000260361569762230 -0.0027336290698 -0.0197249202575684
10600 7640 -3978 0.0202437040315720 0.000281411089479923 -0.0038352215557 -0.0198749795722961
10600 7440 -3978 0.0206864999757963 0.000302478896796703 -0.00503292295169830 -0.0200636257934570
10600 7240 -3978 0.0213128269238877 0.000327646727144718 -0.00641092523097992 -0.0203207064857483
10800 7240 -3978 0.0237000401683480 0.0003391844446 -0.00615180631923676 -0.0228856583061218
10800 7440 -3978 0.0229297286511403 0.000314831572473049 -0.00487483395004272 -0.0224029052772522
10800 7640 -3978 0.0223360321753879 0.000292593380391598 -0.00370047951412201 -0.0220254210815430
10800 7840 -3978 0.0219319644992416 0.000272455524623394 -0.00266896145009995 -0.0217672078132629
10800 8040 -3978 0.0216358865210842 0.000252560480892658 -0.00166458351278305 -0.0215698151359558
10800 8240 -3978 0.0214515250950205 0.000236916360557079 -0.000697951437473297 -0.0214387245216370
10800 8440 -3978 0.0213750883664 0.000221595007479191 0.000248281741976738 -0.0213726682777405
10800 8640 -3978 0.0214060754545169 0.000209030020415783 0.00117465062713623 -0.0213727997398377
10800 8840 -3978 0.0215353312835194 0.000194641558349133 0.00213670609188080 -0.0214279784622192
10800 9040 -3978 0.0217754013017321 0.000180591761410236 0.00316765555095673 -0.0215432033462524
10800 9240 -3978 0.0221434013773428 0.000166904977351427 0.00423258744907379 -0.0217350049781799
10800 9440 -3978 0.0226654339019231 0.000153868474274874 0.00539639701557159 -0.0220131124038696
10800 9640 -3978 0.0233968932304927 0.000135918522834778 0.0067621636734 -0.0223999587707520
11000 9640 -3978 0.0254347204824996 0.000155758665382862 0.00626882929897308 -0.0246496130027771
11000 9440 -3978 0.0246272728580416 0.000168405009359121 0.00509518631458282 -0.0240942936210632
11000 9240 -3978 0.0240319397549824 0.000178912546396255 0.00404461640262604 -0.0236886057434
11000 9040 -3978 0.0236043981016153 0.000192474274367094 0.0030746159234 -0.0234026943016
11000 8840 -3978 0.0233157246381567 0.000203292864978313 0.00212544052696228 -0.0232179754867554
11000 8640 -3978 0.0231593633237802 0.000216665741324425 0.00119853798174858 -0.0231273144187927
11000 8440 -3978 0.0231120774138679 0.000226443447589874 0.000344706541121006 -0.0231083623085
11000 8240 -3978 0.0231991150355298 0.000242103219330311 -0.000556968323469162 -0.0231909217376709
11000 8040 -3978 0.0234122688664427 0.000257434697270393 -0.00147793330788612 -0.0233644997863770
11000 7840 -3978 0.0237516088633806 0.000275987768352032 -0.00241092914295197 -0.0236275839042664
11000 7640 -3978 0.0242306932277123 0.0002960139805 -0.00338169047546387 -0.0239909667701721
11000 7440 -3978 0.0248793538091992 0.000316005525767803 -0.00441921091079712 -0.0244816862449646
11000 7240 -3978 0.0257942316873398 0.000341127054393292 -0.00560342740821838 -0.0251791975517273
11200 7240 -3978 0.0275293368735155 0.000337053720951080 -0.00486602067947388 -0.0270927088546753
11200 7440 -3978 0.0266154681498567 0.000317328462183476 -0.00390840939712524 -0.0263263720932
11200 7640 -3978 0.0259090538845 0.000298776670634747 -0.00299331308269501 -0.0257340316162109
11200 7840 -3978 0.0254108022595530 0.000281368505358696 -0.00215771685457230 -0.0253174635620117
11200 8040 -3978 0.0250438781417159 0.000264444658458233 -0.00132762735366821 -0.0250076606750488
11200 8240 -3978 0.0248223416460554 0.000250417038857937 -0.000526722259640694 -0.024815291893
11200 8440 -3978 0.0247222858377788 0.000237805451989174 0.000288227153241634 -0.0247194888343811
11200 8640 -3978 0.0247593380721858 0.000228298874139786 0.00107287724232674 -0.0247351357955933
11200 8840 -3978 0.0249210602088957 0.000217349175870419 0.00188215445089340 -0.0248487535133362
11200 9040 -3978 0.0252208676362111 0.000206830739349127 0.00273520007324219 -0.0250703602409363
11200 9240 -3978 0.0256675392614503 0.000196829986542463 0.00360612538433075 -0.0254121536903381
11200 9440 -3978 0.0262859500588141 0.000188482763320208 0.00452422442436218 -0.0258934399108887
11200 9640 -3978 0.0271324939958346 0.000177728762537241 0.00554849251079559 -0.0265585179138184
11400 9640 -3978 0.0285140891087848 0.000196074080675840 0.00473096762561798 -0.0281171852874756
11400 9440 -3978 0.0277100063432 0.00020205803 0.00395711855506897 -0.0274255914993286
11400 9240 -3978 0.0270968231010461 0.000207907046049833 0.00321694122982025 -0.0269044545974731
11400 9040 -3978 0.0266402676844317 0.000216940063595772 0.00249419365358353 -0.0265224072875977
11400 8840 -3978 0.0263228056058321 0.000224264211833477 0.00175855725622177 -0.0262630401306152
11400 8640 -3978 0.0261467074456239 0.000233111057698727 0.00103489181327820 -0.0261253502960205
11400 8440 -3978 0.0260973278262282 0.000240373771786690 0.000360792798399925 -0.0260936311035156
11400 8240 -3978 0.0261904916631739 0.000252907631218433 -0.000355629474282265 -0.0261869286956787
11400 8040 -3978 0.0264189153737434 0.000265443873941898 -0.00106579069972038 -0.0263957252502441
11400 7840 -3978 0.0267875944892322 0.000278961128115654 -0.00178409372663498 -0.0267271860580444
11400 7640 -3978 0.0272985712092473 0.000294437869310379 -0.00250614113664627 -0.0271810710525513
11400 7440 -3978 0.0279757197471585 0.000309494836866856 -0.00324315231513977 -0.0277855172958374
11400 7240 -3978 0.0288728784579576 0.000326507865250111 -0.0040144236412 -0.0285924310226440
11600 7240 -3978 0.0299124756585314 0.000312120661914349 -0.00316623053312302 -0.0297411503906250
11600 7440 -3978 0.0291138903237355 0.000301046332836151 -0.00261001540517807 -0.0289966124954224
11600 7640 -3978 0.0284524631660215 0.000288321947932243 -0.00202182992315292 -0.0283798093261719
11600 7840 -3978 0.0279737432199572 0.000275834773182869 -0.0014593104279 -0.0279342914352417
11600 8040 -3978 0.0276106381775489 0.0002648956623 -0.000871839395523071 -0.0275952067260742
11600 8240 -3978 0.0273794094827642 0.000255218194127083 -0.000279835520625114 -0.0273764656982422
11600 8440 -3978 0.0272850236269 0.000246087114810944 0.000304618362724781 -0.0272822577896118
11600 8640 -3978 0.0273223720550666 0.000238766455769539 0.000879414521694183 -0.0273069598693848
11600 8840 -3978 0.0274861054682261 0.000231817628026009 0.00146820809984207 -0.0274457383575439
11600 9040 -3978 0.0277889888978806 0.000224937595248222 0.00208130810451508 -0.0277095338134766
11600 9240 -3978 0.0282251196291 0.000220263294398785 0.00267660985422134 -0.0280981007308960
11600 9440 -3978 0.0288076185448742 0.000216266454517841 0.00326739367675781 -0.0286222175979614
11600 9640 -3978 0.0295702483901359 0.000211883595943451 0.00387512887668610 -0.0293127087860107
11800 9640 -3978 0.0303645865286786 0.000224809343099594 0.00306599685573578 -0.0302085623474121
11800 9440 -3978 0.0296887681220862 0.000225537942528725 0.00265380606079102 -0.0295693338317871
11800 9240 -3978 0.0291470504398700 0.000227336314558983 0.00222148685503006 -0.0290606029815674
11800 9040 -3978 0.0287275478376315 0.000231908166885376 0.00177063311147690 -0.0286717982025146
11800 8840 -3978 0.0284277579765638 0.000235552282571793 0.0012945983777 -0.0283969547653198
11800 8640 -3978 0.0282563313265443 0.000240313000619411 0.000810043826580048 -0.0282441620101929
11800 8440 -3978 0.0282091872197566 0.000244902286231518 0.000358462656021118 -0.0282058463973999
11800 8240 -3978 0.0282941291273578 0.000252482338249683 -0.000122538870796561 -0.0282932623596191
11800 8040 -3978 0.0285113998526594 0.000259607286989689 -0.0006000919348 -0.0285048145370483
11800 7840 -3978 0.0288554647195 0.0002690620262 -0.00106489722204208 -0.0288339139175415
11800 7640 -3978 0.0293205410339257 0.000278763562142849 -0.00151316563439369 -0.0292788540496826
11800 7440 -3978 0.0299097472442167 0.000287760774850845 -0.00194304440212250 -0.0298452643890381
11800 7240 -3978 0.0306471486836707 0.000296514148771763 -0.00235005643939972 -0.0305554747390747
12000 7240 -3978 0.0311671985328261 0.000281847851514816 -0.00161048619413376 -0.0311250293502808
12000 7440 -3978 0.0305220824856345 0.000276434761881828 -0.00134355709147453 -0.0304899027709961
12000 7640 -3978 0.0299643201684122 0.000270122564315796 -0.00103626146149635 -0.0299453549346924
12000 7840 -3978 0.0295415452046896 0.000263169610798359 -0.000721666561245918 -0.0295315343399
12000 8040 -3978 0.0292170904130568 0.000256109391570091 -0.000384153947353363 -0.0292135881805420
12000 8240 -3978 0.0290129518959312 0.000251578643321991 -4.27650755923241e-05 -0.0290120047607422
12000 8440 -3978 0.0289239591014861 0.000246572131037712 0.000314859730362892 -0.0289212462539673
12000 8640 -3978 0.0289605150129 0.000243506508231163 0.000658985587716103 -0.0289521763839722
12000 8840 -3978 0.0291155288830640 0.000240070653319359 0.00100990203189850 -0.0290971468658447
12000 9040 -3978 0.0293931284672325 0.000237439475297928 0.00136691392922401 -0.0293603673324585
12000 9240 -3978 0.0297832126310787 0.000236579767763615 0.00170034244203567 -0.0297327360458374
12000 9440 -3978 0.0302866212898513 0.000236140190362930 0.00201479302883148 -0.0302179330825806
12000 9640 -3978 0.0309153056082504 0.000235885160624981 0.00231111070775986 -0.0308297373580933
12200 9640 -3978 0.03128023846 0.000244926902949810 0.00162908505344391 -0.0312364156417847
12200 9440 -3978 0.0307146624571402 0.000243009227573872 0.00145617715835571 -0.0306799252853394
12200 9240 -3978 0.0302435626405599 0.000241832335770130 0.00126127184867859 -0.0302161302337647
12200 9040 -3978 0.0298721750078964 0.000241251937091350 0.00104814248991013 -0.0298524896469116
12200 8840 -3978 0.0295974050163647 0.000241801320374012 0.0008112061522 -0.0295855707397461
12200 8640 -3978 0.0294370285387924 0.000242946597814560 0.000569393261551857 -0.0294304039230347
12200 8440 -3978 0.0293924962980865 0.000244259487450123 0.000341932334721088 -0.0293896141204834
12200 8240 -3978 0.0294669018109393 0.000247707122087479 0.000100237989917398 -0.0294656901473999
12200 8040 -3978 0.0296601677347788 0.0002505540952 -0.000137719464749098 -0.0296590005950928
12200 7840 -3978 0.0299655791119298 0.000255416141569614 -0.000363926895260811 -0.0299625831756592
12200 7640 -3978 0.0303724140644880 0.000259562208950520 -0.000573110641 -0.0303648475036621
12200 7440 -3978 0.0308754247292 0.000263567756295204 -0.000763069364786148 -0.0308650520248413
12200 7240 -3978 0.0314876943149468 0.000267671950280666 -0.000930859667778015 -0.0314715185241699
12400 7240 -3978 0.0316485012960948 0.0002530984863 -0.000309159046292305 -0.0316447153778
12400 7440 -3978 0.0310902138622895 0.000251354075670242 -0.0002355153228 -0.0310891601791382
12400 7640 -3978 0.0305984544226187 0.0002489173904 -0.000140939132720232 -0.0305968292922974
12400 7840 -3978 0.0302161846338178 0.000246388827979565 -4.20407387912273e-05 -0.0302147700805664
12400 8040 -3978 0.0299163160335433 0.000244121755957603 7.15768491923809e-05 -0.0299152063598633
12400 8240 -3978 0.0297288965409680 0.000242649218082428 0.000187707525879145 -0.0297276390228272
12400 8440 -3978 0.0296514987992760 0.000241829023420811 0.000308928319156170 -0.0296493170928955
12400 8640 -3978 0.0296880734991985 0.000241830115616322 0.000429361573576927 -0.0296837547302246
12400 8840 -3978 0.0298347735382434 0.000242622874498367 0.000551721922993660 -0.0298292705459595
12400 9040 -3978 0.0300972970178 0.000243866353571415 0.000679095792412758 -0.0300882704772949
12400 9240 -3978 0.0304561950401793 0.000246360648691654 0.000791909812688828 -0.0304455238571167
12400 9440 -3978 0.0309113286513 0.000248968464732170 0.000896981771230698 -0.0308973085784912
12400 9640 -3978 0.0314647878315724 0.000252507204949856 0.000992402724266052 -0.0314486136627197
12600 9640 -3978 0.0314916940291342 0.000258328169047833 0.000389008811593056 -0.0314883799743652
12600 9440 -3978 0.0309547955820339 0.000253220246136189 0.000378077411770821 -0.0309519212341309
12600 9240 -3978 0.0305073488750691 0.000248967759668827 0.000368568501293659 -0.0305038663864136
12600 9040 -3978 0.0301475393171 0.000245473583221436 0.000356442595660687 -0.0301446247406
12600 8840 -3978 0.0298795264214 0.000241825185358524 0.000339959710359573 -0.0298766137161255
12600 8640 -3978 0.0297193426405259 0.000239400092124939 0.000323401065587998 -0.0297165224838257
12600 8440 -3978 0.0296750868578395 0.000237607629954815 0.000314556913852692 -0.0296726708374
12600 8240 -3978 0.0297419491492954 0.000236734280288219 0.000302380875289440 -0.0297392530670166
12600 8040 -3978 0.0299235902462392 0.000236456388473511 0.000292440754473209 -0.0299217525329590
12600 7840 -3978 0.0302136034310822 0.000236559703946114 0.000284832676768303 -0.0302109747314453
12600 7640 -3978 0.0306005007607381 0.000237271525144577 0.000282005391240120 -0.0305982813568115
12600 7440 -3978 0.0310774973874867 0.000238203315019608 0.000281287345051765 -0.0310758952713
12600 7240 -3978 0.0316415888194437 0.000239330285847187 0.000281732824087143 -0.0316402371597290
12800 7240 -3978 0.0314970499514971 0.000224653623342514 0.000868365025043488 -0.0314837562103271
12800 7440 -3978 0.0309260075236709 0.000224276709079742 0.000791392391920090 -0.0309148425292969
12800 7640 -3978 0.0304234228811 0.000224492720484734 0.000699104299187660 -0.0304145609207153
12800 7840 -3978 0.0300364132363735 0.0002251778891 0.000602971875071526 -0.0300294071884155
12800 8040 -3978 0.0297374238697368 0.000226929897546768 0.000500924901 -0.0297322589645386
12800 8240 -3978 0.0295495656522870 0.000229214578270912 0.000398341304481030 -0.0295460794906616
12800 8440 -3978 0.0294763036219896 0.000231469731271267 0.000295571262598038 -0.0294737654800415
12800 8640 -3978 0.0295155865973747 0.000235237152099609 0.000194624712586403 -0.0295140074691772
12800 8840 -3978 0.0296677658967192 0.000239006177663803 9.69252688139677e-05 -0.0296668162307739
12800 9040 -3978 0.0299357850697290 0.0002439099456 5.21462101885118e-06 -0.0299365492935181
12800 9240 -3978 0.0303062496439286 0.000249863916516304 -8.0487704411149e-05 -0.0303039239425659
12800 9440 -3978 0.0307734254510948 0.000255910550296307 -0.0001580329189 -0.0307709125518799
12800 9640 -3978 0.0313478144727459 0.000263056142091751 -0.000217283819288015 -0.0313472230377197
13000 9640 -3978 0.0310399746933240 0.000266266950249672 -0.000850858814239502 -0.0310258721771240
13000 9440 -3978 0.0304415529404483 0.000258549960732460 -0.000705491498947143 -0.0304322785720825
13000 9240 -3978 0.0299526566503369 0.000250796004652977 -0.000532687829732895 -0.0299467349395752
13000 9040 -3978 0.029565577189 0.000243231757760048 -0.000344654246687889 -0.0295628646697998
13000 8840 -3978 0.0292763669137435 0.000235880106210709 -0.000144182438462973 -0.0292755251083374
13000 8640 -3978 0.0291039834567256 0.0002298720684 6.55292512327433e-05 -0.0291030324783325
13000 8440 -3978 0.0290563672568777 0.000225375248014927 0.000274963021636009 -0.0290541959457397
13000 8240 -3978 0.0291208852654834 0.0002204005922 0.000491699079751968 -0.0291158996810913
13000 8040 -3978 0.0293068430409237 0.000216722258627415 0.000708176775097847 -0.0292971468582153
13000 7840 -3978 0.0296116019459552 0.000212959776520729 0.000921315124511719 -0.0295971602478
13000 7640 -3978 0.0300255204250638 0.000210731312155724 0.00112363119816780 -0.0300026108169556
13000 7440 -3978 0.0305442220420894 0.000209208278715611 0.00131197082829475 -0.0305156206207275
13000 7240 -3978 0.0311787211322 0.000208903848648071 0.00147795926737785 -0.0311424002761841
13200 7240 -3978 0.0306749350347950 0.000192020519733429 0.0021335260272 -0.0306000463104248
13200 7440 -3978 0.0299970463744181 0.000192129135340452 0.00187209398174286 -0.0299388159255981
13200 7640 -3978 0.0294223479866 0.000194546238690615 0.00156864134216309 -0.0293801777648926
13200 7840 -3978 0.0289894454981936 0.000198471962243319 0.00125898112034798 -0.0289606441268921
13200 8040 -3978 0.0286672262731646 0.000204272856473923 0.000930714228391648 -0.0286513857574463
13200 8240 -3978 0.0284709883788644 0.000209386078357697 0.0006025484457 -0.0284635481719971
13200 8440 -3978 0.0283967183622118 0.000215370649933815 0.000269631082653999 -0.0283947854843140
13200 8640 -3978 0.0284403370622723 0.000222529272854328 -5.69762938842177e-05 -0.0284395372543335
13200 8840 -3978 0.0286085325897594 0.000230453669786453 -0.000382489465355873 -0.0286052288589478
13200 9040 -3978 0.0289074981610545 0.000239076941967011 -0.000703133173942566 -0.028897956604
13200 9240 -3978 0.0293177854524684 0.000248720752358437 -0.00100616830253601 -0.0293009256820679
13200 9440 -3978 0.0298494881851296 0.000258387098371983 -0.00128921865057945 -0.0298191915740967
13200 9640 -3978 0.0305274741365359 0.000269268573820591 -0.00153714421176910 -0.0304864981994629
13400 9640 -3978 0.0297951711079240 0.000271957577526569 -0.00229563669443131 -0.0297053293075562
13400 9440 -3978 0.0290815796310570 0.000259111115276814 -0.00192451200056076 -0.0290166743240356
13400 9240 -3978 0.0285167563811859 0.000247214209794998 -0.00152004276728630 -0.0284751426620483
13400 9040 -3978 0.0280813751809621 0.000235856160223484 -0.00109806659173965 -0.0280588896179199
13400 8840 -3978 0.0277578449487139 0.000224033127129078 -0.000659902167677879 -0.0277485415420532
13400 8640 -3978 0.0275677862905288 0.000214412174761295 -0.000212664124310017 -0.0275660013809204
13400 8440 -3978 0.0275147798136342 0.000206816779851913 0.000223594994485378 -0.0275132672500610
13400 8240 -3978 0.0275775016587905 0.0001978884536 0.000677487485647202 -0.0275680132446289
13400 8040 -3978 0.0277705892747780 0.0001900027965 0.00113014994168282 -0.0277469329605103
13400 7840 -3978 0.0280997865912339 0.000182810603648424 0.00158279101204872 -0.0280545374069214
13400 7640 -3978 0.0285576351550645 0.000177406620651484 0.0020213498969 -0.0284867129821777
13400 7440 -3978 0.0291600301212973 0.000173678810864687 0.00244497574377060 -0.0290566611480713
13400 7240 -3978 0.0299285169879975 0.000170475929915905 0.00284790974235535 -0.0297900036392212
13600 7240 -3978 0.0289204338131 0.000147425829142332 0.00362949346637726 -0.0286914017562866
13600 7440 -3978 0.0281073290068550 0.000151176376998425 0.00308014534664154 -0.0279359323806763
13600 7640 -3978 0.0274604232229720 0.000156449136912823 0.00249976643276215 -0.0273453874435425
13600 7840 -3978 0.0269898531785879 0.0001655214025 0.001941883008 -0.0269202863769531
13600 8040 -3978 0.0266538449077141 0.000173809860080481 0.00136861297583580 -0.0266176801071167
13600 8240 -3978 0.0264534545702789 0.000183265922397375 0.000800797769188881 -0.0264406958160400
13600 8440 -3978 0.0263829166895510 0.000193844432562590 0.000227785505235195 -0.0263812581176758
13600 8640 -3978 0.0264325048601798 0.000203280582129955 -0.000328133128285408 -0.0264301880645752
13600 8840 -3978 0.0266111677465288 0.000215236942172051 -0.000892250325918198 -0.0265949111328125
13600 9040 -3978 0.0269342504849313 0.000227904148399830 -0.00146520871138573 -0.0268929569091797
13600 9240 -3978 0.0273820532714205 0.000241706554591656 -0.00202649384689331 -0.0273058920745850
13600 9440 -3978 0.0279783897317865 0.000256094446 -0.0025817410674 -0.0278585976486206
13600 9640 -3978 0.0287717720325 0.0002720810945 -0.00312357761573791 -0.0285978105087280
13800 9640 -3978 0.0274708338042761 0.000271977734625340 -0.00401150933456421 -0.0271758452987671
13800 9440 -3978 0.0266800228710151 0.000253831393182278 -0.0032907356472 -0.0264748880538940
13800 9240 -3978 0.0260793121451300 0.000238274258136749 -0.00258227445936203 -0.025950221138
13800 9040 -3978 0.0256316487089896 0.0002217449392 -0.00188839455699921 -0.0255610291404724
13800 8840 -3978 0.0253054137879342 0.0002070759342 -0.00119157765769958 -0.0252763300018311
13800 8640 -3978 0.0251079824184825 0.000194135502278805 -0.0004970655831 -0.0251022363471985
13800 8440 -3978 0.0250537688836989 0.000183487407356501 0.000162858669042587 -0.0250524017868
13800 8240 -3978 0.0251083343791 0.000170724043071270 0.000846708389043808 -0.0250936439094543
13800 8040 -3978 0.0252926514056943 0.000160089437365532 0.00154743145728111 -0.0252447488594
13800 7840 -3978 0.0256152112281109 0.000147422568678856 0.00225245075702667 -0.0255155595359802
13800 7640 -3978 0.0260827558825 0.000136396515995264 0.00296100462675095 -0.0259135867691
13800 7440 -3978 0.0267202903889773 0.000128056338816881 0.00368707440567017 -0.0264656033172607
13800 7240 -3978 0.0275720466971729 0.000121052383035421 0.00443693860626221 -0.0272103796081543
14000 7240 -3978 0.0258914102859912 9.18361664265394e-05 0.0052463911581 -0.0253546418724
14000 7440 -3978 0.0250794091984483 0.000100807676047087 0.00432204517555237 -0.0247039780006409
14000 7640 -3978 0.0244581152413194 0.000113284661471844 0.00341179367733002 -0.0242187165565491
14000 7840 -3978 0.0240186820922497 0.000126716555476189 0.00258689024972916 -0.0238790933570862
14000 8040 -3978 0.0237162511565661 0.000141651695072651 0.00176471359205246 -0.0236502374496460
14000 8240 -3978 0.0235391190114458 0.000153561461120844 0.000976906173229218 -0.0235181778068543
14000 8440 -3978 0.0234843540195954 0.000167534753233194 0.000180426775485277 -0.0234830721321106
14000 8640 -3978 0.0235360478002216 0.000179735053777695 -0.000592953569889069 -0.0235280721969604
14000 8840 -3978 0.0237067729251 0.000194454821228981 -0.00138270248889923 -0.0236653369178772
14000 9040 -3978 0.0240129356917995 0.000210910327494144 -0.00221021479463577 -0.0239103561744690
14000 9240 -3978 0.0244382515355247 0.000227817466378212 -0.00304775118732452 -0.0242475702438355
14000 9440 -3978 0.0250265484657741 0.000246757320046425 -0.00393634413051605 -0.0247138105888367
14000 9640 -3978 0.0258338209738127 0.0002684258998 -0.00489397407054901 -0.0253658911895752
14200 9640 -3978 0.0239136770357676 0.000260876728773117 -0.00570284667491913 -0.0232224437789917
14200 9440 -3978 0.0231981177522730 0.000239151372492313 -0.00456367384529114 -0.0227433781700134
14200 9240 -3978 0.0226712505734964 0.000219559348464012 -0.00353396462917328 -0.0223928625144959
14200 9040 -3978 0.0222865003063464 0.000200067027986050 -0.00258117808103562 -0.0221357236938477
14200 8840 -3978 0.0220037224229148 0.000183443466246128 -0.00165225487327576 -0.0219408341407776
14200 8640 -3978 0.0218314849724226 0.000167882602065802 -0.000749313444733620 -0.0218176595535278
14200 8440 -3978 0.0217822236951224 0.000155003329962492 9.3544602945447e-05 -0.0217813644638
14200 8240 -3978 0.0218154456357864 0.0001390523996 0.000977666130781174 -0.0217932262115479
14200 8040 -3978 0.0219534413922584 0.000123062771379948 0.00187662019443512 -0.0218727040557861
14200 7840 -3978 0.0222102610824140 0.000107075125783682 0.00280351467561722 -0.0220327995300293
14200 7640 -3978 0.0225931691720217 9.10407924950123e-05 0.0037630520935 -0.0222773975982666
14200 7440 -3978 0.0231291478008711 7.71480942815542e-05 0.00479407929039002 -0.0226266720275879
14200 7240 -3978 0.0238644863202301 5.93687241375446e-05 0.00594469068717957 -0.0231121361045837
14400 7240 -3978 0.0215880275967735 3.09386290200055e-05 0.0064763409996 -0.0205942312164307
14400 7440 -3978 0.0210007871697200 5.10135675743222e-05 0.00520934334373474 -0.0203441380348206
14400 7640 -3978 0.0205645729386625 6.80679951906204e-05 0.00404222021293640 -0.0201630183219910
14400 7840 -3978 0.0202556632735824 8.65565134882927e-05 0.00302556333255768 -0.0200282392921448
14400 8040 -3978 0.0200495323111444 0.000103944949969649 0.00202752708911896 -0.0199460474662781
14400 8240 -3978 0.0199371040393360 0.000122100609660149 0.00107078967785835 -0.0199080313568115
14400 8440 -3978 0.0199074100072970 0.000137624027937651 0.000134140800580382 -0.0199063738937378
14400 8640 -3978 0.0199530052530154 0.000151400314837694 -0.000790827709197998 -0.0199367968826294
14400 8840 -3978 0.0200884503637539 0.000168323795229197 -0.00174614168357849 -0.0200118853149414
14400 9040 -3978 0.0203280891157 0.0001866651284 -0.00276588273382187 -0.0201378714599609
14400 9240 -3978 0.0206505356824498 0.000204515206724405 -0.00381617109203339 -0.0202938324546814
14400 9440 -3978 0.0210976744569584 0.000223909565269947 -0.00497225927352905 -0.0205017382926941
14400 9640 -3978 0.0217326236300491 0.000249726555824280 -0.0063109073677 -0.0207963405761719
14600 9640 -3978 0.0194155384375402 0.0002346598528 -0.00666188172912598 -0.0182350193824768
14600 9440 -3978 0.0189448903607 0.000212012230157852 -0.00527829669952393 -0.0181934186668396
14600 9240 -3978 0.0186056472203965 0.000193873594522476 -0.00407308274841309 -0.0181533059921265
14600 9040 -3978 0.0183528797047 0.000174641783982515 -0.00297205083227158 -0.0181101058006287
14600 8840 -3978 0.0181666410777145 0.0001569473097 -0.00192518885707855 -0.018064181427
14600 8640 -3978 0.0180462341679213 0.0001403086473 -0.000911398998975754 -0.0180227360267639
14600 8440 -3978 0.0180058348651 0.000126646166980267 3.72391331680119e-05 -0.0180055614814758
14600 8240 -3978 0.0180086715913957 0.000108887033730745 0.00102763647079468 -0.0179790171318
14600 8040 -3978 0.0180770951948980 9.18015837520361e-05 0.00203390723657608 -0.0179620757293701
14600 7840 -3978 0.0182161774587615 7.13236956596375e-05 0.00307709596824646 -0.0179540887336731
14600 7640 -3978 0.0184321247944817 5.07168248966336e-05 0.00416951767158508 -0.0179540269432
14600 7440 -3978 0.0187395036245852 3.07619045935571e-05 0.00536678958225250 -0.0179545880889893
14600 7240 -3978 0.0191572763318422 7.72140094410861e-06 0.00673143037223816 -0.0179357591743469
14800 7240 -3978 0.0167130490225229 -9.79458458488443e-06 0.00671268810272217 -0.0153057417373657
14800 7440 -3978 0.0164611892139768 1.25191616020165e-05 0.00539341272449493 -0.0155522813529968
14800 7640 -3978 0.0162800493877150 3.428711341694e-05 0.0041807215681 -0.0157341641540527
14800 7840 -3978 0.0161471716741226 5.57872371599078e-05 0.00311157223653793 -0.0158444720840454
14800 8040 -3978 0.0160695387807721 7.64914959967136e-05 0.00206618414545059 -0.0159361758460999
14800 8240 -3978 0.0160289871666286 9.29331344515085e-05 0.00107850514078140 -0.0159921854476929
14800 8440 -3978 0.0160348076715534 0.000109896420121193 8.68174995332956e-05 -0.0160343463478
14800 8640 -3978 0.0160709953281557 0.000124425157248974 -0.000884677435874939 -0.0160461445541382
14800 8840 -3978 0.0161523431161790 0.000141249940872192 -0.00188626525783539 -0.0160410075187683
14800 9040 -3978 0.0162899568339742 0.000158944730669260 -0.00295383418798447 -0.0160191336669922
14800 9240 -3978 0.0164642272232897 0.000175164728373289 -0.00405861553668976 -0.0159547050857544
14800 9440 -3978 0.0167016812055423 0.000193496517091990 -0.00527392687702179 -0.0158455991020203
14800 9640 -3978 0.0170398800203666 0.000215353097736836 -0.00667817295455933 -0.0156752397155762
15000 9640 -3978 0.0147416652530663 0.000193360131859779 -0.0064377937107 -0.0132600877647400
15000 9440 -3978 0.0145586307921692 0.000176312992483377 -0.00516602466011047 -0.0136101381874
15000 9240 -3978 0.0144278699316870 0.000160464149981737 -0.00402710467052460 -0.0138537109107971
15000 9040 -3978 0.0143282687474376 0.000143831789076328 -0.00297355355119705 -0.0140155051002502
15000 8840 -3978 0.0142418722768659 0.000128297738760710 -0.00194152212858200 -0.0141083439979553
15000 8640 -3978 0.0141770295727325 0.000111948960125446 -0.000941115460634231 -0.0141453150062561
15000 8440 -3978 0.0141506393786881 9.95000208765268e-05 -6.44473393608132e-06 -0.0141504192161560
15000 8240 -3978 0.0141286367112778 8.14200332462788e-05 0.000964388182640076 -0.0140953569450378
15000 8040 -3978 0.0141227620022847 6.4733966678381e-05 0.00196223992872238 -0.0139855064506531
15000 7840 -3978 0.0141433826348 4.37801351547241e-05 0.00297798836374283 -0.0138263189430237
15000 7640 -3978 0.0141903175696544 2.18863233439624e-05 0.00402847683048248 -0.0136069912376404
15000 7440 -3978 0.0142647869836243 1.07462338850019e-06 0.00515733306026459 -0.0132998519630432
15000 7240 -3978 0.0143675318632 -2.3278054472059e-05 0.00641104968261718 -0.0128579112777710
15200 7240 -3978 0.0122105401259486 -2.87263905033469e-05 0.00593292693328857 -0.0106724857177734
15200 7440 -3978 0.0122062237245884 -8.2537576666291e-06 0.00485406367588043 -0.0111991697349548
15200 7640 -3978 0.0122238646664541 1.2289104054682e-05 0.00380074290847778 -0.0116180067768
15200 7840 -3978 0.0122328968244827 3.29833729974926e-05 0.00284686163616180 -0.0118969767436981
15200 8040 -3978 0.0122579002690447 5.27902510613203e-05 0.00189052780294418 -0.0121110273952484
15200 8240 -3978 0.0122800673471478 6.92035180330276e-05 0.000972905729770660 -0.0122412974834442
15200 8440 -3978 0.0123113929344583 8.39771492779255e-05 4.5883496097289e-05 -0.0123108334941864
15200 8640 -3978 0.0123348914349901 9.77389381378889e-05 -0.000851734339237213 -0.0123049443759918
15200 8840 -3978 0.0123686955131452 0.0001127344608 -0.00178309128952026 -0.0122389748382568
15200 9040 -3978 0.0124151284341108 0.000127113524436951 -0.00276370241355896 -0.0121030410728455
15200 9240 -3978 0.0124570974217924 0.000141415713459253 -0.00375324130249023 -0.0118774944610596
15200 9440 -3978 0.0125111782004433 0.000155577606618404 -0.00480709421157837 -0.0115502817649841
15200 9640 -3978 0.0125883500827442 0.0001712552601 -0.00595997039794922 -0.0110867503318787
15400 9640 -3978 0.0106429742455629 0.000149681216269732 -0.00538135015773773 -0.00918104388427734
15400 9440 -3978 0.0106615359627670 0.000139099104523659 -0.00442258961296081 -0.00969968181037903
15400 9240 -3978 0.0106776719516899 0.000127780196428299 -0.0035059980545 -0.0100849846553802
15400 9040 -3978 0.0106846742723450 0.000114987012028694 -0.00261796242713928 -0.0103584630641937
15400 8840 -3978 0.0106771913119984 0.0001018786381 -0.00173291446685791 -0.0105352420959473
15400 8640 -3978 0.0106587649585988 8.83435010313988e-05 -0.000855933593273163 -0.0106239603290558
15400 8440 -3978 0.0106442467949127 7.6835948318243e-05 -2.96683497410268e-05 -0.0106439281215668
15400 8240 -3978 0.0106060814314145 6.18108476549387e-05 0.000831893802881241 -0.0105732511596680
15400 8040 -3978 0.0105540229683655 4.59326284006238e-05 0.00170652104616165 -0.0104149866790771
15400 7840 -3978 0.0104968720269101 2.79867293983698e-05 0.00258160356903076 -0.0101745111541748
15400 7640 -3978 0.0104339076902731 8.40677843196318e-06 0.00346260038757324 -0.00984323917007447
15400 7440 -3978 0.0103635748915488 -9.47845567530021e-06 0.00437406777 -0.00939543587112427
15400 7240 -3978 0.0102792389983724 -3.05328694917262e-05 0.00533203837585449 -0.00878821695518493
15600 7240 -3978 0.0085864135937 -3.00419794842601e-05 0.00468736508655548 -0.00719367740249634
15600 7440 -3978 0.00870642804177751 -1.30710588330403e-05 0.00390927731513977 -0.00777941316986084
15600 7640 -3978 0.00882451256571828 4.02323673329738e-06 0.00310714762735367 -0.00825992821693420
15600 7840 -3978 0.00890983531626762 2.12323506996036e-05 0.00234738380479813 -0.00859537961006165
15600 8040 -3978 0.00898822591049176 3.72616302967071e-05 0.00156889026808739 -0.00885024696731567
15600 8240 -3978 0.00904332220999258 5.10412418469787e-05 0.000803848985075951 -0.00900730155181885
15600 8440 -3978 0.00908699602662217 6.43452398777008e-05 2.12631182143232e-05 -0.00908655383872986
15600 8640 -3978 0.00910113490215842 7.57618690282106e-05 -0.000738355435252190 -0.00907098488235474
15600 8840 -3978 0.00910149606332940 8.76574109941721e-05 -0.00151564449334145 -0.00897389278411865
15600 9040 -3978 0.00908657419161029 9.97329081296921e-05 -0.00231491928291321 -0.00878623237609863
15600 9240 -3978 0.00904734967372944 0.000109662568032742 -0.00310245393753052 -0.00849883735656738
15600 9440 -3978 0.00898951118326987 0.000118887288510799 -0.00389971604347229 -0.00809856612205505
15600 9640 -3978 0.00891668508561430 0.000128593062579632 -0.00472526827239990 -0.00756073151016235
15800 9640 -3978 0.00742123602867906 0.000110575599849224 -0.00408229000473022 -0.00619659373664856
15800 9440 -3978 0.00753779489126349 0.000103510460779071 -0.00343093081951141 -0.00671054261016846
15800 9240 -3978 0.00762919315099193 9.7179372176528e-05 -0.00277062883234024 -0.00710765937042236
15800 9040 -3978 0.00769434232458036 8.7576904296875e-05 -0.00210414299011230 -0.00740050196456909
15800 8840 -3978 0.00773000615272947 7.79247330129146e-05 -0.00140850475072861 -0.00759999687576294
15800 8640 -3978 0.00773702115118034 6.78469187021255e-05 -0.000704263036489487 -0.00770457718658447
15800 8440 -3978 0.00773217766064197 5.83908317536116e-05 -3.84667094089091e-05 -0.00773202977943421
15800 8240 -3978 0.00769188583328656 4.63877593502402e-05 0.0006550503205 -0.00766399778366089
15800 8040 -3978 0.00762153277383448 3.31634616144001e-05 0.00135693482089043 -0.00750010634994507
15800 7840 -3978 0.00752979880924057 1.84747393336147e-05 0.0020457628045 -0.0072465428543
15800 7640 -3978 0.00742071462073830 2.92765238665379e-06 0.00271671357965469 -0.00690532793998718
15800 7440 -3978 0.0072893682634 -1.1204369914718e-05 0.00337942224121094 -0.00645913677406311
15800 7240 -3978 0.00713429743427048 -2.62886571884155e-05 0.0040332209568 -0.00588419204139710
16000 7240 -3978 0.00590027584807153 -2.07610038835555e-05 0.00342465284824371 -0.00480530438423157
16000 7440 -3978 0.0060586414763 -1.00953932306729e-05 0.0029093454523 -0.00531366863441467
16000 7640 -3978 0.00620565007571813 2.75481466244673e-06 0.00234963639688492 -0.00574333381843567
16000 7840 -3978 0.00631430100175756 1.59672803860158e-05 0.00179326158857346 -0.00605407809543610
16000 8040 -3978 0.00640834653114409 2.90437537133694e-05 0.00120575447463989 -0.00629384224605560
16000 8240 -3978 0.00647166548607765 3.95903387144208e-05 0.000616460822224617 -0.00644222811889649
16000 8440 -3978 0.00651402004279218 4.99836351200938e-05 5.8663126817155e-06 -0.00651382563018799
16000 8640 -3978 0.00652256278749807 5.83882623314858e-05 -0.000586838313579559 -0.00649570473098755
16000 8840 -3978 0.00650600321616109 6.78618940860033e-05 -0.00118535218238831 -0.00639685434436798
16000 9040 -3978 0.00646354608702755 7.60740300267935e-05 -0.00179034282112122 -0.00621052899169922
16000 9240 -3978 0.00638776747135061 8.33285795003176e-05 -0.00236267750215530 -0.00593450822067261
16000 9440 -3978 0.00628381469573043 8.88639319688082e-05 -0.00291837760257721 -0.00556430611133576
16000 9640 -3978 0.00614845600289564 9.48337070941925e-05 -0.00346152802085877 -0.00508065658855438
16200 9640 -3978 0.00507930228272513 8.15122848004103e-05 -0.00290286573505402 -0.00416753458595276
16200 9440 -3978 0.00522405687467733 7.80612653195858e-05 -0.00248857297992706 -0.00459233618927002
16200 9240 -3978 0.00533775295322383 7.36295485794544e-05 -0.00204320350599289 -0.00493097525501251
16200 9040 -3978 0.00542090334299969 6.75886861979961e-05 -0.00157076687383652 -0.00518790094852448
16200 8840 -3978 0.0054716048783 6.09490194767714e-05 -0.0010630249505 -0.00536711449623108
16200 8640 -3978 0.0054927043021 5.29426193833351e-05 -0.000542642531394959 -0.00546542820835113
16200 8440 -3978 0.00549143174894466 4.64820012301207e-05 -3.70855517871678e-05 -0.00549097525405884
16200 8240 -3978 0.00545484648112573 3.67000361606479e-05 0.0004875213114 -0.00543307293891907
16200 8040 -3978 0.00538687375975296 2.73986257873476e-05 0.00101102097487450 -0.00529162632465363
16200 7840 -3978 0.00529384974527785 1.57080910857767e-05 0.0015157119925 -0.00507220026588440
16200 7640 -3978 0.00517899106844968 4.72740840288225e-06 0.00199488393545151 -0.00477910656166077
16200 7440 -3978 0.00504027202357499 -5.45398494253459e-06 0.00244749061775208 -0.00440600932025909
16200 7240 -3978 0.00487334163799429 -1.55383949633688e-05 0.00286659299516678 -0.00394107116413116
16400 7240 -3978 0.00402091006109828 -1.03243835447356e-05 0.00237851752185822 -0.00324272292232514
16400 7440 -3978 0.00417074258459298 -2.61187585643347e-06 0.00205577721452713 -0.00362889334774017
16400 7640 -3978 0.00430853751652840 6.09768307214836e-06 0.00168272226572037 -0.00396673650074005
16400 7840 -3978 0.00441230076067551 1.56674309261143e-05 0.00129622523665428 -0.00421726290702820
16400 8040 -3978 0.00449849265994538 2.53699228316545e-05 0.000876592191696167 -0.00441211626815796
16400 8240 -3978 0.00455727688353526 3.28302968963981e-05 0.000446347540140152 -0.00453517051887512
16400 8440 -3978 0.00459220489243231 4.04497079625726e-05 1.87675222109829e-06 -0.00459194429492951
16400 8640 -3978 0.00459621422698690 4.67106173336506e-05 -0.000434448285341263 -0.0045755306921
16400 8840 -3978 0.00457440685206295 5.32073868662119e-05 -0.0008695646913 -0.00449087496376038
16400 9040 -3978 0.0045255341762 5.96459937095642e-05 -0.00130088953185081 -0.00433471641635895
16400 9240 -3978 0.00444557649476419 6.35176235586405e-05 -0.00169552857685089 -0.00410923097038269
16400 9440 -3978 0.00433580003031953 6.74499612599611e-05 -0.00206505163955688 -0.00381207184123993
16400 9640 -3978 0.00419332205239553 7.03270796686411e-05 -0.00239972584724426 -0.00343741540527344
16600 9640 -3978 0.00346520241226758 6.14885909706354e-05 -0.00197580088663101 -0.0028462617793
16600 9440 -3978 0.00359875716619237 6.01412628442049e-05 -0.0017242504096 -0.00315801275062561
16600 9240 -3978 0.0037041679022 5.76964784860611e-05 -0.00143517401504517 -0.00341435301494598
16600 9040 -3978 0.00378225779369511 5.28456402644515e-05 -0.00111747599077225 -0.00361300505733490
16600 8840 -3978 0.00383269711574110 4.87164796516299e-05 -0.0007648498727 -0.00375529384994507
16600 8640 -3978 0.00385488948275337 4.35816391855478e-05 -0.000392946907460689 -0.00383450565147400
16600 8440 -3978 0.00385631288361625 3.85075855255127e-05 -3.1413055729121e-05 -0.00385595637893677
16600 8240 -3978 0.00382747235117291 3.18835257142782e-05 0.000343911290466786 -0.00381175654602051
16600 8040 -3978 0.00377001547097048 2.4634238883853e-05 0.000718390931010246 -0.00370085453319550
16600 7840 -3978 0.00369056179865085 1.68381805215031e-05 0.00107298266196251 -0.00353076495456696
16600 7640 -3978 0.00359176139607086 9.02065125291119e-06 0.00139798389482498 -0.00330884686946869
16600 7440 -3978 0.00347211004663729 2.28891049898448e-06 0.00169551988554001 -0.00302976127958298
16600 7240 -3978 0.00332718267524711 -4.88276175540523e-06 0.00195475511503220 -0.0026919234147
16800 7240 -3978 0.00276218574754442 -1.32721459496679e-07 0.00160319616317749 -0.00224942930746078
16800 7440 -3978 0.00288279646283237 5.3521417722659e-06 0.00140589990353584 -0.00251673047065735
16800 7640 -3978 0.00299508276398255 1.09348276657984e-05 0.00116283967137337 -0.00276002898025513
16800 7840 -3978 0.00307920026395747 1.70441097021103e-05 0.000901364088535309 -0.00294433898115158
16800 8040 -3978 0.0031498383353 2.30961605086923e-05 0.0006109930762 -0.00308969404792786
16800 8240 -3978 0.00319527255234008 2.92111433036625e-05 0.000312004987359047 -0.00317975043153763
16800 8440 -3978 0.00322253059653552 3.43810114786029e-05 -2.6911544462273e-06 -0.00322229636096954
16800 8640 -3978 0.00322415539902705 3.89605794027448e-05 -0.000309132615089417 -0.00320880706214905
16800 8840 -3978 0.00320344717107821 4.34593811705709e-05 -0.0006129696784 -0.00314375035905838
16800 9040 -3978 0.00315968232249622 4.70428191721439e-05 -0.000908034293174744 -0.0030258368287
16800 9240 -3978 0.00308995338083629 5.01776300445199e-05 -0.00117437191557884 -0.00285786059761047
16800 9440 -3978 0.00299598857112697 5.23298883512616e-05 -0.00141228654026985 -0.00264171456241608
16800 9640 -3978 0.00287524331517802 5.36244384497404e-05 -0.00161789244365692 -0.0023763952136
17000 9640 -3978 0.00239358301191287 4.85309272557497e-05 -0.0013238026123 -0.00199375677585602
17000 9440 -3978 0.00249889553867492 4.78120213747025e-05 -0.00116908470439911 -0.00220789400053024
17000 9240 -3978 0.00258321055337772 4.60988205671311e-05 -0.000982224615812301 -0.00238887254333496
17000 9040 -3978 0.00264638119899376 4.36354507207871e-05 -0.000769019986510277 -0.00253180521726608
17000 8840 -3978 0.00268786954803676 4.05214758440852e-05 -0.000529248024821282 -0.00263494790315628
17000 8640 -3978 0.00270749846744128 3.70769781172275e-05 -0.000274547310411930 -0.00269331864404678
17000 8440 -3978 0.00270943681188728 3.41064902767539e-05 -2.41416110899299e-05 -0.00270901235532761
17000 8240 -3978 0.00268835259361819 2.88626790232956e-05 0.000237082581520081 -0.00267787684965134
17000 8040 -3978 0.00264449393973507 2.40002298802137e-05 0.000496723775625229 -0.00259753937196732
17000 7840 -3978 0.00258398290179872 1.89627866148949e-05 0.000737034039855003 -0.00247656796264648
17000 7640 -3978 0.00250803692244157 1.3251167325303e-05 0.000954364331 -0.00231927935123444
17000 7440 -3978 0.00241594882693408 8.91336395777762e-06 0.00114708286619186 -0.00212654335069656
17000 7240 -3978 0.00230454962471086 4.2312387113343e-06 0.00131016628718376 -0.00189545168638229
17200 7240 -3978 0.0019329467622 8.83751069940626e-06 0.00107288619041443 -0.00160808805704117
17200 7440 -3978 0.00202380440361451 1.210242607072e-05 0.000945915133714676 -0.00178889782476425
17200 7640 -3978 0.0021060472962 1.56262651253492e-05 0.000787986657738685 -0.0019530151205
17200 7840 -3978 0.00216911532491989 1.95631982423365e-05 0.0006135314269 -0.00208045503282547
17200 8040 -3978 0.00222035832499796 2.44137464426458e-05 0.000417889795422554 -0.00218063212871552
17200 8240 -3978 0.00225462678966778 2.76514837555587e-05 0.0002128590154 -0.0022445857563
17200 8440 -3978 0.00227439569967623 3.18524898141623e-05 -4.01562533573997e-06 -0.00227402229928970
17200 8640 -3978 0.00227450544728874 3.43151260018349e-05 -0.000213835581332445 -0.0022641713376
17200 8840 -3978 0.00225763135199512 3.80302862003446e-05 -0.000421231449961662 -0.00221749815559387
17200 9040 -3978 0.00222300769321770 4.06559950783849e-05 -0.000621508411884308 -0.00213391461467743
17200 9240 -3978 0.00216960502005305 4.20200250074267e-05 -0.000797445329546929 -0.00201693771505356
17200 9440 -3978 0.00209792588607990 4.32413265034556e-05 -0.0009523709855 -0.00186921539163589
17200 9640 -3978 0.00200662128278172 4.46548276990652e-05 -0.00108108134865761 -0.00168991065931320
17400 9640 -3978 0.00169039877854800 4.14607037082315e-05 -0.000886908349275589 -0.00143857825064659
17400 9440 -3978 0.00176619825545709 4.10707293748856e-05 -0.000786588407635689 -0.00158084443163872
17400 9240 -3978 0.00182780646955561 4.0383115708828e-05 -0.000664439340591431 -0.00170224073362350
17400 9040 -3978 0.0018751089537 3.80711720585823e-05 -0.000524562626957893 -0.00179995240592957
17400 8840 -3978 0.00190668881566575 3.6327285528183e-05 -0.000363106736958027 -0.00187144224214554
17400 8640 -3978 0.00192203782354054 3.34699763134122e-05 -0.000188330986142159 -0.0019124959073
17400 8440 -3978 0.00192406038424936 3.15184729769826e-05 -1.74804452862591e-05 -0.00192374108409882
17400 8240 -3978 0.0019092383731 2.87081458345055e-05 0.000160753770589828 -0.00190200528812408
17400 8040 -3978 0.00187758517052464 2.55293378867209e-05 0.000337411979973316 -0.00184684257078171
17400 7840 -3978 0.00183416943158336 2.11954788323492e-05 0.000499992598533630 -0.00176454856252670
17400 7640 -3978 0.00177890871384412 1.83642038293183e-05 0.000645711148023605 -0.00165751423788071
17400 7440 -3978 0.0017132498091 1.47174300961196e-05 0.000772294813752175 -0.00152916338467598
17400 7240 -3978 0.00163308856051668 1.24867317788303e-05 0.000878026476144791 -0.00137665284538269
17600 7240 -3978 0.00138796666193117 1.57663980647922e-05 0.000722143299698830 -0.00118520543789864
17600 7440 -3978 0.00145056560814355 1.80745136551559e-05 0.000638477065086365 -0.00130245281291008
17600 7640 -3978 0.00150902081372464 2.01871434748173e-05 0.000533240309953690 -0.00141132035064697
17600 7840 -3978 0.0015534644717 2.28183840103447e-05 0.000416104484319687 -0.00149657290577889
17600 8040 -3978 0.00159024228295589 2.60748458206654e-05 0.000283303620457649 -0.0015644754517
17600 8240 -3978 0.00161431239085697 2.8510740827769e-05 0.000144136607825756 -0.00160743792986870
17600 8440 -3978 0.00162816462443127 3.07763654850423e-05 -3.21692243863072e-06 -0.00162787054491043
17600 8640 -3978 0.00162726300877453 3.32044297903776e-05 -0.000146422041714191 -0.00162020103311539
17600 8840 -3978 0.00161470646444803 3.5422354310751e-05 -0.000288614733040333 -0.00158827690291405
17600 9040 -3978 0.00158916228418634 3.7025279507041e-05 -0.000421934049725533 -0.00153200372719765
17600 9240 -3978 0.00155048700204860 3.80530552491546e-05 -0.0005394392122 -0.0014529628992
17600 9440 -3978 0.00149892117966025 3.91596084237099e-05 -0.000642259336590767 -0.00135378512787819
17600 9640 -3978 0.00143449354876060 3.99736541360617e-05 -0.000727681295633316 -0.00123544036149979
17800 9640 -3978 0.00122335034626987 3.84696854352951e-05 -0.000600172496795654 -0.00106533658838272
17800 9440 -3978 0.00127628717002843 3.81879767403007e-05 -0.000533354896783829 -0.0011589657433
17800 9240 -3978 0.00131995917994213 3.73129290565848e-05 -0.000450891076445580 -0.00123983644819260
17800 9040 -3978 0.00135310280247104 3.63240617141128e-05 -0.000356267960965633 -0.00130478843116760
17800 8840 -3978 0.00137549680703324 3.49418501034379e-05 -0.0002468053261 -0.00135272231602669
17800 8640 -3978 0.00138682062183240 3.31071970611811e-05 -0.000128261957019568 -0.00138041871142387
17800 8440 -3978 0.00138867848148525 3.19072686545551e-05 -1.19838987672701e-05 -0.00138824301719666
17800 8240 -3978 0.00137842621457509 3.00434850901365e-05 0.000109482188522816 -0.0013738527379
17800 8040 -3978 0.00135694888033635 2.76724371984601e-05 0.000229000812590122 -0.00133733513617516
17800 7840 -3978 0.00132629563597398 2.5156269416213e-05 0.000339158322274685 -0.0012820509262
17800 7640 -3978 0.00128838561131345 2.25015487633646e-05 0.000437524939775467 -0.00121161177396774
17800 7440 -3978 0.00124246215572837 2.10113767459989e-05 0.000523368981 -0.00112648697614670
17800 7240 -3978 0.00118710784914903 1.90713066980243e-05 0.000594716417670250 -0.00102716862273216
18000 7240 -3978 0.00102198334775953 2.19011622779071e-05 0.000493016923785210 -0.000894569366216660
18000 7440 -3978 0.00106543213176436 2.32904658839107e-05 0.0004347732886 -0.000972377286672592
18000 7640 -3978 0.00110521060047888 2.48024045079947e-05 0.000363001029431820 -0.00104377733349800
18000 7840 -3978 0.00113595469202695 2.63199625387788e-05 0.000282829802811146 -0.00109995114183426
18000 8040 -3978 0.00116140933433178 2.83055952824652e-05 0.000192696085393429 -0.00114496229362488
18000 8240 -3978 0.00117778142487952 3.02527104541659e-05 9.78668172508478e-05 -0.00117319864249229
18000 8440 -3978 0.00118657414311405 3.16779415309429e-05 -1.47972199201467e-06 -0.00118612921977043
18000 8640 -3978 0.00118609236845063 3.309614893049e-05 -9.99624601304531e-05 -0.00118144158554077
18000 8840 -3978 0.00117689614461580 3.45948603451252e-05 -0.000195569993764162 -0.0011599772222
18000 9040 -3978 0.00115868164877549 3.55340639576316e-05 -0.000287761169433594 -0.00112181727695465
18000 9240 -3978 0.00113162099543457 3.64001125171781e-05 -0.000367947677969933 -0.00106951185846329
18000 9440 -3978 0.00109609320183013 3.67343678995967e-05 -0.000437873233675957 -0.00100428919124603
18000 9640 -3978 0.00105170356715915 3.73827007710934e-05 -0.000496891316175461 -0.000926303226947784
18200 9640 -3978 0.0009087748494 3.69021476432681e-05 -0.000413400570511818 -0.000808624335527420
18200 9440 -3978 0.0009444326646 3.71254362016916e-05 -0.000365856012940407 -0.000869957053184509
18200 9240 -3978 0.000974659887897728 3.65291919335723e-05 -0.000309187124431133 -0.000923695729255676
18200 9040 -3978 0.000997308291591942 3.57517441660166e-05 -0.000244016456246376 -0.000966334109067917
18200 8840 -3978 0.00101366004481676 3.46149004548788e-05 -0.000169470761954784 -0.000998793349981308
18200 8640 -3978 0.0010220856693 3.31401995494962e-05 -8.87997531443835e-05 -0.00101755196762085
18200 8440 -3978 0.00102345739497314 3.24618792682886e-05 -8.66953222337179e-06 -0.00102286213803291
18200 8240 -3978 0.00101681011136218 3.12053277641535e-05 7.44584099650383e-05 -0.00101341507649422
18200 8040 -3978 0.00100240357247175 2.95679337829351e-05 0.000156191565066576 -0.000989699506282806
18200 7840 -3978 0.0009812099236 2.78603678643703e-05 0.000231934614121914 -0.000952996877670288
18200 7640 -3978 0.000954920722746441 2.63635062165558e-05 0.000300068176269531 -0.000906061116933823
18200 7440 -3978 0.000923196411739147 2.54133997000754e-05 0.000359540176033974 -0.000849769665
18200 7240 -3978 0.000885269024224334 2.42634695917368e-05 0.000409489191174507 -0.0007846520673
18400 7240 -3978 0.000771399587874784 2.65779792331159e-05 0.000342495029628277 -0.000690840439081192
18400 7440 -3978 0.000801234143119165 2.73070084713399e-05 0.000301413951992989 -0.000741876073837280
18400 7640 -3978 0.000828401209197873 2.83536204583943e-05 0.0002510905115 -0.000788967808127403
18400 7840 -3978 0.000849540203978035 2.99206292703748e-05 0.000195753324449062 -0.000825978775978088
18400 8040 -3978 0.000866617490610966 3.09712110050023e-05 0.000133037070393562 -0.000855868251562118
18400 8240 -3978 0.000878081242471935 3.20139046534896e-05 6.77660554498434e-05 -0.000874805711984634
18400 8440 -3978 0.000884060937162072 3.29883963018656e-05 -1.90732277114148e-06 -0.000883443189144134
18400 8640 -3978 0.000883715181145703 3.38344734460115e-05 -6.94120866209269e-05 -0.0008803235259
18400 8840 -3978 0.0008766460431 3.50072825029492e-05 -0.000134866876393557 -0.000865456483125687
18400 9040 -3978 0.000863953138371088 3.56672651022673e-05 -0.000198175190091133 -0.000840198373794556
18400 9240 -3978 0.000844810547553150 3.64532613530755e-05 -0.000253720927417278 -0.000804986564040184
18400 9440 -3978 0.000820830645113510 3.64138265326619e-05 -0.000303009706556797 -0.000761985629081726
18400 9640 -3978 0.000790222162318912 3.71773441880941e-05 -0.000344891268730164 -0.000709940139174461
18600 9640 -3978 0.000691263155757077 3.66872239783406e-05 -0.000289687848329544 -0.000626560716867447
18600 9440 -3978 0.000716180285721547 3.66413574814796e-05 -0.000255541727185249 -0.000667911357283592
18600 9240 -3978 0.000736701741664070 3.63579346686602e-05 -0.000215014064013958 -0.000703674400091171
18600 9040 -3978 0.000752660482449032 3.62084140628576e-05 -0.000169258730262518 -0.000732335579872131
18600 8840 -3978 0.000763370374310999 3.5631358332932e-05 -0.000116611127287149 -0.000753569226861000
18600 8640 -3978 0.000769651517293440 3.46289423629641e-05 -6.08869309723377e-05 -0.000766346760153771
18600 8440 -3978 0.000770634329423362 3.40991702973843e-05 -5.71772373002023e-06 -0.000770004092693329
18600 8240 -3978 0.000766324362444068 3.30247895717621e-05 5.20774573162198e-05 -0.000763829569578171
18600 8040 -3978 0.000756437705473467 3.23365503251553e-05 0.000108982662752271 -0.000747744417428970
18600 7840 -3978 0.000741800047556752 3.15556374043226e-05 0.000161823665857315 -0.000723222600221634
18600 7640 -3978 0.000724415275696744 2.9818546436727e-05 0.000209234230071306 -0.000692899258852005
18600 7440 -3978 0.000702391388955194 2.96148772537708e-05 0.000251597137153149 -0.000655012027382851
18600 7240 -3978 0.000676680565879303 2.8918628513813e-05 0.000287537723839283 -0.000611944460034371
18800 7240 -3978 0.000596530074254009 3.07545483969152e-05 0.000242889472424984 -0.000543848041176796
18800 7440 -3978 0.000616731559243366 3.13316608555615e-05 0.000212618222832680 -0.000577993554115296
18800 7640 -3978 0.000635625115368643 3.21745095476508e-05 0.000176793493390083 -0.000609552958250046
18800 7840 -3978 0.000649870119178269 3.2904791995883e-05 0.000137516421020031 -0.000634300938367844
18800 8040 -3978 0.000662069049090452 3.34617200568318e-05 9.32715417146683e-05 -0.000654474157094956
18800 8240 -3978 0.000669246377418818 3.43592646121979e-05 4.75456202551723e-05 -0.000666560261964798
18800 8440 -3978 0.000673087077042743 3.50277441293001e-05 -6.65276677846123e-07 -0.000672247260332107
18800 8640 -3978 0.000672998996966422 3.55666086450219e-05 -4.77199497297406e-05 -0.0006703827064
18800 8840 -3978 0.000668394038461430 3.5753303937614e-05 -9.40747744143009e-05 -0.0006607739619
18800 9040 -3978 0.000659216136647803 3.65581955686212e-05 -0.000138580427169800 -0.000643450825810432
18800 9240 -3978 0.000645959695128934 3.69242133945227e-05 -0.000178056976944208 -0.0006197000041
18800 9440 -3978 0.000628746996995339 3.74092198684812e-05 -0.0002131118592 -0.000590394668579101
18800 9640 -3978 0.000608284469970185 3.73453848287463e-05 -0.000243926867246628 -0.000555987025380135
19000 9640 -3978 0.000537484967038599 3.83486880585551e-05 -0.000206561017930508 -0.0004947241795
19000 9440 -3978 0.000554955847650101 3.77651721835136e-05 -0.000181216024219990 -0.000523264610171318
19000 9240 -3978 0.000569362969674095 3.75991479828954e-05 -0.000151851501882076 -0.000547525306940079
19000 9040 -3978 0.000580250639213197 3.7489604793489e-05 -0.000118961961 -0.000566682717680931
19000 8840 -3978 0.000588262214664209 3.70643564835191e-05 -8.1975024715066e-05 -0.000581269451975822
19000 8640 -3978 0.000592618416987885 3.65647834613919e-05 -4.241041277349e-05 -0.000590030616641045
19000 8440 -3978 0.0005937424959 3.58539652973414e-05 -3.57691659703778e-06 -0.000592648167371750
19000 8240 -3978 0.000590479319548345 3.55363156497478e-05 3.72688787356019e-05 -0.0005883406074
19000 8040 -3978 0.000584007150992862 3.4747058853507e-05 7.74941440075636e-05 -0.000577709359884262
19000 7840 -3978 0.000574287836299715 3.40933138355613e-05 0.000114677721232176 -0.000561625387668610
19000 7640 -3978 0.000561788057274336 3.35258710756898e-05 0.000148790766268969 -0.000540699709415436
19000 7440 -3978 0.000546620908082367 3.32728588432074e-05 0.0001792516469 -0.000515352761149407
19000 7240 -3978 0.000528862650313591 3.27233211174607e-05 0.000205947685956955 -0.000486014853477478
