# amount of points in x direction: 66 (distance of 200 steps)
# amount of points in y direction: 11 (distance of 200 steps)
# abs. coordinates of point 1: P1 (, , ) (offsets not corrected)
# Offsets of the hall probe have already been corrected for all following coordinates.
#
# X (absolute in steps=10um) Y (absolute in steps=10um) Z (absolute in steps=10um) Babs(in T) Bx By Bz
6000 15040 -4978 4.71011018022504e-05 3.9843989148736e-05 5.48647232237272e-06 -2.451262819767e-05
6000 15240 -4978 4.72283945798311e-05 3.99887718260288e-05 5.92566060880199e-06 -2.43993695676327e-05
6000 15440 -4978 4.77819890409919e-05 4.06448655799031e-05 6.74712432222441e-06 -2.43203251771629e-05
6000 15640 -4978 4.79228916106838e-05 4.08509201556444e-05 7.27762334700674e-06 -2.39887514747679e-05
6000 15840 -4978 4.82946328003803e-05 4.12647304162383e-05 7.80607597902417e-06 -2.39800300039351e-05
6000 16040 -4978 4.85883227272008e-05 4.16683422476053e-05 8.10031987819821e-06 -2.36423175185919e-05
6000 16240 -4978 4.88225958301967e-05 4.186914229393e-05 8.73640579730272e-06 -2.34116652160883e-05
6000 16440 -4978 4.91275259693831e-05 4.23193621858954e-05 9.10791468247771e-06 -2.32127884291112e-05
6000 16640 -4978 4.90546926313553e-05 4.2275215819478e-05 9.767248891294e-06 -2.30182998068631e-05
6000 16840 -4978 4.93967851819647e-05 4.27042797803879e-05 9.86607624497265e-06 -2.26988416872919e-05
6000 17040 -4978 4.94315898253951e-05 4.28321214988828e-05 1.00813465276733e-05 -2.25223864801228e-05
6200 17040 -4978 4.90381260356863e-05 4.22258087694645e-05 1.05893382653594e-05 -2.26162561029196e-05
6200 16840 -4978 4.9083289411224e-05 4.21613761037588e-05 1.02979433378205e-05 -2.29520294368267e-05
6200 16640 -4978 4.89023858395747e-05 4.19156864583492e-05 1.00212235208601e-05 -2.31097119301558e-05
6200 16440 -4978 4.86424885702262e-05 4.16168665885925e-05 9.56979899480939e-06 -2.34022295027971e-05
6200 16240 -4978 4.85023479513242e-05 4.13158931583166e-05 8.98336513154209e-06 -2.36705413870514e-05
6200 16040 -4978 4.8159317985012e-05 4.09277569875121e-05 8.49875527899713e-06 -2.39802494421601e-05
6200 15840 -4978 4.80988581816632e-05 4.06098266690969e-05 8.03015505708754e-06 -2.44920139238238e-05
6200 15640 -4978 4.7699676633267e-05 4.01839611530304e-05 7.58182088006288e-06 -2.45462712347507e-05
6200 15440 -4978 4.72876453939407e-05 3.96496233344078e-05 6.80453864764423e-06 -2.485462648049e-05
6200 15240 -4978 4.6946360715568e-05 3.93605841323733e-05 6.11840103613213e-06 -2.48085943348706e-05
6200 15040 -4978 4.66948271444931e-05 3.89521776363254e-05 5.45963440975174e-06 -2.50956613235176e-05
6400 15040 -4978 4.62158816945517e-05 3.80155106335879e-05 5.30447100219317e-06 -2.57141156382859e-05
6400 15240 -4978 4.67353020069685e-05 3.83919585421681e-05 6.23294869530946e-06 -2.58559204675257e-05
6400 15440 -4978 4.72383299739996e-05 3.91366363614798e-05 6.94603786477819e-06 -2.53695260696113e-05
6400 15640 -4978 4.75974498895135e-05 3.95180000960827e-05 7.7794791944325e-06 -2.53519419133663e-05
6400 15840 -4978 4.7736306273958e-05 3.98448686823249e-05 8.43456034176052e-06 -2.48264418691397e-05
6400 16040 -4978 4.80105126516143e-05 4.03327795565128e-05 8.79607391543687e-06 -2.45039860382676e-05
6400 16240 -4978 4.81885746992018e-05 4.0567947588861e-05 9.36039242148399e-06 -2.42940390333533e-05
6400 16440 -4978 4.83338146507014e-05 4.0975402072072e-05 9.82319063320756e-06 -2.37048719897866e-05
6400 16640 -4978 4.85450173959488e-05 4.12791327089071e-05 1.022236417979e-05 -2.34797894023359e-05
6400 16840 -4978 4.87845697383355e-05 4.16392205879092e-05 1.05461521539837e-05 -2.31581302769482e-05
6400 17040 -4978 4.87435183774465e-05 4.17196667194366e-05 1.07255541365594e-05 -2.28114550411701e-05
6600 17040 -4978 4.87580471952145e-05 4.14545994624496e-05 1.10266337161884e-05 -2.3161993637681e-05
6600 16840 -4978 4.83244482605201e-05 4.11108753532171e-05 1.06963011603802e-05 -2.29665705189109e-05
6600 16640 -4978 4.83747811110746e-05 4.07950448095798e-05 1.04359104121104e-05 -2.37782945111394e-05
6600 16440 -4978 4.83009170595827e-05 4.04712155163288e-05 1.01712678410113e-05 -2.42930746376514e-05
6600 16240 -4978 4.77568889060108e-05 3.99340764656663e-05 9.57237466983497e-06 -2.44515549503267e-05
6600 16040 -4978 4.77898980239122e-05 3.98005129992962e-05 9.10926817264408e-06 -2.48357555046678e-05
6600 15840 -4978 4.74972044091139e-05 3.92197708934545e-05 8.59404516033828e-06 -2.53759016692638e-05
6600 15640 -4978 4.72368280489976e-05 3.87474131807685e-05 8.12485588248819e-06 -2.5897617392242e-05
6600 15440 -4978 4.67413054722831e-05 3.80136318281293e-05 7.23378768004477e-06 -2.60651095993817e-05
6600 15240 -4978 4.65039351712623e-05 3.76471078842878e-05 6.49508882593364e-06 -2.65580201782286e-05
6600 15040 -4978 4.59000303398523e-05 3.6983483210206e-05 5.74206681246869e-06 -2.66426878012717e-05
6800 15040 -4978 4.5845029408592e-05 3.60594074800611e-05 5.94734683865681e-06 -2.7678781028837e-05
6800 15240 -4978 4.6266869685139e-05 3.66101487353444e-05 6.71913584414869e-06 -2.75147051662207e-05
6800 15440 -4978 4.66088686560612e-05 3.72989192083478e-05 7.53620175085962e-06 -2.68087452761829e-05
6800 15640 -4978 4.69035924679445e-05 3.77028624266386e-05 8.19078704155982e-06 -2.66019442602992e-05
6800 15840 -4978 4.71536418897036e-05 3.83052182644606e-05 8.91603787243366e-06 -2.60155478678644e-05
6800 16040 -4978 4.75280663720306e-05 3.89541337192059e-05 9.71903933677822e-06 -2.54368400871754e-05
6800 16240 -4978 4.76675575956394e-05 3.92361614406109e-05 1.00724230576307e-05 -2.49653331227601e-05
6800 16440 -4978 4.78914789608269e-05 3.98005524203181e-05 1.0480970358476e-05 -2.45054984092712e-05
6800 16640 -4978 4.81589940954125e-05 4.03488977178931e-05 1.09922503810376e-05 -2.40533095858991e-05
6800 16840 -4978 4.8342425012398e-05 4.07091950923204e-05 1.10900337249041e-05 -2.36548874862492e-05
6800 17040 -4978 4.8348626322933e-05 4.09076646417379e-05 1.13439946733415e-05 -2.31754122599959e-05
7000 17040 -4978 4.81770379609758e-05 4.03200051039457e-05 1.18799674790353e-05 -2.35674641802907e-05
7000 16840 -4978 4.81630088473413e-05 4.01843951418996e-05 1.1585047615692e-05 -2.3940788500011e-05
7000 16640 -4978 4.77243919869348e-05 3.9564264036715e-05 1.12533572744578e-05 -2.42038609795272e-05
7000 16440 -4978 4.76605907921716e-05 3.91935554817319e-05 1.09567385260016e-05 -2.46941912993789e-05
7000 16240 -4978 4.75226014428006e-05 3.88013062849641e-05 1.0585461365059e-05 -2.51235206015408e-05
7000 16040 -4978 4.73265112744966e-05 3.8275111541152e-05 1.02856943160295e-05 -2.58654015697539e-05
7000 15840 -4978 4.70603231380598e-05 3.76437719464302e-05 9.48303964361549e-06 -2.64887514077127e-05
7000 15640 -4978 4.67045475815159e-05 3.6983285561204e-05 8.9070266308263e-06 -2.70557546466589e-05
7000 15440 -4978 4.62170975288582e-05 3.60877708047628e-05 8.11737739387899e-06 -2.78669822774827e-05
7000 15240 -4978 4.60772095338567e-05 3.55858275145292e-05 7.14605462364853e-06 -2.8250129647553e-05
7000 15040 -4978 4.56472877543117e-05 3.48920886218548e-05 6.16453265445307e-06 -2.87623991891742e-05
7200 15040 -4978 4.58623319991564e-05 3.39273473992944e-05 6.61016698274761e-06 -3.01428977921605e-05
7200 15240 -4978 4.6197647705798e-05 3.47497386261821e-05 7.67273305635899e-06 -2.94215605743229e-05
7200 15440 -4978 4.64093398045667e-05 3.52772268727422e-05 8.54170804005116e-06 -2.87732948884368e-05
7200 15640 -4978 4.66517023254171e-05 3.60782530456781e-05 9.52236220147461e-06 -2.81940160766244e-05
7200 15840 -4978 4.69896148359756e-05 3.67936818748713e-05 1.01693564997986e-05 -2.73182189650834e-05
7200 16040 -4978 4.70554431788906e-05 3.73980845883489e-05 1.06812465060502e-05 -2.64860147051513e-05
7200 16240 -4978 4.7245215958931e-05 3.78745147809386e-05 1.11266254773363e-05 -2.59341501258314e-05
7200 16440 -4978 4.76469710738985e-05 3.85478266701102e-05 1.14261512979865e-05 -2.55075886026025e-05
7200 16640 -4978 4.76107003184038e-05 3.9042566716671e-05 1.18530818521976e-05 -2.45392251312733e-05
7200 16840 -4978 4.7832743251478e-05 3.95342091992498e-05 1.22630321197212e-05 -2.3909925032407e-05
7200 17040 -4978 4.80106904811771e-05 3.99260036274791e-05 1.22014610152692e-05 -2.3707909733057e-05
7400 17040 -4978 4.77540825047141e-05 3.93876730948687e-05 1.25845270249993e-05 -2.36758394315839e-05
7400 16840 -4978 4.76109993256128e-05 3.89945050925017e-05 1.26427059546113e-05 -2.43434117399156e-05
7400 16640 -4978 4.74143912846828e-05 3.83732069805265e-05 1.23203746341169e-05 -2.48230242989957e-05
7400 16440 -4978 4.73711751524992e-05 3.79216875731945e-05 1.21358143743128e-05 -2.55936661623418e-05
7400 16240 -4978 4.71432674337525e-05 3.72464748322964e-05 1.17335625421256e-05 -2.61549224294722e-05
7400 16040 -4978 4.70341399318045e-05 3.67115754783153e-05 1.12815162148327e-05 -2.71513892263174e-05
7400 15840 -4978 4.71011458726738e-05 3.6262416549027e-05 1.08635726757348e-05 -2.79731573536992e-05
7400 15640 -4978 4.68467372619768e-05 3.55187986493111e-05 1.0157428692095e-05 -2.88752564452589e-05
7400 15440 -4978 4.63790337308084e-05 3.43264685571194e-05 9.35084874834866e-06 -2.97525373473763e-05
7400 15240 -4978 4.6379756569449e-05 3.36334745809436e-05 8.45548418536782e-06 -3.07978067100048e-05
7400 15040 -4978 4.60924531727354e-05 3.27340412735939e-05 7.2395231584087e-06 -3.15102425888181e-05
7600 15040 -4978 4.6429058924396e-05 3.14338500425219e-05 7.89094458054751e-06 -3.34093718081713e-05
7600 15240 -4978 4.65310101835947e-05 3.23412520289421e-05 9.17317353747785e-06 -3.22236387655139e-05
7600 15440 -4978 4.6706415960839e-05 3.33215665668249e-05 1.02730682883412e-05 -3.10750759616494e-05
7600 15640 -4978 4.67609303244503e-05 3.41446149498224e-05 1.10885623786598e-05 -2.99628713428974e-05
7600 15840 -4978 4.68457708738476e-05 3.51531222984195e-05 1.16563214119524e-05 -2.8730224378407e-05
7600 16040 -4978 4.70483259525751e-05 3.59125322401523e-05 1.21651149764657e-05 -2.76493668630719e-05
7600 16240 -4978 4.71039653148743e-05 3.6591769374907e-05 1.26770554073155e-05 -2.69655074849725e-05
7600 16440 -4978 4.71509358262065e-05 3.72956050932407e-05 1.26785971447825e-05 -2.60748230703175e-05
7600 16640 -4978 4.72713670184475e-05 3.78508247584104e-05 1.29290721770376e-05 -2.51939734369516e-05
7600 16840 -4978 4.73050002303084e-05 3.82764486819506e-05 1.31399171408266e-05 -2.43545943982899e-05
7600 17040 -4978 4.75394729478073e-05 3.88166938200593e-05 1.33406707178801e-05 -2.4023231677711e-05
7800 17040 -4978 4.72928302514952e-05 3.83560127541423e-05 1.37810655236244e-05 -2.39276635199785e-05
7800 16840 -4978 4.73241024300338e-05 3.80220955610275e-05 1.37227693647146e-05 -2.46541720069945e-05
7800 16640 -4978 4.70319886624214e-05 3.7214362539351e-05 1.3783752316609e-05 -2.52409855276346e-05
7800 16440 -4978 4.70916934430631e-05 3.66092209964991e-05 1.3592741722241e-05 -2.63178627900779e-05
7800 16240 -4978 4.69271175287948e-05 3.58503316864371e-05 1.33446569107473e-05 -2.70797503106296e-05
7800 16040 -4978 4.6965401750576e-05 3.52224055826664e-05 1.32476592734456e-05 -2.81271182484925e-05
7800 15840 -4978 4.69528531170258e-05 3.4292834289372e-05 1.27594352960587e-05 -2.95111828073859e-05
7800 15640 -4978 4.69340118363944e-05 3.3248106315732e-05 1.22191486228257e-05 -3.08047936633229e-05
7800 15440 -4978 4.70028439212324e-05 3.23750430122018e-05 1.14160782285035e-05 -3.21060287877917e-05
7800 15240 -4978 4.70314162100658e-05 3.12769664302468e-05 1.0312243456021e-05 -3.35398523882032e-05
7800 15040 -4978 4.72094933583629e-05 3.01443713456392e-05 8.97586071211845e-06 -3.51600765660405e-05
8000 15040 -4978 4.82435184880734e-05 2.8907518889755e-05 1.04116813596338e-05 -3.74009752571583e-05
8000 15240 -4978 4.7844302757341e-05 2.99744316339493e-05 1.20343174878508e-05 -3.54200420305133e-05
8000 15440 -4978 4.7557139464359e-05 3.11152973696589e-05 1.29087304305285e-05 -3.37449294403195e-05
8000 15640 -4978 4.72480099510758e-05 3.21854278892279e-05 1.36550786588341e-05 -3.16081018000841e-05
8000 15840 -4978 4.69719570645933e-05 3.33792550265789e-05 1.38276591934264e-05 -2.99666554480791e-05
8000 16040 -4978 4.69906959139676e-05 3.42179403528571e-05 1.41588106751442e-05 -2.88242769315839e-05
8000 16240 -4978 4.68717183187822e-05 3.49807911589742e-05 1.43369787968695e-05 -2.76206373386085e-05
8000 16440 -4978 4.6857643397957e-05 3.59358623027802e-05 1.43112721219659e-05 -2.64469286613166e-05
8000 16640 -4978 4.68656181653797e-05 3.6490937449038e-05 1.43587735202163e-05 -2.54113458655775e-05
8000 16840 -4978 4.70670618244876e-05 3.73546819463372e-05 1.43210262637585e-05 -2.47568429633975e-05
8000 17040 -4978 4.70777246928062e-05 3.77369881719351e-05 1.4284213854e-05 -2.42490298636258e-05
8200 17040 -4978 4.71226147551723e-05 3.74294273406267e-05 1.52996709700674e-05 -2.41521246731281e-05
8200 16840 -4978 4.68782054214738e-05 3.67553866282105e-05 1.50817299354821e-05 -2.48775999248028e-05
8200 16640 -4978 4.68345806917385e-05 3.60495125353336e-05 1.51521502081305e-05 -2.5774462915957e-05
8200 16440 -4978 4.69280064410829e-05 3.52945533692837e-05 1.53056125342846e-05 -2.66589696258306e-05
8200 16240 -4978 4.69255890273284e-05 3.44927456825972e-05 1.55443152263761e-05 -2.77356019467115e-05
8200 16040 -4978 4.68162828549911e-05 3.34157081395388e-05 1.54584704134613e-05 -2.89171521365643e-05
8200 15840 -4978 4.71198648660716e-05 3.24372593387961e-05 1.53169734962285e-05 -3.05284420475364e-05
8200 15640 -4978 4.75587073259698e-05 3.12957433462143e-05 1.50893180221319e-05 -3.23774288743734e-05
8200 15440 -4978 4.8040211443166e-05 3.0065213046968e-05 1.46159077230841e-05 -3.45010162368417e-05
8200 15240 -4978 4.90098562660248e-05 2.88856683112681e-05 1.36916187833995e-05 -3.68814499303699e-05
8200 15040 -4978 4.97707697224541e-05 2.73287126868963e-05 1.26119395326823e-05 -3.96725911647081e-05
8400 15040 -4978 5.17747307175494e-05 2.60247210524976e-05 1.54115898534656e-05 -4.21583449020982e-05
8400 15240 -4978 5.04059667073603e-05 2.765901273489e-05 1.63959144260734e-05 -3.88948752805591e-05
8400 15440 -4978 4.90039348134246e-05 2.89460121206939e-05 1.68427872471511e-05 -3.57440719529986e-05
8400 15640 -4978 4.81122186358979e-05 3.03090314045548e-05 1.7065262708813e-05 -3.32404122427106e-05
8400 15840 -4978 4.73292332247686e-05 3.14856308177114e-05 1.69611062258482e-05 -3.1000520080328e-05
8400 16040 -4978 4.70153973037969e-05 3.26504595428705e-05 1.68452754095197e-05 -2.93515780195594e-05
8400 16240 -4978 4.67876664302065e-05 3.35117051005363e-05 1.66414276193827e-05 -2.79074895530939e-05
8400 16440 -4978 4.66500835235776e-05 3.45282096043229e-05 1.6424078989774e-05 -2.68380809165537e-05
8400 16640 -4978 4.6601625934237e-05 3.5321470990777e-05 1.61341210994869e-05 -2.57642264217138e-05
8400 16840 -4978 4.65839476550773e-05 3.60760432630777e-05 1.57760749571025e-05 -2.49158280156553e-05
8400 17040 -4978 4.66704995575119e-05 3.68273501619697e-05 1.54733290448785e-05 -2.405311415717e-05
8600 17040 -4978 4.64552101314947e-05 3.62514029890299e-05 1.62698151450604e-05 -2.39661396369338e-05
8600 16840 -4978 4.64823664340776e-05 3.56398802250624e-05 1.6790372479707e-05 -2.45285295657813e-05
8600 16640 -4978 4.6340593360281e-05 3.4687625773251e-05 1.68830178566277e-05 -2.57452794574201e-05
8600 16440 -4978 4.63599831517777e-05 3.38167808949947e-05 1.72630906105042e-05 -2.66018621586263e-05
8600 16240 -4978 4.66916144121392e-05 3.28433104529977e-05 1.7949508048594e-05 -2.79274173639715e-05
8600 16040 -4978 4.70080719782935e-05 3.18646842911839e-05 1.83535478003323e-05 -2.92907155752182e-05
8600 15840 -4978 4.75266944620968e-05 3.0740510545671e-05 1.88205761387944e-05 -3.09415104389191e-05
8600 15640 -4978 4.84648607305883e-05 2.93446750827134e-05 1.92501649297774e-05 -3.32191514223814e-05
8600 15440 -4978 4.98677747371117e-05 2.80016264840961e-05 1.95736031271517e-05 -3.63012191951275e-05
8600 15240 -4978 5.16456916951474e-05 2.63070543706417e-05 1.97256349176168e-05 -3.98260679468512e-05
8600 15040 -4978 5.42980709701647e-05 2.44802833497524e-05 1.91551126725972e-05 -4.45913872420788e-05
8800 15040 -4978 5.68858714992863e-05 2.32860783003271e-05 2.41079071685672e-05 -4.59626995027065e-05
8800 15240 -4978 5.29424189629807e-05 2.50884152315557e-05 2.37343433499336e-05 -4.02084917798638e-05
8800 15440 -4978 5.05189394087749e-05 2.67456620372832e-05 2.27914038784802e-05 -3.63020022362471e-05
8800 15640 -4978 4.87698915581599e-05 2.83258123025298e-05 2.1716425511986e-05 -3.33301664441824e-05
8800 15840 -4978 4.75312180690367e-05 2.9701136149466e-05 2.06288414932787e-05 -3.08465573638678e-05
8800 16040 -4978 4.6949444717383e-05 3.11281759887934e-05 2.00152227990329e-05 -2.90023741051555e-05
8800 16240 -4978 4.66989718411233e-05 3.22595631405711e-05 1.93058996088803e-05 -2.76027181819081e-05
8800 16440 -4978 4.64787704353019e-05 3.33318491354585e-05 1.84607550948858e-05 -2.66802166216075e-05
8800 16640 -4978 4.62160002511922e-05 3.42197756171227e-05 1.78258430697024e-05 -2.54089777693152e-05
8800 16840 -4978 4.61463214793773e-05 3.50435663312674e-05 1.73843779601157e-05 -2.44788653291762e-05
8800 17040 -4978 4.61042530029546e-05 3.57057884112001e-05 1.67638185583055e-05 -2.39746201336384e-05
9000 17040 -4978 4.58574331398674e-05 3.51082766130567e-05 1.75686624534428e-05 -2.36954052858055e-05
9000 16840 -4978 4.585910549484e-05 3.46161259710789e-05 1.7966810375452e-05 -2.42297861762345e-05
9000 16640 -4978 4.60406080060188e-05 3.37596126422286e-05 1.86442370042205e-05 -2.51453728377819e-05
9000 16440 -4978 4.61624233291841e-05 3.26710024774075e-05 1.93969661779702e-05 -2.61784211099148e-05
9000 16240 -4978 4.62177827032912e-05 3.13751841112971e-05 2.03234224058688e-05 -2.71779278405011e-05
9000 16040 -4978 4.66683090685872e-05 3.0263850107789e-05 2.1281785607338e-05 -2.83602947965264e-05
9000 15840 -4978 4.74902800218028e-05 2.87971132397652e-05 2.2674668956548e-05 -3.03320841044188e-05
9000 15640 -4978 4.86449281457609e-05 2.7573655039072e-05 2.40152467675507e-05 -3.21257514059544e-05
9000 15440 -4978 5.07552520217469e-05 2.5678741093725e-05 2.60300945937634e-05 -3.51901214644313e-05
9000 15240 -4978 5.373725674336e-05 2.4018663842231e-05 2.81368707455695e-05 -3.89475481435657e-05
9000 15040 -4978 5.90084689063173e-05 2.2137073289603e-05 3.06606645584106e-05 -4.52976052090526e-05
9200 15040 -4978 5.87847827049464e-05 2.093453014642e-05 3.75934483110905e-05 -4.0181206934154e-05
9200 15240 -4978 5.36763585810589e-05 2.29445443078875e-05 3.25394815355539e-05 -3.6027780495584e-05
9200 15440 -4978 5.0652245271414e-05 2.47985793203115e-05 2.9311903834343e-05 -3.31763320416212e-05
9200 15640 -4978 4.86212159848074e-05 2.65374452732503e-05 2.64158758968115e-05 -3.09169405922294e-05
9200 15840 -4978 4.71683297143465e-05 2.81810118742287e-05 2.4389503005892e-05 -2.90268848091364e-05
9200 16040 -4978 4.63171913936898e-05 2.92914880178869e-05 2.28069865182042e-05 -2.76131369546056e-05
9200 16240 -4978 4.60093663853979e-05 3.08050094842911e-05 2.15342922285199e-05 -2.67006490975618e-05
9200 16440 -4978 4.58382204492572e-05 3.20720281824469e-05 2.06012822538614e-05 -2.5582095798105e-05
9200 16640 -4978 4.56676713606069e-05 3.29337501451373e-05 1.95739310979843e-05 -2.48548894636333e-05
9200 16840 -4978 4.57609188521574e-05 3.40739255696535e-05 1.88715523779392e-05 -2.4053105302155e-05
9200 17040 -4978 4.55923525774126e-05 3.47597254514694e-05 1.81309664584696e-05 -2.34089808985591e-05
9400 17040 -4978 4.52614875618272e-05 3.41735060587525e-05 1.8736300624907e-05 -2.31663718856871e-05
9400 16840 -4978 4.54387396267504e-05 3.35737339258194e-05 1.94009262137115e-05 -2.36834194995463e-05
9400 16640 -4978 4.52827146343041e-05 3.24762176051736e-05 2.02877496965229e-05 -2.41827878654003e-05
9400 16440 -4978 4.54773701264938e-05 3.15987439379096e-05 2.12490618489683e-05 -2.50980943664908e-05
9400 16240 -4978 4.54775796550379e-05 3.00526356846094e-05 2.25961567535996e-05 -2.56738928332925e-05
9400 16040 -4978 4.6086684035537e-05 2.88851014003158e-05 2.40832664817572e-05 -2.67761475332081e-05
9400 15840 -4978 4.66841465783729e-05 2.74459822513163e-05 2.57066183425486e-05 -2.76881582066417e-05
9400 15640 -4978 4.7950909098927e-05 2.57855173051357e-05 2.81800132580102e-05 -2.89876462221146e-05
9400 15440 -4978 4.96830517027934e-05 2.37953809760511e-05 3.13891908749938e-05 -3.0405272141099e-05
9400 15240 -4978 5.25776694861439e-05 2.19984395951033e-05 3.572178068012e-05 -3.17801456004381e-05
9400 15040 -4978 5.6901395404892e-05 1.97545267157257e-05 4.22050841450691e-05 -3.26965402811766e-05
9600 15040 -4978 5.40770912527775e-05 1.83620782494545e-05 4.30726028606295e-05 -2.69198254458606e-05
9600 15240 -4978 5.10117309460984e-05 2.08966781571507e-05 3.72813054993749e-05 -2.78588303476572e-05
9600 15440 -4978 4.86950068804952e-05 2.2723674800247e-05 3.28817266598344e-05 -2.78142113052309e-05
9600 15640 -4978 4.72707027077611e-05 2.48562345989048e-05 2.96827139407396e-05 -2.70764466784895e-05
9600 15840 -4978 4.61560710590979e-05 2.6468200981617e-05 2.71873625144363e-05 -2.62809606418014e-05
9600 16040 -4978 4.56459539223689e-05 2.8071855854243e-05 2.51321518160403e-05 -2.56492225453258e-05
9600 16240 -4978 4.52840604318685e-05 2.95991140753031e-05 2.35192412398755e-05 -2.49275724180043e-05
9600 16440 -4978 4.5117968467825e-05 3.0783122241497e-05 2.20281141735613e-05 -2.4221498850733e-05
9600 16640 -4978 4.499912592948e-05 3.20125857889652e-05 2.07281760536134e-05 -2.35050016269088e-05
9600 16840 -4978 4.50881920446534e-05 3.31028733476997e-05 2.01498979739845e-05 -2.30177844762802e-05
9600 17040 -4978 4.51176673996863e-05 3.38776815533638e-05 1.93139938116074e-05 -2.26828845702112e-05
9800 17040 -4978 4.47984385805368e-05 3.34919555187225e-05 1.97915262766182e-05 -2.22145110778511e-05
9800 16840 -4978 4.47345268124427e-05 3.25516133233905e-05 2.05811393857002e-05 -2.27193434014917e-05
9800 16640 -4978 4.46276849611542e-05 3.15052297860384e-05 2.14822974465787e-05 -2.31313682161272e-05
9800 16440 -4978 4.47173142168859e-05 3.03745820596814e-05 2.25038285702467e-05 -2.35717398859561e-05
9800 16240 -4978 4.48021071426472e-05 2.9053876683116e-05 2.40895112976432e-05 -2.42236421667039e-05
9800 16040 -4978 4.48533564907147e-05 2.74395776726305e-05 2.55938997752965e-05 -2.45304449982941e-05
9800 15840 -4978 4.55158062702799e-05 2.61369063854218e-05 2.75680664777756e-05 -2.50709484405816e-05
9800 15640 -4978 4.61161270105723e-05 2.40710471682251e-05 3.01197330355644e-05 -2.52998723424971e-05
9800 15440 -4978 4.74797442722622e-05 2.20729009695351e-05 3.35403447523713e-05 -2.54983783178031e-05
9800 15240 -4978 4.88990136594554e-05 1.99780430458486e-05 3.7204292781651e-05 -2.49821825139225e-05
9800 15040 -4978 5.10432481121015e-05 1.72409642897546e-05 4.17295113056898e-05 -2.38108232654631e-05
10000 15040 -4978 4.8374761294204e-05 1.62335791662335e-05 4.02887254208326e-05 -2.14122110754252e-05
10000 15240 -4978 4.71371703265224e-05 1.90565363392234e-05 3.66703294366598e-05 -2.26726308166981e-05
10000 15440 -4978 4.611766458767e-05 2.10595103874803e-05 3.33570818528533e-05 -2.35406203977764e-05
10000 15640 -4978 4.52170765787622e-05 2.32160689383745e-05 3.0649802133441e-05 -2.38457793593407e-05
10000 15840 -4978 4.46354096455634e-05 2.52112003006041e-05 2.81832371205092e-05 -2.37370946146548e-05
10000 16040 -4978 4.42430744590217e-05 2.67689656540751e-05 2.61193266473711e-05 -2.37476222664118e-05
10000 16240 -4978 4.4200403075515e-05 2.83804370723665e-05 2.46101332195103e-05 -2.32930840924382e-05
10000 16440 -4978 4.41034195736166e-05 2.9776352930814e-05 2.31174562163651e-05 -2.30302176997066e-05
10000 16640 -4978 4.40648055080613e-05 3.08698870390654e-05 2.1807040296495e-05 -2.26412545591593e-05
10000 16840 -4978 4.42589352242122e-05 3.21037528216839e-05 2.08106324337423e-05 -2.22920819558203e-05
10000 17040 -4978 4.44445119485114e-05 3.29238968193531e-05 2.01944513767958e-05 -2.19790767878294e-05
10200 17040 -4978 4.42466223182897e-05 3.25598185434937e-05 2.05042441338301e-05 -2.15245665349066e-05
10200 16840 -4978 4.39767200281987e-05 3.17877422571182e-05 2.11298384852707e-05 -2.18034588508308e-05
10200 16640 -4978 4.40163445100427e-05 3.07503023594618e-05 2.22895307168364e-05 -2.21974913589656e-05
10200 16440 -4978 4.38219657404078e-05 2.95865115150809e-05 2.34917684495449e-05 -2.22038150765002e-05
10200 16240 -4978 4.37758980259434e-05 2.80621858723462e-05 2.49549561999738e-05 -2.25267992019653e-05
10200 16040 -4978 4.38037792543773e-05 2.65075649991632e-05 2.63858500830829e-05 -2.28014690354466e-05
10200 15840 -4978 4.39789689082758e-05 2.464648777619e-05 2.81722471639514e-05 -2.29929252229631e-05
10200 15640 -4978 4.42028849932984e-05 2.26883935406804e-05 3.03594791814685e-05 -2.2761286765337e-05
10200 15440 -4978 4.47904659914356e-05 2.07492015920579e-05 3.29413891509175e-05 -2.21166038922966e-05
10200 15240 -4978 4.55172030161969e-05 1.82283977605403e-05 3.57103476971388e-05 -2.14822115413845e-05
10200 15040 -4978 4.62311995136201e-05 1.54387826044112e-05 3.86485634222627e-05 -2.00885036848485e-05
10400 15040 -4978 4.45191261028763e-05 1.49314338583499e-05 3.70815284177661e-05 -1.95950279943645e-05
10400 15240 -4978 4.41875150789059e-05 1.76173951216042e-05 3.48168059885502e-05 -2.05694574974477e-05
10400 15440 -4978 4.38814090092269e-05 1.99005040079355e-05 3.2644875138998e-05 -2.14597671255469e-05
10400 15640 -4978 4.34116292818349e-05 2.20512138716877e-05 3.04871048554778e-05 -2.16723855733871e-05
10400 15840 -4978 4.31900283978213e-05 2.41618652492762e-05 2.82736922465265e-05 -2.19068672545254e-05
10400 16040 -4978 4.31067812827877e-05 2.5825014911592e-05 2.67097825668752e-05 -2.19331836588681e-05
10400 16240 -4978 4.31932998939888e-05 2.75563530623913e-05 2.51038742549717e-05 -2.18623484745622e-05
10400 16440 -4978 4.33064859059254e-05 2.87963049076498e-05 2.39185179509222e-05 -2.16315242275596e-05
10400 16640 -4978 4.36563641640586e-05 3.04321149811149e-05 2.26037773005664e-05 -2.16548468545079e-05
10400 16840 -4978 4.37307599091637e-05 3.14602365717292e-05 2.16382794380188e-05 -2.12276796884835e-05
10400 17040 -4978 4.39325120127577e-05 3.23303716257215e-05 2.08371922336519e-05 -2.12279085665941e-05
10600 17040 -4978 4.35715618687807e-05 3.20538335442543e-05 2.09243153780699e-05 -2.07662409991026e-05
10600 16840 -4978 4.32998438619419e-05 3.09906369447708e-05 2.16641957685351e-05 -2.09493967816234e-05
10600 16640 -4978 4.31900725531657e-05 3.0098514303565e-05 2.27549259103835e-05 -2.10992619246244e-05
10600 16440 -4978 4.28214668050653e-05 2.8476116720587e-05 2.38018029667437e-05 -2.14420093894005e-05
10600 16240 -4978 4.26735141995139e-05 2.70537606440485e-05 2.53009344935417e-05 -2.11892794333398e-05
10600 16040 -4978 4.25572095866773e-05 2.56083149202168e-05 2.65611938536167e-05 -2.11849568374455e-05
10600 15840 -4978 4.26410377396557e-05 2.38261989764869e-05 2.81860401034355e-05 -2.13782371170819e-05
10600 15640 -4978 4.25432961198543e-05 2.16587834320962e-05 3.00385629534721e-05 -2.08792765513062e-05
10600 15440 -4978 4.27977316896067e-05 1.93791999183595e-05 3.20530252084136e-05 -2.0676632463932e-05
10600 15240 -4978 4.28999064623205e-05 1.6891435181722e-05 3.39246863126755e-05 -2.02670187391341e-05
10600 15040 -4978 4.33345241596287e-05 1.42262147199363e-05 3.59887534081936e-05 -1.95014211535454e-05
10800 15040 -4978 4.28217242700486e-05 1.36162668522447e-05 3.55005296170711e-05 -1.95386843830347e-05
10800 15240 -4978 4.21400906958237e-05 1.6445615908131e-05 3.33177232816815e-05 -1.99822204075754e-05
10800 15440 -4978 4.19604155634563e-05 1.87960752956569e-05 3.16196727305651e-05 -2.02447014376521e-05
10800 15640 -4978 4.20904799960074e-05 2.11583268232644e-05 3.00823040828109e-05 -2.04330952726305e-05
10800 15840 -4978 4.20417054468191e-05 2.3215923089534e-05 2.82276508882642e-05 -2.07780085019767e-05
10800 16040 -4978 4.18812973897246e-05 2.48997008800507e-05 2.6681006655097e-05 -2.09260515458882e-05
10800 16240 -4978 4.2390788268507e-05 2.67506712563336e-05 2.52980284541845e-05 -2.08442641198635e-05
10800 16440 -4978 4.22880614234031e-05 2.79608178883791e-05 2.40081047900021e-05 -2.067515238747e-05
10800 16640 -4978 4.27195341209823e-05 2.94929397851229e-05 2.30135240070522e-05 -2.06607645153999e-05
10800 16840 -4978 4.30408854538893e-05 3.08315042480826e-05 2.17874030321836e-05 -2.06699113585055e-05
10800 17040 -4978 4.31445597035161e-05 3.17461406439543e-05 2.11449393369258e-05 -2.02808006592095e-05
11000 17040 -4978 4.28469689511483e-05 3.12850361391902e-05 2.11732875108719e-05 -2.02113538719714e-05
11000 16840 -4978 4.28079407938396e-05 3.05937341302633e-05 2.20605020970106e-05 -2.02612808570266e-05
11000 16640 -4978 4.22712341392922e-05 2.9270523019135e-05 2.28893726505339e-05 -2.0244690425694e-05
11000 16440 -4978 4.20577208144485e-05 2.78659949339926e-05 2.41215738803148e-05 -2.04082219414413e-05
11000 16240 -4978 4.19392044554176e-05 2.6345152463764e-05 2.53988051749766e-05 -2.04873255379498e-05
11000 16040 -4978 4.14919218532471e-05 2.46816188953817e-05 2.66164228953421e-05 -2.01097388193011e-05
11000 15840 -4978 4.14471602658901e-05 2.27897941768169e-05 2.80000780038536e-05 -2.02527410462499e-05
11000 15640 -4978 4.14972481287941e-05 2.102256308496e-05 2.95614002645016e-05 -2.0050146445632e-05
11000 15440 -4978 4.14438215966866e-05 1.85284294858575e-05 3.13655429035425e-05 -1.98819981440902e-05
11000 15240 -4978 4.16474509956376e-05 1.5909908534959e-05 3.31897359937429e-05 -1.94891356788576e-05
11000 15040 -4978 4.24459122754121e-05 1.33237899318337e-05 3.51613674238324e-05 -1.93605354130268e-05
11200 15040 -4978 4.16526660581214e-05 1.28721912540495e-05 3.47306916937232e-05 -1.92259295284748e-05
11200 15240 -4978 4.12654555902641e-05 1.5572400899604e-05 3.29630637690425e-05 -1.93294291980565e-05
11200 15440 -4978 4.09608831812273e-05 1.79924204163253e-05 3.1176530726254e-05 -1.95451416037977e-05
11200 15640 -4978 4.10052204519151e-05 2.03728863932192e-05 2.96695447862148e-05 -1.96492166891694e-05
11200 15840 -4978 4.10607114230066e-05 2.25103901997209e-05 2.7962221276015e-05 -1.97146001644433e-05
11200 16040 -4978 4.12644859784579e-05 2.43560734018683e-05 2.66161050759256e-05 -2.00281275697053e-05
11200 16240 -4978 4.13995725681297e-05 2.57366200163961e-05 2.54543365798891e-05 -2.00311967171729e-05
11200 16440 -4978 4.15225112479599e-05 2.74036280028522e-05 2.40719464831054e-05 -1.9904181227088e-05
11200 16640 -4978 4.19965760455089e-05 2.88204197958112e-05 2.32033280394971e-05 -1.9861197553575e-05
11200 16840 -4978 4.21663175744248e-05 3.00972666069865e-05 2.21561665683985e-05 -1.99466196857393e-05
11200 17040 -4978 4.26024030355214e-05 3.11835101395845e-05 2.11596491150558e-05 -1.97584517039359e-05
11400 17040 -4978 4.22551573196928e-05 3.08589273542166e-05 2.13715819008649e-05 -1.95207527913153e-05
11400 16840 -4978 4.23235925857282e-05 3.01108525842428e-05 2.23867748230696e-05 -1.95775036588311e-05
11400 16640 -4978 4.17050927385109e-05 2.87255563810468e-05 2.30315195135772e-05 -1.95884220860899e-05
11400 16440 -4978 4.14515550622042e-05 2.73466378673911e-05 2.42016881257296e-05 -1.96130340918899e-05
11400 16240 -4978 4.12809420365162e-05 2.57874033972621e-05 2.54362137503922e-05 -1.96399934142828e-05
11400 16040 -4978 4.08083894312964e-05 2.39878747202456e-05 2.64359213039279e-05 -1.96037946492434e-05
11400 15840 -4978 4.06182291409926e-05 2.23301170356572e-05 2.78301771357656e-05 -1.94409732893109e-05
11400 15640 -4978 4.05116935760216e-05 2.02992666102946e-05 2.91802007071674e-05 -1.94289343580604e-05
11400 15440 -4978 4.07740582809719e-05 1.79372430741787e-05 3.09953468069434e-05 -1.94285722337663e-05
11400 15240 -4978 4.09449694455952e-05 1.53173741120845e-05 3.27960554137826e-05 -1.91386342905462e-05
11400 15040 -4978 4.11312603509001e-05 1.23931766301394e-05 3.44340145513415e-05 -1.89746108017862e-05
11600 15040 -4978 4.12967539136377e-05 1.24652001541108e-05 3.4422914609313e-05 -1.89815433248878e-05
11600 15240 -4978 4.07093936366612e-05 1.5118592986837e-05 3.26559859737754e-05 -1.91033362671733e-05
11600 15440 -4978 4.03338398814241e-05 1.74416956529021e-05 3.09749000743031e-05 -1.91999759115279e-05
11600 15640 -4978 4.03817714830558e-05 1.97294626943767e-05 2.94498716294765e-05 -1.93427203595638e-05
11600 15840 -4978 4.03959440657326e-05 2.19233419969678e-05 2.79011850357056e-05 -1.91977222636342e-05
11600 16040 -4978 4.0554623790393e-05 2.36735966727138e-05 2.65782678723335e-05 -1.930117367208e-05
11600 16240 -4978 4.07018548885544e-05 2.52702606245875e-05 2.52966055683792e-05 -1.93782086335123e-05
11600 16440 -4978 4.1100389429045e-05 2.69725791849196e-05 2.42047486007214e-05 -1.93397985473275e-05
11600 16640 -4978 4.13242197533466e-05 2.83050177879631e-05 2.31753918081522e-05 -1.92202580831945e-05
11600 16840 -4978 4.1818539119352e-05 2.98073682934046e-05 2.22771592400968e-05 -1.91174082793295e-05
11600 17040 -4978 4.21267778723924e-05 3.08043950051069e-05 2.13180054612458e-05 -1.93372995853424e-05
11800 17040 -4978 4.20588289185579e-05 3.0621190071106e-05 2.15326899066567e-05 -1.91077001094818e-05
11800 16840 -4978 4.15653826713061e-05 2.9519929241389e-05 2.21974903047085e-05 -1.90663640573621e-05
11800 16640 -4978 4.13379176994519e-05 2.83659264482558e-05 2.33091209605336e-05 -1.89372214488685e-05
11800 16440 -4978 4.07888869935675e-05 2.67861431837082e-05 2.4290728867054e-05 -1.90034962110221e-05
11800 16240 -4978 4.04443702397348e-05 2.50900044515729e-05 2.53083094544709e-05 -1.89246471114457e-05
11800 16040 -4978 4.02146785229719e-05 2.3456724498421e-05 2.6434635296464e-05 -1.89571016654372e-05
11800 15840 -4978 3.99722121788206e-05 2.17057158872485e-05 2.77276406660676e-05 -1.88636154234409e-05
11800 15640 -4978 4.01782621806985e-05 1.99412939175963e-05 2.92510151565075e-05 -1.89465506859124e-05
11800 15440 -4978 4.00444954895274e-05 1.75032260492444e-05 3.07383174672723e-05 -1.87711090818048e-05
11800 15240 -4978 4.06152930186392e-05 1.49502201545984e-05 3.26105613335967e-05 -1.90099966824055e-05
11800 15040 -4978 4.09134669509847e-05 1.2142928916961e-05 3.42098584249616e-05 -1.88789919242263e-05
12000 15040 -4978 4.09830881282448e-05 1.19309921544045e-05 3.4409381993115e-05 -1.87951953858137e-05
12000 15240 -4978 4.02995525277352e-05 1.4518608154729e-05 3.25758322551847e-05 -1.87247667200863e-05
12000 15440 -4978 3.97200255647443e-05 1.71939215287566e-05 3.06714550927282e-05 -1.8617583412677e-05
12000 15640 -4978 3.98020416031061e-05 1.92703124210238e-05 2.93643770888448e-05 -1.86769582554698e-05
12000 15840 -4978 3.98227971829552e-05 2.16299217529595e-05 2.77924848422408e-05 -1.84660621844232e-05
12000 16040 -4978 4.00415380540599e-05 2.33334440775216e-05 2.65178250297904e-05 -1.87292001098394e-05
12000 16240 -4978 4.01513573836987e-05 2.51324299760163e-05 2.53007659763098e-05 -1.86701645813882e-05
12000 16440 -4978 4.05115953041714e-05 2.65013409741223e-05 2.42209655940533e-05 -1.86945505738258e-05
12000 16640 -4978 4.09634768274546e-05 2.78941560313106e-05 2.33984522968531e-05 -1.88724309392273e-05
12000 16840 -4978 4.13724367250475e-05 2.93049704656005e-05 2.22018490768969e-05 -1.89730104133487e-05
12000 17040 -4978 4.18553782445298e-05 3.06041544154286e-05 2.14012138694525e-05 -1.87190759852529e-05
12200 17040 -4978 4.16621042993683e-05 3.03380322828889e-05 2.14584300294518e-05 -1.86146268770099e-05
12200 16840 -4978 4.12217687773888e-05 2.93638139441609e-05 2.20689012035728e-05 -1.87053769901395e-05
12200 16640 -4978 4.08999832101034e-05 2.80450430214405e-05 2.31390176340938e-05 -1.86463850513101e-05
12200 16440 -4978 4.02765521226343e-05 2.65143143758178e-05 2.40412577539682e-05 -1.83880900666118e-05
12200 16240 -4978 3.99450743791523e-05 2.49001772925258e-05 2.52115357071161e-05 -1.84382375851274e-05
12200 16040 -4978 3.98312283539413e-05 2.34173781834543e-05 2.64826429449022e-05 -1.84403371885419e-05
12200 15840 -4978 3.96676991382988e-05 2.15163298025727e-05 2.76815361641347e-05 -1.833620544523e-05
12200 15640 -4978 3.9781888733001e-05 1.95524204969406e-05 2.92812007442117e-05 -1.85939634256065e-05
12200 15440 -4978 3.98338872431216e-05 1.71945329587907e-05 3.0883024558425e-05 -1.84927717372775e-05
12200 15240 -4978 4.03403090678462e-05 1.47638134211302e-05 3.26743424385786e-05 -1.84866896755993e-05
12200 15040 -4978 4.08362329423771e-05 1.17814188767225e-05 3.44455053135753e-05 -1.85473430044949e-05
12400 15040 -4978 4.07682890465126e-05 1.18086393736303e-05 3.46311821192503e-05 -1.82679080888629e-05
12400 15240 -4978 3.99360679684202e-05 1.43327026013285e-05 3.2477771282196e-05 -1.82300268821418e-05
12400 15440 -4978 3.96383185284523e-05 1.68531918488443e-05 3.09842837750912e-05 -1.82153567932546e-05
12400 15640 -4978 3.94532818234024e-05 1.90557401813567e-05 2.92067135497928e-05 -1.84501516632736e-05
12400 15840 -4978 3.93720802506327e-05 2.11895505227149e-05 2.77024876475334e-05 -1.81028509289026e-05
12400 16040 -4978 3.94008774247153e-05 2.29470600374043e-05 2.63978576473892e-05 -1.81805814430118e-05
12400 16240 -4978 3.98178709085645e-05 2.48599278181791e-05 2.51939476579428e-05 -1.82053078189492e-05
12400 16440 -4978 4.02190994638081e-05 2.63414400368929e-05 2.41715518496931e-05 -1.82223023511469e-05
12400 16640 -4978 4.0651327995859e-05 2.77727981060743e-05 2.32921087034047e-05 -1.83424114063382e-05
12400 16840 -4978 4.09714986652362e-05 2.92521244958043e-05 2.21957292184234e-05 -1.81748870648444e-05
12400 17040 -4978 4.12790484842479e-05 3.02695143967867e-05 2.13779447935522e-05 -1.83300766013563e-05
12600 17040 -4978 4.12213980845191e-05 3.01862978935242e-05 2.15196570567787e-05 -1.81446445472538e-05
12600 16840 -4978 4.07034957373721e-05 2.89861440695822e-05 2.21413316242397e-05 -1.80714096091688e-05
12600 16640 -4978 4.04439998501729e-05 2.76181093640626e-05 2.3223515599966e-05 -1.82077212482691e-05
12600 16440 -4978 4.02312748989758e-05 2.64150071963668e-05 2.43112048693001e-05 -1.83011791668832e-05
12600 16240 -4978 3.95577506018022e-05 2.46138427220285e-05 2.51245985925198e-05 -1.81570060476661e-05
12600 16040 -4978 3.94375000530467e-05 2.30845724456012e-05 2.64411630481482e-05 -1.80854758359492e-05
12600 15840 -4978 3.928211874256e-05 2.1311126716435e-05 2.79021374359727e-05 -1.78864422440529e-05
12600 15640 -4978 3.91727706780838e-05 1.91011468656361e-05 2.90982683561742e-05 -1.7999926276505e-05
12600 15440 -4978 3.93841616725123e-05 1.69372996911407e-05 3.0720162563026e-05 -1.80494394674897e-05
12600 15240 -4978 3.95831359842167e-05 1.41335660871118e-05 3.2416494473815e-05 -1.78543311282992e-05
12600 15040 -4978 4.05316160925782e-05 1.15167365651578e-05 3.45093984827399e-05 -1.76768921092153e-05
12800 15040 -4978 4.04023567946584e-05 1.14579661879689e-05 3.43066469952464e-05 -1.75566197261214e-05
12800 15240 -4978 3.97666711565659e-05 1.42502001468092e-05 3.25714652687311e-05 -1.74802757836878e-05
12800 15440 -4978 3.94784853001588e-05 1.66427384130657e-05 3.11059288457036e-05 -1.77522017210722e-05
12800 15640 -4978 3.89606548098327e-05 1.87501821890473e-05 2.92487550228834e-05 -1.76482528597117e-05
12800 15840 -4978 3.90107343244674e-05 2.08251982592046e-05 2.78087836131454e-05 -1.77431695014238e-05
12800 16040 -4978 3.90887944857924e-05 2.29854479134083e-05 2.65776855945587e-05 -1.76950793843716e-05
12800 16240 -4978 3.95151679505093e-05 2.44974491409957e-05 2.54313929155469e-05 -1.76458611637354e-05
12800 16440 -4978 3.99337295288231e-05 2.62295648269355e-05 2.42865541689098e-05 -1.79680075272918e-05
12800 16640 -4978 4.03094073590366e-05 2.76393432170153e-05 2.32770882844925e-05 -1.78328305520117e-05
12800 16840 -4978 4.06038191720728e-05 2.88568151332438e-05 2.21840885281563e-05 -1.79129204452038e-05
12800 17040 -4978 4.10486321914448e-05 3.00712872669101e-05 2.14024992994964e-05 -1.79938419759273e-05
13000 17040 -4978 4.10281830385815e-05 3.01378318816424e-05 2.15423951521516e-05 -1.77085423059762e-05
13000 16840 -4978 4.04578943274504e-05 2.88998359292746e-05 2.21571614742279e-05 -1.76356647647917e-05
13000 16640 -4978 4.02788081833369e-05 2.786245964095e-05 2.30145321004093e-05 -1.77218316048384e-05
13000 16440 -4978 3.97247323360965e-05 2.63052539788187e-05 2.40017185471952e-05 -1.75931210778654e-05
13000 16240 -4978 3.91847499164564e-05 2.44155550263822e-05 2.51579600311816e-05 -1.7504352197051e-05
13000 16040 -4978 3.91486658624669e-05 2.29666858129203e-05 2.65737246498466e-05 -1.74593305289745e-05
13000 15840 -4978 3.89322307829861e-05 2.13246049210429e-05 2.76283810101449e-05 -1.7224227450788e-05
13000 15640 -4978 3.88398375277751e-05 1.89848570339382e-05 2.90074055418372e-05 -1.74792443066835e-05
13000 15440 -4978 3.91895797197228e-05 1.6782428778708e-05 3.07781539708376e-05 -1.75132858864963e-05
13000 15240 -4978 3.97399433902251e-05 1.40214649047703e-05 3.27931710109115e-05 -1.74766928851604e-05
13000 15040 -4978 4.03509800646655e-05 1.12253916636109e-05 3.45932289436459e-05 -1.74785779006779e-05
13200 15040 -4978 4.03306615318311e-05 1.12114142905921e-05 3.44684360697865e-05 -1.73607138507068e-05
13200 15240 -4978 3.93111689568637e-05 1.40202696938068e-05 3.26433588266373e-05 -1.72813968583941e-05
13200 15440 -4978 3.90844679275161e-05 1.65689062997699e-05 3.09495237991214e-05 -1.70935879126191e-05
13200 15640 -4978 3.8685480649561e-05 1.87224294245243e-05 2.92963331788778e-05 -1.72392084747553e-05
13200 15840 -4978 3.87646086417394e-05 2.09771136380732e-05 2.76754335016012e-05 -1.72257356029004e-05
13200 16040 -4978 3.88746612206089e-05 2.27712044343352e-05 2.62941272445023e-05 -1.73588711060584e-05
13200 16240 -4978 3.9099674514201e-05 2.45214666761458e-05 2.51864099577069e-05 -1.73045739494264e-05
13200 16440 -4978 3.94319138379147e-05 2.61479708477855e-05 2.38429885171354e-05 -1.73289478011429e-05
13200 16640 -4978 3.99209587095323e-05 2.75978415943682e-05 2.30134505853057e-05 -1.74826279655099e-05
13200 16840 -4978 4.0628881681688e-05 2.90690989494324e-05 2.21769578680396e-05 -1.77165474258363e-05
13200 17040 -4978 4.07873440673004e-05 3.00501931458712e-05 2.11800106316805e-05 -1.77101046964526e-05
13400 17040 -4978 4.07156386613489e-05 3.00330621153116e-05 2.1236025672406e-05 -1.7467141456902e-05
13400 16840 -4978 4.03718433973894e-05 2.89997988790274e-05 2.20258879959583e-05 -1.73800995610654e-05
13400 16640 -4978 3.97829001891693e-05 2.77270310260355e-05 2.28279472589493e-05 -1.71797700226307e-05
13400 16440 -4978 3.95354173280536e-05 2.62680623196065e-05 2.3986868377775e-05 -1.72979201637208e-05
13400 16240 -4978 3.90885096866025e-05 2.46198758855462e-05 2.50982074439526e-05 -1.70837139990181e-05
13400 16040 -4978 3.8663345757492e-05 2.28303131237626e-05 2.62112911380827e-05 -1.697192408517e-05
13400 15840 -4978 3.83739715524981e-05 2.08513592258096e-05 2.75761696398258e-05 -1.70126421395689e-05
13400 15640 -4978 3.86703096064855e-05 1.90206782817841e-05 2.91426474303007e-05 -1.68087730202824e-05
13400 15440 -4978 3.89121580864779e-05 1.66648913268e-05 3.0825626604259e-05 -1.69055117666721e-05
13400 15240 -4978 3.95164775754922e-05 1.38290068395436e-05 3.28653419315815e-05 -1.70529363118112e-05
13400 15040 -4978 3.98729588699367e-05 1.10307686571032e-05 3.42847326770425e-05 -1.71094154529274e-05
13600 15040 -4978 4.02243493006949e-05 1.10232171714306e-05 3.47837764248252e-05 -1.68848600238562e-05
13600 15240 -4978 3.91711889289859e-05 1.38005620930344e-05 3.27353207245469e-05 -1.65255539249629e-05
13600 15440 -4978 3.87268247786984e-05 1.63779326751828e-05 3.09729987308383e-05 -1.65418503507972e-05
13600 15640 -4978 3.85575181777772e-05 1.8860129378736e-05 2.92433479130268e-05 -1.65593099743128e-05
13600 15840 -4978 3.85713472996256e-05 2.08520299680531e-05 2.79035456739366e-05 -1.6630492111668e-05
13600 16040 -4978 3.87049553860693e-05 2.29908037669957e-05 2.62678525149822e-05 -1.66387976780534e-05
13600 16240 -4978 3.88626242429542e-05 2.45419463291764e-05 2.48755260631442e-05 -1.68351442627609e-05
13600 16440 -4978 3.92868924529175e-05 2.62630871087313e-05 2.3866962891072e-05 -1.68180000670254e-05
13600 16640 -4978 3.97224432541997e-05 2.75957727208734e-05 2.29225056394935e-05 -1.70559245198965e-05
13600 16840 -4978 4.02164518064141e-05 2.9036602832377e-05 2.18932147584856e-05 -1.71184844337404e-05
13600 17040 -4978 4.05534905469267e-05 3.00229275748134e-05 2.10818114429712e-05 -1.72375340089202e-05
13800 17040 -4978 4.06272028483942e-05 3.02809449359775e-05 2.09831094779074e-05 -1.71026246808469e-05
13800 16840 -4978 4.02867192533779e-05 2.92141657322645e-05 2.1835692346096e-05 -1.69238980896771e-05
13800 16640 -4978 3.9556390223302e-05 2.76600736156106e-05 2.2815339140594e-05 -1.68020333983004e-05
13800 16440 -4978 3.90796083848422e-05 2.63670666366816e-05 2.36205353029072e-05 -1.65111492834985e-05
13800 16240 -4978 3.8715958237128e-05 2.44291615188122e-05 2.50522160865366e-05 -1.65692878160626e-05
13800 16040 -4978 3.85104290647507e-05 2.30753280594945e-05 2.60649218447506e-05 -1.64682188145816e-05
13800 15840 -4978 3.84694478767544e-05 2.11034196428955e-05 2.75274377502501e-05 -1.64076895620674e-05
13800 15640 -4978 3.83839892781375e-05 1.89290821328759e-05 2.9150621663779e-05 -1.62568474728614e-05
13800 15440 -4978 3.87568428355386e-05 1.66792566254735e-05 3.10388560369611e-05 -1.63386105038226e-05
13800 15240 -4978 3.95084757756921e-05 1.38304298389703e-05 3.31481623649597e-05 -1.64091909080744e-05
13800 15040 -4978 4.03556219139511e-05 1.09145850669593e-05 3.51649651676416e-05 -1.66425588056445e-05
14000 15040 -4978 4.04544889964242e-05 1.10754540879279e-05 3.55178020521998e-05 -1.58866527024656e-05
14000 15240 -4978 3.92684726090829e-05 1.39294111523777e-05 3.30162368193269e-05 -1.59263305589557e-05
14000 15440 -4978 3.85500984348787e-05 1.64572692289948e-05 3.11350105926395e-05 -1.56741805635393e-05
14000 15640 -4978 3.82571593188222e-05 1.88001680858433e-05 2.92584933079779e-05 -1.58279403410852e-05
14000 15840 -4978 3.81891317161244e-05 2.11628675572574e-05 2.75823210142553e-05 -1.58462356515229e-05
14000 16040 -4978 3.81120178124802e-05 2.2857315056026e-05 2.5976788572967e-05 -1.59773435089737e-05
14000 16240 -4978 3.86520193713051e-05 2.46555803976953e-05 2.48912875019014e-05 -1.63314362820238e-05
14000 16440 -4978 3.91013604363095e-05 2.64806060194969e-05 2.36685319580138e-05 -1.63366106171161e-05
14000 16640 -4978 3.95846171356757e-05 2.77886323221028e-05 2.26355618461967e-05 -1.67212397791445e-05
14000 16840 -4978 3.98591672962899e-05 2.90257959142327e-05 2.15909971259534e-05 -1.68340362533927e-05
14000 17040 -4978 4.03522176708859e-05 3.01202069073916e-05 2.07882651425898e-05 -1.68573528602719e-05
14200 17040 -4978 4.03749403376442e-05 3.03469725325704e-05 2.0730530295521e-05 -1.67165241315961e-05
14200 16840 -4978 4.00064307297871e-05 2.94159234762192e-05 2.13266367390752e-05 -1.63968803919852e-05
14200 16640 -4978 3.94884041351313e-05 2.80673700384796e-05 2.2533128682524e-05 -1.64130154773593e-05
14200 16440 -4978 3.89159495705725e-05 2.65842444375157e-05 2.34136818274856e-05 -1.61248910930008e-05
14200 16240 -4978 3.84786423668279e-05 2.47434089779854e-05 2.4714507676661e-05 -1.60084727201611e-05
14200 16040 -4978 3.80276962250717e-05 2.31171930804849e-05 2.57953260429204e-05 -1.56749827153981e-05
14200 15840 -4978 3.8151948466785e-05 2.13273379467428e-05 2.75522049963474e-05 -1.55432244967669e-05
14200 15640 -4978 3.82359663391745e-05 1.9100487601012e-05 2.91489132009447e-05 -1.54528375323862e-05
14200 15440 -4978 3.83063331327162e-05 1.65105979964137e-05 3.09734797403216e-05 -1.52270011957735e-05
14200 15240 -4978 3.88168445681354e-05 1.3861593503505e-05 3.29810982197523e-05 -1.51170683018863e-05
14200 15040 -4978 4.04441487345542e-05 1.13244824819267e-05 3.57024559378624e-05 -1.52118373885751e-05
14400 15040 -4978 3.9989335182427e-05 1.12916187401861e-05 3.55678604319692e-05 -1.43726677708328e-05
14400 15240 -4978 3.89516682810366e-05 1.40181158203632e-05 3.32296031117439e-05 -1.45045581962913e-05
14400 15440 -4978 3.8164785627885e-05 1.65734058022499e-05 3.10531747192144e-05 -1.47132270112634e-05
14400 15640 -4978 3.77477942059063e-05 1.92226479426026e-05 2.89167197197676e-05 -1.47494139764458e-05
14400 15840 -4978 3.76596885921677e-05 2.12538418024778e-05 2.72892414629459e-05 -1.51581426914781e-05
14400 16040 -4978 3.79169761582604e-05 2.31293062493205e-05 2.57638844549656e-05 -1.54581541977823e-05
14400 16240 -4978 3.83097154772262e-05 2.50776407271624e-05 2.4451700232923e-05 -1.56061211097986e-05
14400 16440 -4978 3.87583404413353e-05 2.65221535675228e-05 2.32397518754005e-05 -1.59512678664178e-05
14400 16640 -4978 3.9235405121222e-05 2.8015618942678e-05 2.22859490551054e-05 -1.62238395363092e-05
14400 16840 -4978 3.94861717062608e-05 2.91503564193845e-05 2.11491017974913e-05 -1.62294382862747e-05
14400 17040 -4978 4.04648261005662e-05 3.06289771124721e-05 2.05634647868574e-05 -1.66156538911164e-05
14600 17040 -4978 4.06564370900024e-05 3.08973640426993e-05 2.05719879381359e-05 -1.65962994191796e-05
14600 16840 -4978 3.98884325359599e-05 2.97091668248177e-05 2.10392480231822e-05 -1.62896291278303e-05
14600 16640 -4978 3.9408451308417e-05 2.84557256102562e-05 2.20242652893066e-05 -1.60716071818024e-05
14600 16440 -4978 3.88246728020184e-05 2.6910299167037e-05 2.31302685663104e-05 -1.5778457917273e-05
14600 16240 -4978 3.82561728758149e-05 2.5313583381474e-05 2.41445815227926e-05 -1.54853622037917e-05
14600 16040 -4978 3.77557884643832e-05 2.35372890271246e-05 2.54790682904422e-05 -1.48621813245118e-05
14600 15840 -4978 3.75953952707091e-05 2.16079070605338e-05 2.70711937323213e-05 -1.45870036203414e-05
14600 15640 -4978 3.75211275810796e-05 1.94469652511179e-05 2.85566084496677e-05 -1.43630573488772e-05
14600 15440 -4978 3.77532082530216e-05 1.68618821203709e-05 3.07182444781065e-05 -1.39864231403917e-05
14600 15240 -4978 3.85042394296635e-05 1.39604791887105e-05 3.30645495206118e-05 -1.38475376926362e-05
14600 15040 -4978 3.96564330514054e-05 1.12617411017418e-05 3.54747898876667e-05 -1.36874085254967e-05
14800 15040 -4978 3.9512648053288e-05 1.12417791839689e-05 3.54119392260909e-05 -1.30624249055982e-05
14800 15240 -4978 3.83771655909104e-05 1.4539322912693e-05 3.29078656062484e-05 -1.33054461851716e-05
14800 15440 -4978 3.75016857347497e-05 1.72615281715989e-05 3.05126496329904e-05 -1.35594730563462e-05
14800 15640 -4978 3.70243076653161e-05 1.92119952589273e-05 2.84455143734813e-05 -1.37262186817825e-05
14800 15840 -4978 3.73464176790586e-05 2.18484378792346e-05 2.67597196809947e-05 -1.41886602006853e-05
14800 16040 -4978 3.76588717352243e-05 2.38007816895843e-05 2.50025966502726e-05 -1.49022684842348e-05
14800 16240 -4978 3.8167559790396e-05 2.5589761774987e-05 2.38854367211461e-05 -1.50490458104759e-05
14800 16440 -4978 3.84307735283996e-05 2.68352315016091e-05 2.26765274740756e-05 -1.55389206316322e-05
14800 16640 -4978 3.93449356218392e-05 2.86551931798458e-05 2.18580925315618e-05 -1.57735526151955e-05
14800 16840 -4978 3.98064055662061e-05 2.98712746314704e-05 2.08651311248541e-05 -1.60281994976103e-05
14800 17040 -4978 4.03793820151251e-05 3.09038524180651e-05 2.00289729014039e-05 -1.63718434423208e-05
15000 17040 -4978 4.04295525270322e-05 3.11247697174549e-05 2.009239821136e-05 -1.62100099176168e-05
15000 16840 -4978 4.00476151268327e-05 3.03856949135661e-05 2.06116431765258e-05 -1.5931442193687e-05
15000 16640 -4978 3.92615653749243e-05 2.89177346713841e-05 2.14280615113676e-05 -1.56444291248918e-05
15000 16440 -4978 3.85588779618236e-05 2.74929596222937e-05 2.23820059075952e-05 -1.53264406118542e-05
15000 16240 -4978 3.80276022581173e-05 2.5936552722007e-05 2.34843611344695e-05 -1.48732210639864e-05
15000 16040 -4978 3.76509258270147e-05 2.41805694811046e-05 2.49816504195333e-05 -1.42998616900295e-05
15000 15840 -4978 3.69624165955106e-05 2.22957089953125e-05 2.59759469851851e-05 -1.39417279846966e-05
15000 15640 -4978 3.70693825389574e-05 2.03369118534029e-05 2.77220240458846e-05 -1.33768053241074e-05
15000 15440 -4978 3.708350569085e-05 1.74223758168519e-05 3.01431781500578e-05 -1.26525157708675e-05
15000 15240 -4978 3.76178304792473e-05 1.45999163705856e-05 3.24716985598207e-05 -1.2181009138003e-05
15000 15040 -4978 3.89995524772875e-05 1.17376879602671e-05 3.5294518917799e-05 -1.16870104782283e-05
15200 15040 -4978 3.8656989694514e-05 1.19844787735492e-05 3.54037695527077e-05 -9.86449300404638e-06
15200 15240 -4978 3.70630399501157e-05 1.50451456420124e-05 3.2087641261518e-05 -1.09087443500757e-05
15200 15440 -4978 3.65725840199098e-05 1.77994676232338e-05 2.96114935353398e-05 -1.17056115735322e-05
15200 15640 -4978 3.64824874262804e-05 2.04081162363291e-05 2.74540978521109e-05 -1.26527070272714e-05
15200 15840 -4978 3.67663534068166e-05 2.25464413315058e-05 2.5688250914216e-05 -1.35787624493241e-05
15200 16040 -4978 3.73895225605771e-05 2.45720131136477e-05 2.44735305644572e-05 -1.3972790364176e-05
15200 16240 -4978 3.7680605152841e-05 2.60256921760738e-05 2.30275551602244e-05 -1.45811749994755e-05
15200 16440 -4978 3.87074824622112e-05 2.78768868297339e-05 2.2113179590553e-05 -1.5257195783779e-05
15200 16640 -4978 3.92645334151203e-05 2.91804177537561e-05 2.12136697098613e-05 -1.55267520602793e-05
15200 16840 -4978 4.00357269067094e-05 3.06194238215685e-05 2.03137830384076e-05 -1.58952990677208e-05
15200 17040 -4978 4.05248753604975e-05 3.16015504300594e-05 1.98271694332361e-05 -1.59866001009941e-05
15400 17040 -4978 4.05872092660704e-05 3.18708247765899e-05 1.94357549957931e-05 -1.60105666499585e-05
15400 16840 -4978 3.99764884445791e-05 3.07754505798221e-05 1.99569013006985e-05 -1.59385808780789e-05
15400 16640 -4978 3.93477418638064e-05 2.97153024598956e-05 2.07464425005019e-05 -1.53700618855655e-05
15400 16440 -4978 3.85300999202691e-05 2.82663922049105e-05 2.16319697350264e-05 -1.47525440845639e-05
15400 16240 -4978 3.77597551302244e-05 2.66210540048778e-05 2.26150298565626e-05 -1.43787206448615e-05
15400 16040 -4978 3.73705307125158e-05 2.52593090571463e-05 2.38874825946987e-05 -1.38257664404809e-05
15400 15840 -4978 3.6388420321797e-05 2.31497792005539e-05 2.48487009219825e-05 -1.30565195214003e-05
15400 15640 -4978 3.60212944801463e-05 2.10807173997164e-05 2.65493125170469e-05 -1.22466628793627e-05
15400 15440 -4978 3.55372547235576e-05 1.82264120392501e-05 2.83708864748478e-05 -1.12052474841475e-05
15400 15240 -4978 3.61155078193918e-05 1.56366448402405e-05 3.09846210181713e-05 -9.80047677271068e-06
15400 15040 -4978 3.72768593790809e-05 1.25621217321604e-05 3.41505044922233e-05 -7.84529960388318e-06
15600 15040 -4978 3.5367255695188e-05 1.31653505954891e-05 3.21664045229554e-05 -7.03540518973023e-06
15600 15240 -4978 3.5110979400086e-05 1.63537778500468e-05 2.96649128720164e-05 -9.30803336203098e-06
15600 15440 -4978 3.51251050040716e-05 1.91504892967641e-05 2.75065665841103e-05 -1.05222801342607e-05
15600 15640 -4978 3.58582766894924e-05 2.16812400184572e-05 2.59864467643201e-05 -1.18509249836206e-05
15600 15840 -4978 3.63782698469336e-05 2.38223358206451e-05 2.44293856471777e-05 -1.28910568021238e-05
15600 16040 -4978 3.70667821691037e-05 2.55672401189804e-05 2.31723368279636e-05 -1.35699714720249e-05
15600 16240 -4978 3.76974639332689e-05 2.70136443413794e-05 2.21249574199319e-05 -1.41432762593031e-05
15600 16440 -4978 3.85826397166573e-05 2.8688415478915e-05 2.11282916255295e-05 -1.48050733804703e-05
15600 16640 -4978 3.93836785076273e-05 3.00154975801706e-05 2.03165977261961e-05 -1.52580553162843e-05
15600 16840 -4978 4.00744112304051e-05 3.12326483801007e-05 1.97458979524672e-05 -1.54048307295889e-05
15600 17040 -4978 4.08672909046829e-05 3.22402331605554e-05 1.92566965036094e-05 -1.59567097388208e-05
15800 17040 -4978 4.09163494286058e-05 3.26083332374692e-05 1.88208505026996e-05 -1.5984837571159e-05
15800 16840 -4978 4.0379755651546e-05 3.17382857054472e-05 1.94505991749465e-05 -1.56486446280032e-05
15800 16640 -4978 3.96447415762463e-05 3.05428836941719e-05 2.01349990330637e-05 -1.52497796602547e-05
15800 16440 -4978 3.90419278806418e-05 2.9547587107867e-05 2.06520992591977e-05 -1.48154738359153e-05
15800 16240 -4978 3.79409563044317e-05 2.7970867715776e-05 2.15628747232258e-05 -1.41244310326874e-05
15800 16040 -4978 3.7141112600652e-05 2.6237663730979e-05 2.25312425605953e-05 -1.34952877964824e-05
15800 15840 -4978 3.63316442073297e-05 2.47569397762418e-05 2.3445611756295e-05 -1.2631384825334e-05
15800 15640 -4978 3.55662303835666e-05 2.24881100840867e-05 2.49030152782798e-05 -1.17932810783386e-05
15800 15440 -4978 3.47722169720364e-05 2.02613507956266e-05 2.6120237313211e-05 -1.03917850051075e-05
15800 15240 -4978 3.40173188608397e-05 1.72956835422665e-05 2.79232353195548e-05 -9.01239300332963e-06
15800 15040 -4978 3.38407349341743e-05 1.42575117927045e-05 2.99116012006998e-05 -6.86698138993233e-06
16000 15040 -4978 3.23160032893035e-05 1.55029706396162e-05 2.7481357101351e-05 -6.97558832122013e-06
16000 15240 -4978 3.341054521329e-05 1.85821200795472e-05 2.62619061619043e-05 -9.01563250925392e-06
16000 15440 -4978 3.4290976267162e-05 2.10473729856312e-05 2.50290295667946e-05 -1.04710682006553e-05
16000 15640 -4978 3.52855506484662e-05 2.33106240108609e-05 2.37922417037189e-05 -1.1698616662994e-05
16000 15840 -4978 3.64981590016412e-05 2.5368973556906e-05 2.28783841691911e-05 -1.27909134831279e-05
16000 16040 -4978 3.72854332251186e-05 2.70026767849922e-05 2.19383337721229e-05 -1.33338613510132e-05
16000 16240 -4978 3.82366391330072e-05 2.85839811861515e-05 2.11404614336789e-05 -1.40740002170205e-05
16000 16440 -4978 3.87545802958587e-05 2.96295967847109e-05 2.02975732795894e-05 -1.46710831485689e-05
16000 16640 -4978 3.96704606747322e-05 3.08954479843378e-05 1.97305923514068e-05 -1.50761407259852e-05
16000 16840 -4978 4.05012770918046e-05 3.20856987461448e-05 1.92315648086369e-05 -1.54962775427848e-05
16000 17040 -4978 4.11227964940331e-05 3.31849837452173e-05 1.84189317300916e-05 -1.59428621903062e-05
16200 17040 -4978 4.11787870261934e-05 3.34135781303048e-05 1.82129681073129e-05 -1.5732548750937e-05
16200 16840 -4978 4.06645763306669e-05 3.25994308963418e-05 1.87560625076294e-05 -1.55215579681098e-05
16200 16640 -4978 3.9887494790263e-05 3.15017106980085e-05 1.91714066937566e-05 -1.52023560386151e-05
16200 16440 -4978 3.91872590303352e-05 3.0443357527256e-05 1.96883998736739e-05 -1.48731356207281e-05
16200 16240 -4978 3.85111024923054e-05 2.93354981541634e-05 2.03906684294343e-05 -1.42073488794267e-05
16200 16040 -4978 3.74375111382396e-05 2.76345213651657e-05 2.12529900148511e-05 -1.36419119946659e-05
16200 15840 -4978 3.66621768952039e-05 2.63973102197051e-05 2.19200292900205e-05 -1.29159226771444e-05
16200 15640 -4978 3.5679180750562e-05 2.4589724317193e-05 2.29256619475782e-05 -1.18309199120849e-05
16200 15440 -4978 3.45489599918519e-05 2.25307187400758e-05 2.38483646884561e-05 -1.08283355720341e-05
16200 15240 -4978 3.30163726813845e-05 2.00700882077217e-05 2.45405875407159e-05 -9.47737704962492e-06
16200 15040 -4978 3.1648103855967e-05 1.74294471852481e-05 2.53071599677205e-05 -8.05610043462366e-06
16400 15040 -4978 3.19228980650597e-05 1.94047443680465e-05 2.36059058494866e-05 -9.1344084860757e-06
16400 15240 -4978 3.36274228004426e-05 2.20048974044621e-05 2.31625595279038e-05 -1.03574757426977e-05
16400 15440 -4978 3.46471160016656e-05 2.36624222286046e-05 2.2646205291152e-05 -1.12987524718046e-05
16400 15640 -4978 3.59346107256544e-05 2.55834791511297e-05 2.2154534894973e-05 -1.21918755359948e-05
16400 15840 -4978 3.68565916450048e-05 2.71356953307986e-05 2.13272368274629e-05 -1.30726074818522e-05
16400 16040 -4978 3.78277190759996e-05 2.8692497830838e-05 2.05546146221459e-05 -1.35838186629117e-05
16400 16240 -4978 3.88031405981348e-05 3.00233525857329e-05 2.00725473128259e-05 -1.40834725890309e-05
16400 16440 -4978 3.94055669666864e-05 3.09945158213377e-05 1.93040447570384e-05 -1.48152810633182e-05
16400 16640 -4978 4.03269833463445e-05 3.21528840884566e-05 1.90364146158099e-05 -1.53860249333084e-05
16400 16840 -4978 4.10035849619729e-05 3.32228806391358e-05 1.83417050298303e-05 -1.55826443210244e-05
16400 17040 -4978 4.15694053442177e-05 3.40016044229269e-05 1.7845809455961e-05 -1.59136680550873e-05
16600 17040 -4978 4.200874555735e-05 3.46265218183398e-05 1.76065204292536e-05 -1.60961674787104e-05
16600 16840 -4978 4.14666494387937e-05 3.37988379374146e-05 1.79950074888766e-05 -1.59154414087534e-05
16600 16640 -4978 4.08409263782865e-05 3.27852616012096e-05 1.8935001950711e-05 -1.53094210866839e-05
16600 16440 -4978 4.00811771727679e-05 3.20403696000576e-05 1.8897171318531e-05 -1.48181712590158e-05
16600 16240 -4978 3.90446907666554e-05 3.05575429871678e-05 1.95563353449106e-05 -1.4278635699302e-05
16600 16040 -4978 3.81326413757468e-05 2.95659193433821e-05 1.97417158447206e-05 -1.3753797037527e-05
16600 15840 -4978 3.74790841561579e-05 2.8214604113251e-05 2.07311000116169e-05 -1.32913105450571e-05
16600 15640 -4978 3.64727661194155e-05 2.68549757413566e-05 2.12052736692131e-05 -1.26257401742041e-05
16600 15440 -4978 3.54086705342794e-05 2.52980670928955e-05 2.18106096088886e-05 -1.19000397622585e-05
16600 15240 -4978 3.46017097873723e-05 2.34984679929912e-05 2.27522833310068e-05 -1.08559047337621e-05
16600 15040 -4978 3.28980742634284e-05 2.15050696097314e-05 2.2624423108995e-05 -1.04030292145908e-05
16800 15040 -4978 3.40349040065272e-05 2.36858628429472e-05 2.17909279577434e-05 -1.10651628375053e-05
16800 15240 -4978 3.51718026052138e-05 2.52180686593056e-05 2.15680390261114e-05 -1.16586621943861e-05
16800 15440 -4978 3.61436230213573e-05 2.66119263879955e-05 2.12081129960716e-05 -1.23099812995642e-05
16800 15640 -4978 3.69828259040514e-05 2.79660180620849e-05 2.04915601611137e-05 -1.26779553703964e-05
16800 15840 -4978 3.8084732524982e-05 2.94423424378037e-05 1.99977716132998e-05 -1.36749198604375e-05
16800 16040 -4978 3.88147040017455e-05 3.04174118340015e-05 1.9650591570884e-05 -1.39237874560058e-05
16800 16240 -4978 3.96633835040219e-05 3.16523197218776e-05 1.90151617228985e-05 -1.44839472845197e-05
16800 16440 -4978 4.0229223384966e-05 3.24986765235662e-05 1.84543287754059e-05 -1.49343313965946e-05
16800 16640 -4978 4.10430904089843e-05 3.33242498189211e-05 1.82199087627232e-05 -1.55584243740886e-05
16800 16840 -4978 4.17644098437972e-05 3.44415882229805e-05 1.76869070343673e-05 -1.578235363774e-05
16800 17040 -4978 4.22165662009136e-05 3.50260053724051e-05 1.7254095338285e-05 -1.59783183131367e-05
17000 17040 -4978 4.27663193448357e-05 3.56619162410498e-05 1.7072584990412e-05 -1.62528535202146e-05
17000 16840 -4978 4.22860595214123e-05 3.50326283276081e-05 1.75739360228181e-05 -1.58738678283989e-05
17000 16640 -4978 4.14051401808836e-05 3.40854367166758e-05 1.76868100054562e-05 -1.54589023143053e-05
17000 16440 -4978 4.10665540142383e-05 3.35855463668704e-05 1.80034830495715e-05 -1.53084137625992e-05
17000 16240 -4978 4.02823477195823e-05 3.24898490607738e-05 1.88001124300063e-05 -1.47888743691146e-05
17000 16040 -4978 3.94676024282002e-05 3.14819557517767e-05 1.89007068090141e-05 -1.43030549436808e-05
17000 15840 -4978 3.85804460175387e-05 3.03956374824047e-05 1.9392279908061e-05 -1.37353110536933e-05
17000 15640 -4978 3.76945611527916e-05 2.92172555439174e-05 1.98406949192286e-05 -1.32340013720095e-05
17000 15440 -4978 3.69957707978291e-05 2.80305737704039e-05 2.05323898047209e-05 -1.26590590905398e-05
17000 15240 -4978 3.59439086991515e-05 2.66560722440481e-05 2.087370159477e-05 -1.20709140840918e-05
17000 15040 -4978 3.51691309385465e-05 2.53736295700073e-05 2.13220601119101e-05 -1.15403791032732e-05
17200 15040 -4978 3.60373088860981e-05 2.70596121549606e-05 2.0764893501997e-05 -1.18011048119515e-05
17200 15240 -4978 3.69570128645623e-05 2.82466991618276e-05 2.04035037308931e-05 -1.24981677941978e-05
17200 15440 -4978 3.75598124059665e-05 2.92427924573422e-05 1.97159222103655e-05 -1.29375287108123e-05
17200 15640 -4978 3.84921094331384e-05 3.03557645455003e-05 1.94069695882499e-05 -1.35476779881865e-05
17200 15840 -4978 3.9269709170472e-05 3.14331450760365e-05 1.90620721392333e-05 -1.39151647351682e-05
17200 16040 -4978 4.01039786610724e-05 3.24278930798173e-05 1.85478513389826e-05 -1.44888264872134e-05
17200 16240 -4978 4.03613776828664e-05 3.29575204849243e-05 1.80155197121203e-05 -1.48260237816721e-05
17200 16440 -4978 4.13317597593878e-05 3.40157636329532e-05 1.77832678891718e-05 -1.51638065390289e-05
17200 16640 -4978 4.18311063969263e-05 3.47120349258184e-05 1.72497310340405e-05 -1.55481180846691e-05
17200 16840 -4978 4.25969456247032e-05 3.55788524746895e-05 1.70441622436047e-05 -1.5961012609303e-05
17200 17040 -4978 4.30944156580322e-05 3.61457427591085e-05 1.6718222387135e-05 -1.62704239450395e-05
17400 17040 -4978 4.35520242334643e-05 3.69206173196435e-05 1.6291853800416e-05 -1.6427305214107e-05
17400 16840 -4978 4.28938927314831e-05 3.60213730931282e-05 1.67028124388307e-05 -1.60737587679178e-05
17400 16640 -4978 4.22316946738845e-05 3.54505425691605e-05 1.68539470788091e-05 -1.55794587340206e-05
17400 16440 -4978 4.16472473212971e-05 3.47109580412507e-05 1.72689909189939e-05 -1.52958145178855e-05
17400 16240 -4978 4.10674261223164e-05 3.39775405153632e-05 1.76894747130573e-05 -1.48642915263772e-05
17400 16040 -4978 4.05305077514593e-05 3.32418852597475e-05 1.80949765443802e-05 -1.46263689454645e-05
17400 15840 -4978 3.99968475750534e-05 3.24164750874042e-05 1.86028688214719e-05 -1.42949543874711e-05
17400 15640 -4978 3.92309430810166e-05 3.16252812147141e-05 1.89118836075068e-05 -1.35907675437629e-05
17400 15440 -4978 3.84541079654766e-05 3.05624598860741e-05 1.92830572985113e-05 -1.32422013841569e-05
17400 15240 -4978 3.76874973077205e-05 2.94323331341148e-05 1.98061296492815e-05 -1.28197785597295e-05
17400 15040 -4978 3.70513614421557e-05 2.85292613618076e-05 2.0318327177316e-05 -1.2085123565048e-05
17600 15040 -4978 3.82033562078971e-05 3.02004656717181e-05 1.97140577584505e-05 -1.24085731431842e-05
17600 15240 -4978 3.87247874071942e-05 3.09649989083409e-05 1.93629161976278e-05 -1.29750742856413e-05
17600 15440 -4978 3.93633472662015e-05 3.17746105492115e-05 1.89106854386628e-05 -1.3458332804963e-05
17600 15640 -4978 3.97464211224812e-05 3.24692404344678e-05 1.833898248896e-05 -1.38959380984306e-05
17600 15840 -4978 4.05977826635178e-05 3.33883735239506e-05 1.80566848777235e-05 -1.4348543792963e-05
17600 16040 -4978 4.11303763853219e-05 3.41097899898887e-05 1.78217408210039e-05 -1.46569656115025e-05
17600 16240 -4978 4.1895840601278e-05 3.49868283420801e-05 1.74130874983966e-05 -1.51738089453429e-05
17600 16440 -4978 4.24410128663724e-05 3.56153298541904e-05 1.7180019037798e-05 -1.53885561004281e-05
17600 16640 -4978 4.27303147312892e-05 3.60419587343931e-05 1.66179282180965e-05 -1.57372278943658e-05
17600 16840 -4978 4.34174685701688e-05 3.67228800207376e-05 1.65673673637211e-05 -1.61570473834872e-05
17600 17040 -4978 4.39247084908911e-05 3.73263355121017e-05 1.62349523771554e-05 -1.64174644984305e-05
17800 17040 -4978 4.4255010214254e-05 3.78893874585628e-05 1.58778891339898e-05 -1.65875835046172e-05
17800 16840 -4978 4.37951313170555e-05 3.72786044999957e-05 1.61262169145048e-05 -1.65308789927512e-05
17800 16640 -4978 4.35089497972335e-05 3.69231934696436e-05 1.6557027246803e-05 -1.59910113476217e-05
17800 16440 -4978 4.29640847024272e-05 3.62436081469059e-05 1.69442257583141e-05 -1.56590758431703e-05
17800 16240 -4978 4.2309757654005e-05 3.56204899922013e-05 1.68826569505036e-05 -1.51888100560755e-05
17800 16040 -4978 4.17592044149568e-05 3.48345174714923e-05 1.74394834823906e-05 -1.48849103786051e-05
17800 15840 -4978 4.13656606360116e-05 3.43705200701952e-05 1.75532734580338e-05 -1.45310506988317e-05
17800 15640 -4978 4.07381845102937e-05 3.36163270398974e-05 1.80556877106428e-05 -1.41121976282448e-05
17800 15440 -4978 4.03786153829991e-05 3.30700145065784e-05 1.86250039301813e-05 -1.37125936746597e-05
17800 15240 -4978 3.95596805376591e-05 3.2253035441041e-05 1.87271516472101e-05 -1.31648386847228e-05
17800 15040 -4978 3.91404856328642e-05 3.16730127632618e-05 1.9220514036715e-05 -1.26266460567713e-05
18000 15040 -4978 3.96923440426856e-05 3.26695751994848e-05 1.87363554053009e-05 -1.27979166377336e-05
18000 15240 -4978 4.03513035733349e-05 3.33279190063477e-05 1.82023383453488e-05 -1.35270198732615e-05
18000 15440 -4978 4.08693909129168e-05 3.40316654369235e-05 1.80228202901781e-05 -1.376205814071e-05
18000 15640 -4978 4.1410181105887e-05 3.46498966887593e-05 1.76817568093538e-05 -1.41315697170794e-05
18000 15840 -4978 4.18885675649863e-05 3.51952857077122e-05 1.72538980655372e-05 -1.45806911680847e-05
18000 16040 -4978 4.22489950078944e-05 3.56775207296014e-05 1.69808485861868e-05 -1.50631784796715e-05
18000 16240 -4978 4.291996009145e-05 3.6340977370739e-05 1.6642774105072e-05 -1.54669639337808e-05
18000 16440 -4978 4.31729710293673e-05 3.67318886294961e-05 1.63046452738345e-05 -1.5753417249769e-05
18000 16640 -4978 4.37165724526618e-05 3.73266161158681e-05 1.62263139337301e-05 -1.5955223986879e-05
18000 16840 -4978 4.43315168396557e-05 3.79949501380324e-05 1.59290789663792e-05 -1.64765918683261e-05
18000 17040 -4978 4.46309181586109e-05 3.83381136506796e-05 1.55163737069815e-05 -1.66302494164556e-05
18200 17040 -4978 4.52139839744122e-05 3.90983518362045e-05 1.54652905128896e-05 -1.66179375685751e-05
18200 16840 -4978 4.45160303458808e-05 3.83108541443944e-05 1.56297448817641e-05 -1.65689121093601e-05
18200 16640 -4978 4.44309525449681e-05 3.82384714558721e-05 1.57728529050946e-05 -1.62446024902165e-05
18200 16440 -4978 4.40353924002438e-05 3.77171822860837e-05 1.61003541722894e-05 -1.59189761653543e-05
18200 16240 -4978 4.34532123139903e-05 3.71260930150747e-05 1.64792704544961e-05 -1.551529276371e-05
18200 16040 -4978 4.31277818105416e-05 3.67622518837452e-05 1.65694920569658e-05 -1.52536497879773e-05
18200 15840 -4978 4.2566981744626e-05 3.61229247376323e-05 1.69239092823118e-05 -1.4839458944276e-05
18200 15640 -4978 4.21434363076512e-05 3.56168525591493e-05 1.73153055645525e-05 -1.45341467093676e-05
18200 15440 -4978 4.14372019046942e-05 3.49367245584726e-05 1.72877424322069e-05 -1.397302714549e-05
18200 15240 -4978 4.11406467075031e-05 3.44608293473721e-05 1.78720275498927e-05 -1.36318868622184e-05
18200 15040 -4978 4.03315918685487e-05 3.36402417644858e-05 1.80353665500879e-05 -1.31342174448073e-05
18400 15040 -4978 4.13486724092003e-05 3.48792133182287e-05 1.77755718231201e-05 -1.32347347121686e-05
18400 15240 -4978 4.18612109269424e-05 3.5502817645669e-05 1.73575587309897e-05 -1.38067401796579e-05
18400 15440 -4978 4.22016807785095e-05 3.59227347448468e-05 1.70450237765908e-05 -1.43519591856748e-05
18400 15640 -4978 4.27619606104008e-05 3.64473458901048e-05 1.68214932717383e-05 -1.46347493976355e-05
18400 15840 -4978 4.30746140990824e-05 3.68624126911163e-05 1.65721360556781e-05 -1.49934551008046e-05
18400 16040 -4978 4.35365939311039e-05 3.74211589545012e-05 1.61883061993867e-05 -1.52349827457219e-05
18400 16240 -4978 4.39541026986194e-05 3.78767304569483e-05 1.59826467484236e-05 -1.56675941087306e-05
18400 16440 -4978 4.44076263618245e-05 3.8319537602365e-05 1.57934151086956e-05 -1.59442264232784e-05
18400 16640 -4978 4.49515752617792e-05 3.88681931942701e-05 1.56268370877951e-05 -1.64563103895634e-05
18400 16840 -4978 4.52318994361001e-05 3.919255438447e-05 1.53997506462038e-05 -1.66939034126699e-05
18400 17040 -4978 4.54659420885359e-05 3.93849902153015e-05 1.51357640400529e-05 -1.6987606247887e-05
18600 17040 -4978 4.58506657503868e-05 3.98683830872178e-05 1.49639854580164e-05 -1.69963148646057e-05
18600 16840 -4978 4.54717356388687e-05 3.94897629246116e-05 1.51884566023946e-05 -1.66597764752805e-05
18600 16640 -4978 4.52356682908938e-05 3.91894240230322e-05 1.53413667622954e-05 -1.6460359102115e-05
18600 16440 -4978 4.4846746890236e-05 3.88482937887311e-05 1.54039294756949e-05 -1.62131876312196e-05
18600 16240 -4978 4.46181479946973e-05 3.86897636055946e-05 1.57421984784305e-05 -1.5780978763476e-05
18600 16040 -4978 4.41642780703973e-05 3.81069106534123e-05 1.60593744311482e-05 -1.5575843507424e-05
18600 15840 -4978 4.38807729262568e-05 3.78706916868687e-05 1.61826208624989e-05 -1.51384126897901e-05
18600 15640 -4978 4.34100094420271e-05 3.73124799281359e-05 1.63631187807769e-05 -1.49818592015654e-05
18600 15440 -4978 4.30131304868811e-05 3.68732121884823e-05 1.67442585118115e-05 -1.45005927123129e-05
18600 15240 -4978 4.25338045778613e-05 3.64648482054472e-05 1.69742410629988e-05 -1.4076305212453e-05
18600 15040 -4978 4.21243106650709e-05 3.59697761386633e-05 1.72460086792707e-05 -1.35548908356577e-05
18800 15040 -4978 4.29538210683929e-05 3.70377512425184e-05 1.67900660708547e-05 -1.37765275482088e-05
18800 15240 -4978 4.32339506799657e-05 3.72639231905341e-05 1.66006782576442e-05 -1.43175417315215e-05
18800 15440 -4978 4.36136500601118e-05 3.77052449434996e-05 1.63116818480194e-05 -1.46286498904228e-05
18800 15640 -4978 4.39483698841613e-05 3.81319733187556e-05 1.59720676280558e-05 -1.51190540958196e-05
18800 15840 -4978 4.4414097870276e-05 3.85398836880922e-05 1.58238379098475e-05 -1.53981809746474e-05
18800 16040 -4978 4.48224120910888e-05 3.88931825235486e-05 1.56104533281177e-05 -1.58959971610457e-05
18800 16240 -4978 4.5036638812045e-05 3.91778187826276e-05 1.52797038033605e-05 -1.60567338317633e-05
18800 16440 -4978 4.53448705865424e-05 3.94466049149633e-05 1.53341508191079e-05 -1.6270514132455e-05
18800 16640 -4978 4.57133292632116e-05 3.98899840191007e-05 1.50680362991989e-05 -1.66574162635952e-05
18800 16840 -4978 4.62456805658018e-05 4.0326454333961e-05 1.50931889973581e-05 -1.68247696422041e-05
18800 17040 -4978 4.63757408386537e-05 4.05198139548302e-05 1.49017829354852e-05 -1.70150259099901e-05
19000 17040 -4978 4.68089149558404e-05 4.10213582888246e-05 1.46361658293754e-05 -1.71494995057583e-05
19000 16840 -4978 4.65667919203768e-05 4.07195282354951e-05 1.4648021960631e-05 -1.70798640623689e-05
19000 16640 -4978 4.64363437825064e-05 4.06941722854972e-05 1.49569541532546e-05 -1.66184182036668e-05
19000 16440 -4978 4.6030487571378e-05 4.02805004268885e-05 1.50015634000301e-05 -1.64123103022575e-05
19000 16240 -4978 4.5755886334389e-05 3.99295378029347e-05 1.521525314264e-05 -1.63140674382448e-05
19000 16040 -4978 4.53803798809396e-05 3.95718626976013e-05 1.54630014896393e-05 -1.60392365138978e-05
19000 15840 -4978 4.488386414426e-05 3.91316374018788e-05 1.56149559244514e-05 -1.54741515517235e-05
19000 15640 -4978 4.46953952567191e-05 3.89559055492282e-05 1.57253898549825e-05 -1.52849567420781e-05
19000 15440 -4978 4.43586066706405e-05 3.86248883232474e-05 1.60525031704456e-05 -1.4871052024886e-05
19000 15240 -4978 4.37258475666841e-05 3.81999135538936e-05 1.59662408735603e-05 -1.4418357944116e-05
19000 15040 -4978 4.35418613841477e-05 3.78469289243221e-05 1.62871014922857e-05 -1.40198741704226e-05
