# amount of points in x direction: 66 (distance of 200 steps)
# amount of points in y direction: 13 (distance of 200 steps)
# abs. coordinates of point 1: P1 (, , ) (offsets not corrected)
# Offsets of the hall probe have already been corrected for all following coordinates.
#
# X (absolute in steps=10um) Y (absolute in steps=10um) Z (absolute in steps=10um) Babs(in T) Bx By Bz
6000 7240 -2378 0.000386227429734968 -0.000129982141941786 -0.0001215667167 -0.000342913016736507
6000 7440 -2378 0.000400117414697008 -0.000137657138735056 -0.000104628237217665 -0.000360679224789143
6000 7640 -2378 0.0004130214147 -0.000145431772321463 -8.46421111673117e-05 -0.000377189609646797
6000 7840 -2378 0.000422896072554659 -0.000151114452 -6.28697492480278e-05 -0.000389826688826084
6000 8040 -2378 0.000430763154730726 -0.000155949542999268 -3.90899546965957e-05 -0.0003997142018
6000 8240 -2378 0.000436729529836045 -0.000159546807348728 -1.36823031529784e-05 -0.000406313048124313
6000 8440 -2378 0.000438990423991977 -0.000161052616059780 1.21403089351952e-05 -0.000408263369143009
6000 8640 -2378 0.0004389969133 -0.000161650881439447 3.78076645806432e-05 -0.000406628395855427
6000 8840 -2378 0.0004350657886 -0.000159994207113981 6.35358051657677e-05 -0.000399635475277901
6000 9040 -2378 0.000429182977947904 -0.000157163785815239 8.7425977319479e-05 -0.000389577444374561
6000 9240 -2378 0.0004204402768 -0.000152994509696960 0.000109489805728197 -0.000376131979525089
6000 9440 -2378 0.000408933292767446 -0.000147057699471712 0.000129476341247559 -0.000359131831347942
6000 9640 -2378 0.000396115403175378 -0.000140745359629393 0.000146364765971899 -0.000339862386643887
6200 9640 -2378 0.000440496288817077 -0.000170928535163403 0.000167505568414927 -0.000369881255686283
6200 9440 -2378 0.000455113586543562 -0.000178662738263607 0.000148975793719292 -0.000391333743274212
6200 9240 -2378 0.000468657248656243 -0.000185631674319506 0.000126931222945452 -0.000411179964065552
6200 9040 -2378 0.000479584738554594 -0.0001910704478 0.000101243607789278 -0.000428202321529388
6200 8840 -2378 0.000486631432392685 -0.000194803121954203 7.41241405457258e-05 -0.0004397192583
6200 8640 -2378 0.0004914970052 -0.000196781237393618 4.42151048779488e-05 -0.000448116068482399
6200 8440 -2378 0.000491835797961077 -0.000196549590229988 1.49634624607861e-05 -0.000450486786723137
6200 8240 -2378 0.000489212043210508 -0.000194718016743660 -1.56412430461496e-05 -0.000448518303632736
6200 8040 -2378 0.000482320886938777 -0.000190473239898682 -4.43619457930326e-05 -0.000440842271924019
6200 7840 -2378 0.000472856255463956 -0.000184685189753771 -7.20806907862425e-05 -0.000429415981173515
6200 7640 -2378 0.0004605551878 -0.0001770717867 -9.67597721964121e-05 -0.000413985708951950
6200 7440 -2378 0.000445741302711817 -0.0001684116905 -0.000120589795827866 -0.000394792725980282
6200 7240 -2378 0.000428664388391377 -0.0001584386619 -0.000141085800081492 -0.000372455503761768
6400 7240 -2378 0.000477203796049070 -0.000192321761339903 -0.000164455276370049 -0.000404586536049843
6400 7440 -2378 0.000497265020715619 -0.000203972676157951 -0.000142840657263994 -0.000430182421326637
6400 7640 -2378 0.000515889371864238 -0.0002152880699 -0.000116396455436945 -0.000454294897079468
6400 7840 -2378 0.000530608689198107 -0.000224459455192089 -8.73730239421129e-05 -0.000472721005558968
6400 8040 -2378 0.000542620094868300 -0.000231809114813805 -5.5457574442029e-05 -0.000487512315511704
6400 8240 -2378 0.000550711130769545 -0.000236720094382763 -2.11579238809645e-05 -0.000496788374185562
6400 8440 -2378 0.000555173403857184 -0.000239628664851189 1.33821058161557e-05 -0.000500458702683449
6400 8640 -2378 0.0005544982562 -0.000239776043236256 4.7953679151833e-05 -0.000497683779597282
6400 8840 -2378 0.000549080740356412 -0.000237370432972908 8.24954254478216e-05 -0.000488322788238525
6400 9040 -2378 0.000540875471716179 -0.000233227337896824 0.000114503019 -0.000474517675638199
6400 9240 -2378 0.000527539879337592 -0.000225815665066242 0.000144169229984283 -0.000454445643424988
6400 9440 -2378 0.000511848789250980 -0.000217644843518734 0.000170030028074980 -0.000430962068319321
6400 9640 -2378 0.000492557693661596 -0.000207026382118464 0.000192186495 -0.000403372331678867
6600 9640 -2378 0.000553332496416302 -0.000250338045418262 0.000221686665654182 -0.000440754061460495
6600 9440 -2378 0.000574757088294247 -0.000262310258865356 0.000197645148336887 -0.000471722838878632
6600 9240 -2378 0.000593891668752203 -0.000272838587224483 0.000168535906791687 -0.000499862048625946
6600 9040 -2378 0.000609974959718674 -0.0002815907647 0.0001342917028 -0.000524158212065697
6600 8840 -2378 0.000620791516045835 -0.000287538798987865 9.73429899215698e-05 -0.000541474031567574
6600 8640 -2378 0.000627025365414200 -0.000290481492996216 5.70179213285446e-05 -0.000552687895536423
6600 8440 -2378 0.000627294737291092 -0.000289984131753445 1.69630858767778e-05 -0.000556063029050827
6600 8240 -2378 0.000622858064366929 -0.00028696107 -2.45249582193792e-05 -0.000552304202079773
6600 8040 -2378 0.000613590959273674 -0.000281345940411091 -6.39354078024626e-05 -0.0005415261681
6600 7840 -2378 0.000598763335539236 -0.000272155358731747 -0.000101298985764384 -0.0005236299045
6600 7640 -2378 0.000581307849496833 -0.000261285104811192 -0.000134535067886114 -0.000501485452771187
6600 7440 -2378 0.000559101035613411 -0.000247719001829624 -0.000165852389454842 -0.000473132877111435
6600 7240 -2378 0.000533847823341310 -0.000232468113243580 -0.000191987655550241 -0.000440374505281448
6800 7240 -2378 0.000598766923719367 -0.0002796976155 -0.000225510544955730 -0.000478994850635529
6800 7440 -2378 0.000629123867084397 -0.000298537129461765 -0.000197772830039263 -0.000517416076779365
6800 7640 -2378 0.000656068514149403 -0.0003153928256 -0.000162658609896898 -0.000551762206435204
6800 7840 -2378 0.000678079855892288 -0.000329175483763218 -0.000123536478281021 -0.000579733449339867
6800 8040 -2378 0.000696272395146178 -0.000340626027345657 -7.98431025147438e-05 -0.000601990730285645
6800 8240 -2378 0.000708765997523288 -0.000348090510129929 -3.33473236300051e-05 -0.000616546382427216
6800 8440 -2378 0.000715302556099797 -0.000352674380362034 1.40909977052361e-05 -0.000622105969429016
6800 8640 -2378 0.000714560093575739 -0.000352594992876053 6.2484102666378e-05 -0.000618407150864601
6800 8840 -2378 0.000706927523872464 -0.000348909792244434 0.000109929301172495 -0.0006050217477
6800 9040 -2378 0.000694629280061158 -0.000341954338431358 0.000153720915645361 -0.000584762299776077
6800 9240 -2378 0.000675462971779690 -0.000331222625195980 0.000193668503344059 -0.000556020627975464
6800 9440 -2378 0.000651956237737706 -0.000317984818875790 0.000227988492250442 -0.000521601053118706
6800 9640 -2378 0.000624299108443211 -0.000302018612921238 0.000256532221913338 -0.000482617823719978
7000 9640 -2378 0.000707064660994761 -0.000363793350160122 0.000298886713385582 -0.000527527609467506
7000 9440 -2378 0.000738504553049377 -0.000382352505981922 0.000267676511645317 -0.0005723153162
7000 9240 -2378 0.0007676516321 -0.000399531034827232 0.000228591124475002 -0.000614326844453812
7000 9040 -2378 0.000791391194738689 -0.000412994861721993 0.000182222837388515 -0.000649908886790276
7000 8840 -2378 0.000806662131374333 -0.0004219503808 0.000131305652290583 -0.000674683929562569
7000 8640 -2378 0.000816293688990176 -0.000426842013478279 7.55290841460228e-05 -0.000691746892213821
7000 8440 -2378 0.000816882251411811 -0.000426857988476753 1.93756534811109e-05 -0.000696288842082024
7000 8240 -2378 0.000810145082797320 -0.000422285007238388 -3.87237496450543e-05 -0.000690326118946075
7000 8040 -2378 0.0007945496652 -0.0004125306648 -9.30952880829573e-05 -0.000672868295073509
7000 7840 -2378 0.000773253259088384 -0.0003988744632 -0.000144318271845579 -0.000646395203351974
7000 7640 -2378 0.000747006772548689 -0.000381937842071056 -0.0001896416265 -0.000613130548357964
7000 7440 -2378 0.000713448807929189 -0.000360943458378315 -0.000231793712675571 -0.000570303673386574
7000 7240 -2378 0.0006757788603 -0.000337017129123211 -0.000265194000780582 -0.000522272596120835
7200 7240 -2378 0.000765876613949398 -0.000405855217218399 -0.000314830137610436 -0.000567954155445099
7200 7440 -2378 0.0008111271383 -0.000435111171960831 -0.000278759708881378 -0.000625268158316612
7200 7640 -2378 0.0008519583902 -0.000461567028999329 -0.000231686099946499 -0.000677565277695656
7200 7840 -2378 0.000885603903499723 -0.000483353814 -0.000178362843155861 -0.000720157042980194
7200 8040 -2378 0.000912446010014249 -0.0005006831007 -0.000117350245833397 -0.000753726126432419
7200 8240 -2378 0.000931484573777231 -0.000512514648556709 -5.18882613182068e-05 -0.000776167651176453
7200 8440 -2378 0.000940932764438107 -0.000518998582 1.53412775434554e-05 -0.000784711883544922
7200 8640 -2378 0.000940589062531084 -0.000519279667019844 8.26741598248482e-05 -0.000780101463437080
7200 8840 -2378 0.000929734149698858 -0.000513373346567154 0.000149278851062059 -0.000760637377977371
7200 9040 -2378 0.000910809185047850 -0.000502029746651649 0.000210863029837608 -0.000729925225019455
7200 9240 -2378 0.000882667376864709 -0.000485643839597702 0.000265823010444641 -0.000687402091622353
7200 9440 -2378 0.000846883297344624 -0.000463871660113335 0.000312415241360664 -0.000635999820947647
7200 9640 -2378 0.000805704245060194 -0.0004388968718 0.000349756181716919 -0.000578157625555992
7400 9640 -2378 0.0009223023632 -0.000529829859495163 0.000412459987282753 -0.000632486773729324
7400 9440 -2378 0.0009704710649 -0.000560149314165115 0.000371197774767876 -0.000700185008168221
7400 9240 -2378 0.00101373215423238 -0.000587001321077347 0.000318029051065445 -0.000763000585317612
7400 9040 -2378 0.00104930633287882 -0.000608340196728706 0.000253161180377006 -0.000816665597438812
7400 8840 -2378 0.00107297093919701 -0.000622877653 0.000181253580212593 -0.000854524994373322
7400 8640 -2378 0.00108715111904100 -0.000630858347892761 0.000101493375182152 -0.000879551589012146
7400 8440 -2378 0.00108785593704293 -0.000630632713079453 2.19169842489064e-05 -0.000886144777536392
7400 8240 -2378 0.00107693849179895 -0.000623379816651344 -6.04966095387936e-05 -0.000875873119115830
7400 8040 -2378 0.00105447916964469 -0.0006089577285 -0.0001384051662 -0.0008496608417
7400 7840 -2378 0.00102147837824522 -0.000587714108824730 -0.000210350612699985 -0.0008086863799
7400 7640 -2378 0.000981274320873183 -0.000560893233656883 -0.000273572978258133 -0.000757045265913009
7400 7440 -2378 0.000930605691035612 -0.000527571799278259 -0.000330607889771461 -0.000691659867286682
7400 7240 -2378 0.000874214615524031 -0.0004905064243 -0.0003747652803 -0.000618995179414749
7600 7240 -2378 0.00100189789871536 -0.000592956688761711 -0.000449337856173515 -0.000671044911265373
7600 7440 -2378 0.00106983170781659 -0.000638851867079735 -0.000402086892187595 -0.000758088724613190
7600 7640 -2378 0.00113226319415872 -0.000680563612818718 -0.000337124238252640 -0.000839646845579147
7600 7840 -2378 0.00118393501421099 -0.000715350431799888 -0.000262390804231167 -0.000906028343439102
7600 8040 -2378 0.00122535880596762 -0.000742423717737198 -0.000176077684313059 -0.000958805442094803
7600 8240 -2378 0.00125464933162793 -0.000761244908213615 -8.11050776690245e-05 -0.0009939169104
7600 8440 -2378 0.00126875386642057 -0.000770436202526092 1.55275685302913e-05 -0.00100776598072052
7600 8640 -2378 0.00126859633181613 -0.000771071857571602 0.000113728382796049 -0.00100091169452667
7600 8840 -2378 0.00125229248263085 -0.000761706491231918 0.000209194627046585 -0.000971739312410355
7600 9040 -2378 0.00122412283612253 -0.000744371290445328 0.000296749048888683 -0.000925387394666672
7600 9240 -2378 0.00118148716961773 -0.0007179951744 0.0003741654399 -0.000860556902885437
7600 9440 -2378 0.00112765136881106 -0.000684169394016266 0.000438346620798111 -0.000782136853694916
7600 9640 -2378 0.00106457434878233 -0.000643362088084221 0.000488472679495811 -0.000693396141529083
7800 9640 -2378 0.00123454863879017 -0.000781639670252800 0.000583335552334785 -0.000756768407821655
7800 9440 -2378 0.00130861435732507 -0.000830403604984283 0.0005275638349 -0.000862948460578919
7800 9240 -2378 0.00137411117214130 -0.000872325465440750 0.000453590939879417 -0.000959836493968964
7800 9040 -2378 0.00142923862174158 -0.000906898516654968 0.0003611512196 -0.00104399288511276
7800 8840 -2378 0.00146412108659632 -0.000928972918748856 0.000257400383830070 -0.00110191510558128
7800 8640 -2378 0.00148540422355223 -0.000941787166357040 0.000140766513198614 -0.00114016360282898
7800 8440 -2378 0.00148686027694317 -0.000942181927919388 2.40990034639835e-05 -0.00115014539051056
7800 8240 -2378 0.00147028117327671 -0.0009309526031 -9.64987598508596e-05 -0.0011338001151
7800 8040 -2378 0.00143448839498267 -0.000907900383710861 -0.0002089258551 -0.00109091363835335
7800 7840 -2378 0.00138449559429711 -0.000875000962257385 -0.000313417673051357 -0.00102626495933533
7800 7640 -2378 0.00132244695873292 -0.000832825360536575 -0.000403115762889385 -0.000944862719774246
7800 7440 -2378 0.00124439594295099 -0.000779666775941848 -0.000483147039771080 -0.000840894884347916
7800 7240 -2378 0.00115703564882836 -0.000719451786875725 -0.000541231700420379 -0.0007268219347
8000 7240 -2378 0.00134840863753588 -0.000878290567159653 -0.000658659490227699 -0.0007829017955
8000 7440 -2378 0.00145463540419016 -0.000953205915689468 -0.000595470768928528 -0.000923660897493362
8000 7640 -2378 0.00155146530198204 -0.00101994531083107 -0.0005039557687 -0.00105488612151146
8000 7840 -2378 0.00163047362355756 -0.00107368710947037 -0.000394483028113842 -0.00116194660115242
8000 8040 -2378 0.00169373261727949 -0.00111548509812355 -0.000266785098910332 -0.00124631526923180
8000 8240 -2378 0.00173889036331110 -0.00114414030742645 -0.000128342963725328 -0.0013032188456
8000 8440 -2378 0.00176201562198891 -0.0011596343522 1.43948292457499e-05 -0.00132659950757027
8000 8640 -2378 0.00176172681558353 -0.00116002559638023 0.000159476808935404 -0.00131617964148521
8000 8840 -2378 0.00173772431964329 -0.0011459054346 0.000300045133113861 -0.00127149914097786
8000 9040 -2378 0.00169382978865646 -0.00111813693928719 0.000428892263174057 -0.00119772980189323
8000 9240 -2378 0.0016284005828 -0.00107676372265816 0.000541522660493851 -0.00109471260929108
8000 9440 -2378 0.00154606707509221 -0.0010234512012 0.000633055028080940 -0.000970624732255936
8000 9640 -2378 0.00144807857572672 -0.000957867669582367 0.000700823220491409 -0.000829848828792572
8200 9640 -2378 0.00171386266439349 -0.00117952973747253 0.000851243219852448 -0.000906322134494781
8200 9440 -2378 0.00182870760885936 -0.00125695731115341 0.000773924252271652 -0.00107929086613655
8200 9240 -2378 0.00192941718569602 -0.00132254003334045 0.000666834007620812 -0.0012365195465
8200 9040 -2378 0.00201159232159449 -0.00137433060646057 0.000530674905657768 -0.00136970966386795
8200 8840 -2378 0.00206443798665916 -0.00140762077617645 0.000376435612857342 -0.00146245762801170
8200 8640 -2378 0.00209792368112614 -0.00142774208736420 0.000201169676542282 -0.00152405954408646
8200 8440 -2378 0.00209891211441305 -0.00142771529936790 2.57966420464218e-05 -0.00153824858021736
8200 8240 -2378 0.00207364014673184 -0.00141113932752609 -0.000153079581171274 -0.00151177357435226
8200 8040 -2378 0.00201961180558483 -0.00137682420825958 -0.000321068221390247 -0.00144235667276382
8200 7840 -2378 0.00194312525861437 -0.00132656706142426 -0.000476935915946961 -0.00133734353637695
8200 7640 -2378 0.00184713497751036 -0.00126124611544609 -0.000610434134 -0.0012034095838
8200 7440 -2378 0.0017259043441 -0.00117752625346184 -0.000726620390892029 -0.00103141750884056
8200 7240 -2378 0.00158973956468478 -0.00108007389879227 -0.000806709706425667 -0.000842692517757416
8400 7240 -2378 0.00190047657737582 -0.00134043712568283 -0.00100165797376633 -0.0009007084496
8400 7440 -2378 0.00206700139411137 -0.00146119360494614 -0.000911579157114029 -0.00114299232387543
8400 7640 -2378 0.00221613483466514 -0.00156461236763001 -0.000775015146136284 -0.00136454318904877
8400 7840 -2378 0.00233699099167006 -0.00164607121181488 -0.000609173600792885 -0.00154317223095894
8400 8040 -2378 0.00243315291394297 -0.00170785281515121 -0.000415855347394943 -0.00168217541551590
8400 8240 -2378 0.00250078003064809 -0.00174944770383835 -0.000204574003189802 -0.00177488010025024
8400 8440 -2378 0.0025345306858 -0.00177121225118637 1.16192024641787e-05 -0.00181279914665222
8400 8640 -2378 0.00253365381904358 -0.00177128126621246 0.000231665335595608 -0.0017967458148
8400 8840 -2378 0.00249851493675269 -0.00175128395128250 0.000444262231469154 -0.00172587386655808
8400 9040 -2378 0.00243378455884502 -0.00171112115097046 0.000640026342511177 -0.00160785065817833
8400 9240 -2378 0.0023358236379 -0.00165022920036316 0.000810546944379806 -0.00144055813121796
8400 9440 -2378 0.00220937037804895 -0.00156882151341438 0.000947519576072693 -0.00123421438288689
8400 9640 -2378 0.00205825773414872 -0.00146673024606705 0.00104509849548340 -0.000996441879987717
8600 9640 -2378 0.00251150579596031 -0.00183968346643448 0.00130325598764420 -0.00110647662591934
8600 9440 -2378 0.00268446325656188 -0.00195499586629868 0.00118604093718529 -0.00140650900268555
8600 9240 -2378 0.00283540558205040 -0.00205033592605591 0.00101841611742973 -0.00167275798749924
8600 9040 -2378 0.0029570064661 -0.00212385829401016 0.000804980986595154 -0.00189326560783386
8600 8840 -2378 0.00303286156705571 -0.00216903785324097 0.000567038056969643 -0.00204241638803482
8600 8640 -2378 0.00308034853201673 -0.00219603500986099 0.000296960439860821 -0.00213957427787781
8600 8440 -2378 0.00308144315586156 -0.00219546832847595 2.91033882275224e-05 -0.00216208808183670
8600 8240 -2378 0.00304483126838566 -0.00217276319789887 -0.000244323301315308 -0.00211894240665436
8600 8040 -2378 0.00296734589027698 -0.0021265865612 -0.000503615017890930 -0.00200694263696671
8600 7840 -2378 0.00285547854302294 -0.00205717724704742 -0.000744095544576645 -0.00183523875951767
8600 7640 -2378 0.00271285279291928 -0.00196307708358765 -0.000955629200458526 -0.00160973326659203
8600 7440 -2378 0.00253064799776870 -0.00183930618667603 -0.00113670939898491 -0.00131501760268211
8600 7240 -2378 0.00232007323281590 -0.00168669782066345 -0.00125895138168335 -0.000976496870279312
8800 7240 -2378 0.00290305633156609 -0.0021537162013 -0.00161371847915649 -0.00108817312717438
8800 7440 -2378 0.00314721736859897 -0.00232879704141617 -0.00146027003145218 -0.00153274033689499
8800 7640 -2378 0.00336005054804718 -0.00246963258695602 -0.00123141676616669 -0.00191727261877060
8800 7840 -2378 0.00352802471695274 -0.00257567375183105 -0.000963575983047485 -0.00221006136465073
8800 8040 -2378 0.00366045116822928 -0.00265359957551956 -0.000658917132616043 -0.00243317553329468
8800 8240 -2378 0.00375216302161208 -0.00270494667816162 -0.000330305846810341 -0.00257939393281937
8800 8440 -2378 0.00379898416554863 -0.00273235730266571 5.51099317971966e-06 -0.00263944433212280
8800 8640 -2378 0.00379846177196017 -0.00273313949346542 0.000345550962924957 -0.00261505831146240
8800 8840 -2378 0.00375018063527138 -0.00270878962707520 0.000677423841953278 -0.00250338806867599
8800 9040 -2378 0.00366418425314778 -0.00266050061178207 0.000985188100337982 -0.00231891939115524
8800 9240 -2378 0.00352995993311947 -0.00258427180385590 0.00126005746841431 -0.00204843176412582
8800 9440 -2378 0.00335568042954095 -0.00247936231231689 0.0014857463901 -0.00170467338037491
8800 9640 -2378 0.00314034452785352 -0.00234024320793152 0.00165058050298691 -0.00128902881574631
9000 9640 -2378 0.00400316595348155 -0.00299069816684723 0.00212758227157593 -0.00159838409352303
9000 9440 -2378 0.00421743250658617 -0.00312238339614868 0.0018994942274 -0.00210472871017456
9000 9240 -2378 0.00440096070326568 -0.0032260128479 0.00160379641318321 -0.00252724565887451
9000 9040 -2378 0.00454958785369196 -0.00330361105442047 0.00125019138383865 -0.00286738995313644
9000 8840 -2378 0.00463986074101496 -0.00334986700916290 0.0008692105596 -0.00309060605192184
9000 8640 -2378 0.00469699823354827 -0.00337620186805725 0.000448626193523407 -0.00323429955577850
9000 8440 -2378 0.00469788282318723 -0.00337457109928131 3.39811519421637e-05 -0.00326834225845337
9000 8240 -2378 0.00465290666237451 -0.00335006522464752 -0.000393563414990902 -0.00320519369697571
9000 8040 -2378 0.00455597748586402 -0.0032999277296 -0.0007986167612 -0.00303802881813049
9000 7840 -2378 0.00441691299458457 -0.00322370256519318 -0.00118701934909821 -0.00277661192512512
9000 7640 -2378 0.00423887969169459 -0.00311892686462402 -0.00153281078028679 -0.00242728769588471
9000 7440 -2378 0.00400914574894812 -0.0029763049035 -0.00185464987373352 -0.00194177658605576
9000 7240 -2378 0.00374222190815365 -0.00279209186124802 -0.00209586414146423 -0.00134751673412323
9200 7240 -2378 0.00491387771794219 -0.003621646986 -0.00273636028432846 -0.00188176476335525
9200 7440 -2378 0.00515449813677394 -0.00378071667098999 -0.00239336694669724 -0.00255841536998749
9200 7640 -2378 0.00537602484262482 -0.00390872097778320 -0.00197185014677048 -0.00311915087175369
9200 7840 -2378 0.00555914288523458 -0.0040072806406 -0.00152048611712456 -0.00354104092407227
9200 8040 -2378 0.00570295167919146 -0.00407740735816956 -0.00102785380482674 -0.00385252172565460
9200 8240 -2378 0.00580553130864655 -0.00412350075912475 -0.000515643949389458 -0.00405353599071503
9200 8440 -2378 0.00585826739217764 -0.00414969730281830 -3.36663116257114e-06 -0.00413564295959473
9200 8640 -2378 0.00586030498287051 -0.00415342707729340 0.000520213478088379 -0.00410140707969666
9200 8840 -2378 0.00580814522682605 -0.00413498381423950 0.0010341825366 -0.00394539929008484
9200 9040 -2378 0.00571684613702704 -0.00409537267303467 0.00152540337014198 -0.00368570815467834
9200 9240 -2378 0.00557451404108351 -0.00403083325099945 0.00198510173273087 -0.00329916391754150
9200 9440 -2378 0.0053952019911 -0.0039401959877 0.00239668460798264 -0.00279836494684219
9200 9640 -2378 0.00518545578647697 -0.00381835918807983 0.00275149905252457 -0.00217903565216064
9400 9640 -2378 0.0066608215711 -0.00478544319915772 0.00349229343032837 -0.00304466155529022
9400 9440 -2378 0.00682623733026404 -0.0048719094181 0.00302072541713715 -0.00370643140792847
9400 9240 -2378 0.00698804282301870 -0.0049398323698 0.00249363367176056 -0.00426750901985169
9400 9040 -2378 0.00712992402576650 -0.00499049048995972 0.00190848803758621 -0.00472085652446747
9400 8840 -2378 0.00721405958606237 -0.00501760874462128 0.00130933523368835 -0.00501542620182037
9400 8640 -2378 0.00727051937197492 -0.00503209991741181 0.000667782645821571 -0.00520504454326630
9400 8440 -2378 0.00726803760372290 -0.0050254932022 4.42302639111877e-05 -0.00525022770977020
9400 8240 -2378 0.00722364992331609 -0.00500690994167328 -0.000600754572510719 -0.00517222506713867
9400 8040 -2378 0.0071247174135 -0.00497007834243774 -0.00122057656288147 -0.00495660214424133
9400 7840 -2378 0.00698401551975817 -0.00491275692272186 -0.00182490770435333 -0.00461707856464386
9400 7640 -2378 0.006810587183 -0.00483199028587341 -0.00239951437425613 -0.00415507281112671
9400 7440 -2378 0.00660104152419952 -0.00472612766075134 -0.00297057663154602 -0.00352322877693176
9400 7240 -2378 0.00638457265471534 -0.00459319848442078 -0.00347360175228119 -0.00275630215263367
9600 7240 -2378 0.00808775468332371 -0.00565943949508667 -0.00429265050315857 -0.00386740559768677
9600 7440 -2378 0.00833766603078261 -0.00578910048675537 -0.00368366873168945 -0.00473596474647522
9600 7640 -2378 0.00855740550264004 -0.0058784037218 -0.00298938518285751 -0.00545238271999359
9600 7840 -2378 0.00873359170597264 -0.00593995983505249 -0.00227351449584961 -0.00598528471183777
9600 8040 -2378 0.00886907031764172 -0.00597583811473847 -0.00152564849472046 -0.00637325962448120
9600 8240 -2378 0.00896431119529790 -0.00599634800529480 -0.000763279141783714 -0.00661931712532043
9600 8440 -2378 0.00901489938592441 -0.00601298270702362 -8.53238165107905e-06 -0.00671686399841309
9600 8640 -2378 0.00901844188187991 -0.00602088479518890 0.0007574930768 -0.00667138999748230
9600 8840 -2378 0.00897217307578562 -0.00602201336956024 0.00152221275615692 -0.00647454388809204
9600 9040 -2378 0.00889363198305686 -0.00601275123786926 0.00226924589061737 -0.00614742583274841
9600 9240 -2378 0.00876623250375235 -0.00599068137454987 0.00299157302665710 -0.00565683783721924
9600 9440 -2378 0.00860635886122184 -0.00594884840011597 0.00367136570167541 -0.00502026771736145
9600 9640 -2378 0.0084115960776 -0.00587339036655426 0.00430093685817718 -0.00421653731918335
9800 9640 -2378 0.0105395069566237 -0.00711696549415588 0.0052529628067 -0.00572932833099365
9800 9440 -2378 0.01072568823 -0.00713939839172363 0.00448492604064941 -0.00662984291076660
9800 9240 -2378 0.0108690702417805 -0.00713183153533936 0.00364952207565308 -0.0073455180664
9800 9040 -2378 0.0109810130029304 -0.00711107774925232 0.00276239113283157 -0.00789853915405274
9800 8840 -2378 0.0110367451338703 -0.00708842657279968 0.00187828391313553 -0.00824819975471497
9800 8640 -2378 0.0110807880068 -0.00707175675773621 0.000952720739126205 -0.00847761017608643
9800 8440 -2378 0.0110749894198833 -0.00705836489677429 6.32971949204803e-05 -0.00853402137374878
9800 8240 -2378 0.0110419293060583 -0.0070559582901 -0.000853773849725724 -0.00845036837196350
9800 8040 -2378 0.0109627732828 -0.00705907553863526 -0.00174898652362823 -0.00820285698318481
9800 7840 -2378 0.0108464194312379 -0.00705781592941284 -0.00264665766191483 -0.00779950292396545
9800 7640 -2378 0.0106838434937 -0.00703768902969360 -0.00351151772022247 -0.00723006014633179
9800 7440 -2378 0.0104677932843195 -0.00700126880645752 -0.00442354460239410 -0.00640028260421753
9800 7240 -2378 0.0101771248599 -0.00690532544136048 -0.00524062236976624 -0.00533485741424561
10000 7240 -2378 0.0129086878044360 -0.00841696134948731 -0.00641377847576141 -0.00739272805786133
10000 7440 -2378 0.0131911516215910 -0.00840844218635559 -0.00537975481224060 -0.00862420357894898
10000 7640 -2378 0.0133661879799734 -0.0083469844284 -0.00427692666244507 -0.00952325613212586
10000 7840 -2378 0.0134680585549392 -0.00827643007469177 -0.0031880955429 -0.0101345498104
10000 8040 -2378 0.0135267988618 -0.00821018271446228 -0.002105704288 -0.0105413610439301
10000 8240 -2378 0.0135694263101630 -0.00816105620002747 -0.00104682467746735 -0.0107903035259247
10000 8440 -2378 0.0135927901536730 -0.00814689055252075 -3.36820547110256e-06 -0.0108809548301697
10000 8640 -2378 0.0135994582328314 -0.00816235043907165 0.00104799065732956 -0.0108269691505432
10000 8840 -2378 0.0135876524078437 -0.00821111247634888 0.00211435185146332 -0.0106169112281799
10000 9040 -2378 0.0135721110306648 -0.00828367526245117 0.00318755843162537 -0.0102675407581329
10000 9240 -2378 0.0135236591284287 -0.00838158476829529 0.00427819459438324 -0.00971251847267151
10000 9440 -2378 0.0134396613592664 -0.00848517005157471 0.00534957289981842 -0.00894544683456421
10000 9640 -2378 0.0132832973025536 -0.00857023509025574 0.00640149919033051 -0.0078738714714
10200 9640 -2378 0.0169066737682286 -0.0102057490310669 0.00781160586166382 -0.0109856871356964
10200 9440 -2378 0.0168315239419338 -0.00990328268432617 0.00644350774383545 -0.0119872967739105
10200 9240 -2378 0.0167284562741722 -0.00963353905296326 0.00509418383407593 -0.0126919449138641
10200 9040 -2378 0.0166372913127 -0.00941202261543274 0.00376723040962219 -0.0131914721031189
10200 8840 -2378 0.0165513078307127 -0.00926437424087524 0.00252868995952606 -0.0134803274040222
10200 8640 -2378 0.0165191140420801 -0.00917237124252319 0.00128022387456894 -0.0136790717735291
10200 8440 -2378 0.0165009573764508 -0.00914601055717468 0.000101465326488018 -0.0137341879692
10200 8240 -2378 0.0165207584938600 -0.00918374015045166 -0.00110343185067177 -0.0136887985687256
10200 8040 -2378 0.0165564235119879 -0.00929062506866455 -0.00230838885307312 -0.0135081747932434
10200 7840 -2378 0.0166164725042315 -0.00945401157569885 -0.00357053828048706 -0.0131898958091736
10200 7640 -2378 0.0166728607586993 -0.00965822883224487 -0.00486424266815186 -0.0126904925479889
10200 7440 -2378 0.0167189156798230 -0.00993560383796692 -0.00631418887424469 -0.0118726526412964
10200 7240 -2378 0.0166439151449855 -0.0102156037693 -0.00778882186889648 -0.0105794441928864
10400 7240 -2378 0.0217326832585 -0.0121025507793427 -0.0092843209362 -0.0154811555557251
10400 7440 -2378 0.0212217992442791 -0.0113918993034363 -0.00734834799575806 -0.0163277262878418
10400 7640 -2378 0.0207221277597504 -0.0108244066982269 -0.00558776870727539 -0.0167639938621521
10400 7840 -2378 0.0203461238454856 -0.0104306775894165 -0.00405497383308411 -0.0169920066070557
10400 8040 -2378 0.0200614686201453 -0.0101405139179230 -0.00262496393156052 -0.0171100272903442
10400 8240 -2378 0.0198829137626570 -0.0099512907257 -0.00126604172158241 -0.0171666474952698
10400 8440 -2378 0.0198102916447949 -0.00988337996292114 2.97433182161767e-05 -0.0171687381858826
10400 8640 -2378 0.0198312840150474 -0.00991013023185730 0.00133474675679207 -0.0171254563674927
10400 8840 -2378 0.0199509966516973 -0.0100452995891571 0.00268796375799179 -0.0170270960235596
10400 9040 -2378 0.0201862543889215 -0.0102743268642426 0.00410507034778595 -0.0168836998100281
10400 9240 -2378 0.0205399851367685 -0.0106339405498505 0.00565290634059906 -0.0166389587326
10400 9440 -2378 0.0210235764803412 -0.0111231267528534 0.00735345726394653 -0.0162544732666
10400 9640 -2378 0.0216273451728528 -0.0117690397987366 0.00928602838897705 -0.0155880784034729
10600 9640 -2378 0.0270865616855823 -0.0126730779953 0.0103824449653625 -0.0215707712326
10600 9440 -2378 0.025599753945 -0.0117558700904846 0.00806445870971680 -0.0212628395080566
10600 9240 -2378 0.0245646889729 -0.0110897638511658 0.00612352905559540 -0.0210468763122559
10600 9040 -2378 0.0238589271414292 -0.0106147466297150 0.00442045325565338 -0.0209058778648376
10600 8840 -2378 0.0234162610177317 -0.0103296171741486 0.00293775431537628 -0.0208087155723572
10600 8640 -2378 0.0231907172601376 -0.0101547975540161 0.0014926525464 -0.0207957270965576
10600 8440 -2378 0.0231392962473679 -0.0101138756370544 0.000163905892550945 -0.0208107203521729
10600 8240 -2378 0.0232754877523265 -0.0101923218078613 -0.00119754033184052 -0.0208909578475952
10600 8040 -2378 0.0235922017731423 -0.0104109408226 -0.00258247309732437 -0.0210127372894287
10600 7840 -2378 0.0241306500488534 -0.0107653032588959 -0.00408549067115784 -0.0212069832572937
10600 7640 -2378 0.0248921640624431 -0.0112758644447327 -0.00569895415687561 -0.0214455350952148
10600 7440 -2378 0.0261390973260592 -0.0121021207504272 -0.00775119743919373 -0.0218334592437744
10600 7240 -2378 0.0279080041859979 -0.0133166276206970 -0.0102376466255188 -0.0222870528945923
10800 7240 -2378 0.0329628537551316 -0.0126473145847321 -0.00970879563331604 -0.0288502070846558
10800 7440 -2378 0.0304250377066821 -0.0115275695495605 -0.00741893602943420 -0.0271606929931641
10800 7640 -2378 0.0287142964951888 -0.0107738769531250 -0.00553090959358216 -0.0260337095336914
10800 7840 -2378 0.0275980587879880 -0.0102813298778534 -0.00394932795619965 -0.0253053205299377
10800 8040 -2378 0.0268473955263728 -0.00994947089958191 -0.00251145816516876 -0.0248099082298279
10800 8240 -2378 0.0263944419431297 -0.00973906896591187 -0.00117366268467903 -0.0245031977767944
10800 8440 -2378 0.0262084155785837 -0.00966072000122070 0.000106074409320951 -0.0243626822090149
10800 8640 -2378 0.0262543566781570 -0.00969469248962402 0.00139973770761490 -0.0243588371582
10800 8840 -2378 0.0265504826903733 -0.00985313594436645 0.0027465739808 -0.0245011583213806
10800 9040 -2378 0.0271182905262427 -0.0101192054595947 0.00418557050609589 -0.0248085844726563
10800 9240 -2378 0.0280483065103750 -0.0105536502246857 0.00580140715885162 -0.0253313928031921
10800 9440 -2378 0.0294413427962641 -0.0111688485488892 0.00766127285575867 -0.0261410479125976
10800 9640 -2378 0.0315620781052 -0.0120646986732483 0.00999420394706726 -0.0274059659652710
11000 9640 -2378 0.0338639660081376 -0.0100428826484680 0.00818231798744202 -0.0312851977996826
11000 9440 -2378 0.0319630337933611 -0.00960537034988403 0.00663668034172058 -0.0297550794219971
11000 9240 -2378 0.0305742560031879 -0.00924030547142029 0.00519283832454681 -0.0286772928924561
11000 9040 -2378 0.0295795987542530 -0.00894352579879761 0.00381849275493622 -0.0279353740234375
11000 8840 -2378 0.0289702927158296 -0.00876780978584290 0.00259345693731308 -0.0274890836715698
11000 8640 -2378 0.0286357457167231 -0.0086442452259 0.00138481480574608 -0.0272651696548462
11000 8440 -2378 0.0285638649131350 -0.00860936283683777 0.000251956365168095 -0.0272347354736328
11000 8240 -2378 0.0287540709436183 -0.00864458223724365 -0.000909312487125397 -0.0274093804016113
11000 8040 -2378 0.0292089210701359 -0.00877043825149536 -0.00207076015949249 -0.0277840320205688
11000 7840 -2378 0.0299599024268160 -0.00896463463211060 -0.00328960085773468 -0.0283978889846802
11000 7640 -2378 0.0310307641096786 -0.00923518618583679 -0.00455515318393707 -0.0292707838745117
11000 7440 -2378 0.0327092119721550 -0.00961574742698670 -0.00603975165843964 -0.0306754453353882
11000 7240 -2378 0.0350353547101115 -0.0100946089000702 -0.00763742006683350 -0.0326714826431274
11200 7240 -2378 0.0354134316435174 -0.0072461090126 -0.00539815577411652 -0.0342409216461182
11200 7440 -2378 0.0337927815083463 -0.00730636089515686 -0.00454366770076752 -0.0326804236450195
11200 7640 -2378 0.0324890250984 -0.00729002971649170 -0.00358917504119873 -0.0314585919799805
11200 7840 -2378 0.0315505919806966 -0.00724500502395630 -0.00264272110795975 -0.0305922483291626
11200 8040 -2378 0.0308676282667414 -0.00719835840034485 -0.00168301255416870 -0.0299673027114868
11200 8240 -2378 0.0304345126446 -0.00715850723457337 -0.0007298191154 -0.0295729982681274
11200 8440 -2378 0.0302560233927453 -0.00715623939704895 0.000209696486860514 -0.0293967672653198
11200 8640 -2378 0.0303059199455841 -0.00717963423347473 0.00115277379179001 -0.0294205657043457
11200 8840 -2378 0.0305938130448 -0.00723897929191589 0.00212014260149002 -0.0296492002410889
11200 9040 -2378 0.0311263380003200 -0.00731323589706421 0.0031037105236 -0.0300954643859863
11200 9240 -2378 0.0319489112501981 -0.00741187257003785 0.00410815148448944 -0.0308045478210449
11200 9440 -2378 0.0330747083390218 -0.00750254658699036 0.00509856966209412 -0.0318089133834839
11200 9640 -2378 0.0345564295638968 -0.00754943557548523 0.00603094215869904 -0.0331753529129
11400 9640 -2378 0.0346539577041128 -0.00537532943248749 0.00431768075466156 -0.0339625401077271
11400 9440 -2378 0.0336288782697 -0.00555878313064575 0.00385373651027680 -0.0329420563049316
11400 9240 -2378 0.0327687041652622 -0.00564829956436157 0.00323765526771545 -0.0321159766540527
11400 9040 -2378 0.0320967587276130 -0.00567799682235718 0.00253112112236023 -0.0314889774169922
11400 8840 -2378 0.0316513444782 -0.00569156029415131 0.00181101104879379 -0.0310828456649780
11400 8640 -2378 0.0313915047252 -0.00567121831226349 0.00103871554255486 -0.0308575752029419
11400 8440 -2378 0.0313359024052541 -0.00565651268482208 0.000302647672712803 -0.0308197238235474
11400 8240 -2378 0.0314763579433987 -0.00563013010025024 -0.000446396618 -0.0309658236312866
11400 8040 -2378 0.0318137685910432 -0.00560512247467041 -0.0011682345643 -0.0312941890563965
11400 7840 -2378 0.0323494753607878 -0.00554895298671723 -0.00188280610942841 -0.0318152719421387
11400 7640 -2378 0.0330596745223 -0.00545909726619720 -0.00253868586301804 -0.0325083685302734
11400 7440 -2378 0.0340579170635201 -0.00526959564018250 -0.00316592288255692 -0.0334953680267334
11400 7240 -2378 0.0352163038813842 -0.00496815814685822 -0.00362427698707581 -0.0346780236816406
11600 7240 -2378 0.0349294253848473 -0.00333037371444702 -0.00237719092416763 -0.0346889367370605
11600 7440 -2378 0.0341329646938387 -0.00365522533607483 -0.00215133101558685 -0.0338673316802979
11600 7640 -2378 0.0334222581193998 -0.00389108481407166 -0.00178414148283005 -0.0331483682250977
11600 7840 -2378 0.0328611489941537 -0.00404675928688049 -0.00133566965055466 -0.0325838271865845
11600 8040 -2378 0.0324289773573841 -0.00415380879116058 -0.000824826644182205 -0.0321502039642334
11600 8240 -2378 0.0321431127106977 -0.00421426393604278 -0.000280908856332302 -0.0318648986053467
11600 8440 -2378 0.0320251124143105 -0.0042485973978 0.000270103720128536 -0.0317401653366
11600 8640 -2378 0.0320588395487359 -0.00426020810317993 0.000832956114411354 -0.0317635556335449
11600 8840 -2378 0.0322575333516353 -0.00425109532165527 0.00139626022481918 -0.0319456899108887
11600 9040 -2378 0.0326052442188784 -0.00420199460983276 0.00192380116367340 -0.0322763695449829
11600 9240 -2378 0.0331137405469320 -0.00411184978103638 0.00240961364555359 -0.0327699491271973
11600 9440 -2378 0.0337608377262 -0.00395651563835144 0.00280966606473923 -0.033409259346
11600 9640 -2378 0.0345292612316762 -0.0037127180891 0.00307858348846436 -0.0341928343353272
11800 9640 -2378 0.0343846122906514 -0.00247791674566269 0.00220736773681641 -0.0342248426895142
11800 9440 -2378 0.0338355600158 -0.00270832810068130 0.00208056499004364 -0.0336628531723
11800 9240 -2378 0.0333450840467743 -0.00287359304475784 0.00184316313695908 -0.0331691233673
11800 9040 -2378 0.0329331785868297 -0.00298043257236481 0.00151247560167313 -0.0327635002899170
11800 8840 -2378 0.0326515211269112 -0.00304849054622650 0.00114860023689270 -0.0324886019210815
11800 8640 -2378 0.0324801097124274 -0.0030695554533 0.000732874994874001 -0.0323263274993897
11800 8440 -2378 0.0324425279599326 -0.00306592859745026 0.000329343365490436 -0.0322954668121338
11800 8240 -2378 0.0325329609459679 -0.00302640392827988 -8.59181679487229e-05 -0.0323914599838257
11800 8040 -2378 0.0327488331663144 -0.00296216086912155 -0.000471517875075340 -0.0326108181991577
11800 7840 -2378 0.0330791519166112 -0.0028545537281 -0.000830181127786636 -0.0329452972946167
11800 7640 -2378 0.0335007942817920 -0.0027048214035 -0.00113110899496079 -0.0333717618713379
11800 7440 -2378 0.0340482115047107 -0.00247365906906128 -0.00137535941267014 -0.0339305654067993
11800 7240 -2378 0.0346469662092104 -0.00217946851444244 -0.00149800295782089 -0.0345445530929565
12000 7240 -2378 0.0344385416074102 -0.00133953850221634 -0.0008705606203 -0.0344016992034912
12000 7440 -2378 0.0339953000314208 -0.00155418100404739 -0.000814144367814064 -0.0339499943237305
12000 7640 -2378 0.0335801403728266 -0.00173082125329971 -0.000674736356139183 -0.0335278802566528
12000 7840 -2378 0.0332369089124 -0.00186073711585999 -0.000480884225964546 -0.0331807171630859
12000 8040 -2378 0.0329628325597558 -0.00195717691373825 -0.000239623560488224 -0.0329045014953613
12000 8240 -2378 0.0327778692946366 -0.00201687770128250 2.64036258672859e-05 -0.0327155424499512
12000 8440 -2378 0.0327015756606664 -0.00204753321456909 0.000304369824171066 -0.0326359926681519
12000 8640 -2378 0.0327250994083542 -0.00205210224914551 0.000588250725269318 -0.0326555117797852
12000 8840 -2378 0.0328587998258554 -0.0020310194664 0.0008677006998 -0.0327846531372
12000 9040 -2378 0.0330872937048 -0.00197412684869766 0.00112239860701561 -0.0330097634963989
12000 9240 -2378 0.0334100675608407 -0.00188211085128784 0.00133945385575294 -0.0333301085586548
12000 9440 -2378 0.0338001043939 -0.00174646978378296 0.00149496429991722 -0.0337230521697998
12000 9640 -2378 0.0342433650393756 -0.00156075366711617 0.00157414253258705 -0.0341721571731567
12200 9640 -2378 0.0341522700001507 -0.000852642118453980 0.00110241472554207 -0.0341238829803467
12200 9440 -2378 0.0337994209281693 -0.000980002235651017 0.00106964271163940 -0.0337678676834106
12200 9240 -2378 0.0334748552060922 -0.00107875886225700 0.000983773519277573 -0.0334430022583
12200 9040 -2378 0.0331956714327805 -0.00114786913037300 0.000852038274526596 -0.0331644842376709
12200 8840 -2378 0.0329965170037792 -0.00119416200256348 0.000697446386337280 -0.0329676725158691
12200 8640 -2378 0.0328725073653944 -0.0012101597836 0.000513151524186134 -0.0328461314620972
12200 8440 -2378 0.0328436880964960 -0.00120987803888321 0.000335404009461403 -0.0328198751983642
12200 8240 -2378 0.0329052099591929 -0.00118620283985138 0.0001529518283 -0.03288298526
12200 8040 -2378 0.0330546836106 -0.00114471272063255 -1.36351190461792e-05 -0.0330348426055908
12200 7840 -2378 0.0332796311967624 -0.0010783618915 -0.000163594068050385 -0.0332620294342
12200 7640 -2378 0.0335600422720682 -0.000991074751615524 -0.000281127159476280 -0.0335446323394775
12200 7440 -2378 0.0339167692089359 -0.000862715605974197 -0.000370423109650612 -0.0339025860519409
12200 7240 -2378 0.0342855941332112 -0.0007138686099 -0.0003995985828 -0.0342766298446655
12400 7240 -2378 0.0342100373815900 -0.000206882517546415 -2.60744470991194e-05 -0.0342094018859863
12400 7440 -2378 0.0338913104253979 -0.0002785577557 -1.76278286459856e-05 -0.0338897268753
12400 7640 -2378 0.0335829762870951 -0.000342257549285889 1.89946214091033e-05 -0.0335807860488892
12400 7840 -2378 0.0333226223641520 -0.000391162972092628 7.46911178976297e-05 -0.0333200617370606
12400 8040 -2378 0.0331131423330986 -0.000429367485284805 0.000148289134681225 -0.0331100939025879
12400 8240 -2378 0.0329706193087400 -0.0004524136517 0.000231571902155876 -0.0329668221740723
12400 8440 -2378 0.0329116980100295 -0.000464157999873161 0.0003192729417 -0.0329068759994507
12400 8640 -2378 0.0329340436864419 -0.000466442923545837 0.000411110885977745 -0.0329279831008911
12400 8840 -2378 0.0330428009386711 -0.000459227673172951 0.000502844469666481 -0.0330355135879517
12400 9040 -2378 0.0332228493686737 -0.000435163679599762 0.000584568490147591 -0.0332146419296265
12400 9240 -2378 0.0334718162380862 -0.000397927726745606 0.0006515694524 -0.0334628945770264
12400 9440 -2378 0.0337672329086547 -0.000345397040128708 0.000697569635033607 -0.0337582599639893
12400 9640 -2378 0.0340985913614924 -0.000277728149116039 0.000719760581254959 -0.0340895962829590
12600 9640 -2378 0.0340988169282318 0.0002358999288 0.000385895128965378 -0.0340955208816528
12600 9440 -2378 0.0337850012009210 0.000224009991765022 0.000385790868639946 -0.0337820710754395
12600 9240 -2378 0.0334928658443 0.0002150587309 0.000379609028518200 -0.0334897239456177
12600 9040 -2378 0.0332389593582 0.000210875636994839 0.000367025243818760 -0.0332362639770508
12600 8840 -2378 0.0330578831979360 0.000205514080047607 0.000356387411355972 -0.0330551776504517
12600 8640 -2378 0.0329436857812350 0.0002076626476 0.000343380718827248 -0.0329410120315552
12600 8440 -2378 0.0329149413741133 0.0002077982755 0.000333296729266643 -0.0329126609497
12600 8240 -2378 0.0329676950234928 0.000212250839471817 0.0003219195562 -0.0329654399719238
12600 8040 -2378 0.0331016543343254 0.000214874133586884 0.000315290954470634 -0.0330993533172607
12600 7840 -2378 0.0333024048576 0.0002198469296 0.000309698012113571 -0.0333006277923584
12600 7640 -2378 0.0335525639995121 0.000224177096545696 0.000307826555311680 -0.0335496620254517
12600 7440 -2378 0.0338653283254255 0.000234338285744190 0.000304825834870338 -0.0338625466918945
12600 7240 -2378 0.0341910073627465 0.000240589089691639 0.000306559246838093 -0.0341887865066528
12800 7240 -2378 0.0342421376141962 0.000684949560761452 0.000632752984762192 -0.0342293723526
12800 7440 -2378 0.0338970879752737 0.000748877971410751 0.000616833810210228 -0.0338827392959595
12800 7640 -2378 0.0335639358773887 0.000799021677255630 0.000581301573038101 -0.0335500676727295
12800 7840 -2378 0.0332851879788 0.000837322758913040 0.000529529193639755 -0.0332709159240723
12800 8040 -2378 0.0330632829160178 0.0008635299797 0.000467356582045555 -0.0330486999893189
12800 8240 -2378 0.0329139376891 0.000881575684070587 0.000397885091722012 -0.0328992730941772
12800 8440 -2378 0.0328524162586275 0.000890579551219940 0.000325401827931404 -0.0328384589996338
12800 8640 -2378 0.0328783405926163 0.000889940446376801 0.000254067889392376 -0.0328651417007446
12800 8840 -2378 0.0329946642791508 0.000878441390752792 0.000187604947954416 -0.0329822179718
12800 9040 -2378 0.0331906006651634 0.000859885600090027 0.000131145401477814 -0.0331789612503
12800 9240 -2378 0.0334583186018 0.000831230131864548 8.68500130921602e-05 -0.0334478788146973
12800 9440 -2378 0.0337761158359528 0.000794302552938461 5.85998551174998e-05 -0.0337672708892822
12800 9640 -2378 0.0341367811992628 0.000743321196079254 5.13601578623056e-05 -0.0341279673156738
13000 9640 -2378 0.0342222304614622 0.0012988936901 -0.000315373579561710 -0.0341964195022583
13000 9440 -2378 0.0338123405549563 0.00140009397602081 -0.000284889910459518 -0.0337819639816284
13000 9240 -2378 0.0334376758483653 0.00148105280232430 -0.000215324114918709 -0.0334041656723
13000 9040 -2378 0.0331186600076992 0.00154252846074104 -0.000112357386946678 -0.0330824489288330
13000 8840 -2378 0.0328942471146255 0.0015782177689 1.8464276118204e-05 -0.0328561302947998
13000 8640 -2378 0.0327486916858 0.00160508933353424 0.0001672878471 -0.0327088212203980
13000 8440 -2378 0.0327132047447974 0.00160490177035332 0.000323313153982163 -0.0326722326889
13000 8240 -2378 0.0327775152018365 0.00158892157149315 0.000482919752478599 -0.0327354184265137
13000 8040 -2378 0.0329412243684461 0.00155181277847290 0.000634050226926803 -0.0328991916961670
13000 7840 -2378 0.0331918655339330 0.00149591950011253 0.000771211521625519 -0.0331498701934814
13000 7640 -2378 0.0335093997161870 0.00141810404491425 0.000883757764339447 -0.0334672466583252
13000 7440 -2378 0.0339154494755486 0.00131350414562225 0.000964860239744187 -0.0338777736968994
13000 7240 -2378 0.0343483129158258 0.00117879455137253 0.0009974198718 -0.0343135861892700
13200 7240 -2378 0.0345167061778609 0.001781417768 0.00144409740471840 -0.0344404433593750
13200 7440 -2378 0.0339709009427848 0.00198754723405838 0.00138324872541428 -0.0338856973037720
13200 7640 -2378 0.0334697491577801 0.00214864640235901 0.00124814157128334 -0.0333774013748169
13200 7840 -2378 0.0330641415823794 0.00226702108097076 0.00106073581743240 -0.0329691894989
13200 8040 -2378 0.0327506365609340 0.00235003088235855 0.000834604774951935 -0.0326555505981445
13200 8240 -2378 0.0325431849500588 0.00240414377975464 0.000585317009210587 -0.0324482637939453
13200 8440 -2378 0.0324601560489419 0.00243082412338257 0.000326840783536434 -0.0323684098815918
13200 8640 -2378 0.0324975113415256 0.00243097637939453 6.89021582901478e-05 -0.0324057608261108
13200 8840 -2378 0.0326595813175302 0.00240165496063232 -0.000179287027686834 -0.0325706729888916
13200 9040 -2378 0.0329311686645919 0.00234796323537827 -0.000401687500596046 -0.0328449019699
13200 9240 -2378 0.0333155828340183 0.00226052346944809 -0.000584454642415047 -0.0332347652511597
13200 9440 -2378 0.0337867027735514 0.00213823902225494 -0.000711944433689118 -0.0337124630355835
13200 9640 -2378 0.0343312576836564 0.00197106803464890 -0.0007670493685 -0.0342665153121948
13400 9640 -2378 0.0344473989529291 0.00282920475006104 -0.00135903519558907 -0.0343045914764404
13400 9440 -2378 0.0337561766233595 0.00303094559717178 -0.00124848215079308 -0.0335966385421753
13400 9240 -2378 0.0331501485091670 0.00318158289194107 -0.00104463923716545 -0.0329800015640259
13400 9040 -2378 0.0326499130952 0.00329108282756805 -0.0007629376192 -0.0324753050155640
13400 8840 -2378 0.0323138316954771 0.00335075862503052 -0.000434074909687042 -0.0321366522216797
13400 8640 -2378 0.0321014386553 0.00338680535221100 -6.60646952837706e-05 -0.0319220437316894
13400 8440 -2378 0.0320464687399345 0.00338581911563873 0.000307352665662765 -0.0318655292816162
13400 8240 -2378 0.0321375283135690 0.00336028882694244 0.0006920564543 -0.0319538231353760
13400 8040 -2378 0.0323832707451517 0.00329829086399078 0.00105634351849556 -0.0321965861129761
13400 7840 -2378 0.0327629241614244 0.00320165020561218 0.00139711975789070 -0.0325775873794556
13400 7640 -2378 0.0332621655574 0.00306011097764969 0.00168507592487335 -0.0330782053298950
13400 7440 -2378 0.0339350556348269 0.00285564585018158 0.0019174965291 -0.0337593096618652
13400 7240 -2378 0.0346980457875805 0.00257884197187424 0.00203760286808014 -0.0345409456176758
13600 7240 -2378 0.0348548807041412 0.00367314658069611 0.00286085967159271 -0.0345435400924683
13600 7440 -2378 0.0338277047314688 0.00399480900192261 0.00264616610193253 -0.0334852336273193
13600 7640 -2378 0.0329491619286697 0.00421860211944580 0.00228972852039337 -0.0325983762207
13600 7840 -2378 0.0322850010624404 0.00436674297428131 0.00185762223482132 -0.0319353718490601
13600 8040 -2378 0.0317954147805917 0.00446095727729797 0.00136762622189522 -0.03145123069
13600 8240 -2378 0.0314809930494708 0.00451917837905884 0.000852049950838089 -0.0311439647903442
13600 8440 -2378 0.0313617357722278 0.00454882854652405 0.000326394194364548 -0.0310287192687988
13600 8640 -2378 0.0314170777418435 0.00455303221511841 -0.000198508580088615 -0.0310846403961182
13600 8840 -2378 0.0316613100316115 0.00452824499607086 -0.000714501335978508 -0.0313276720809937
13600 9040 -2378 0.0320810007548625 0.00447433404159546 -0.00119945638823509 -0.0317459100799561
13600 9240 -2378 0.0326979337644 0.0043770475645 -0.00162927730846405 -0.0323640182952881
13600 9440 -2378 0.0334874545803203 0.00422561268901825 -0.00197074340057373 -0.0331623596878
13600 9640 -2378 0.0344696034359858 0.00398750202941895 -0.00218326438665390 -0.0341649661331177
13800 9640 -2378 0.0342681359413351 0.00554429549694061 -0.00335039085102081 -0.0336502720565796
13800 9440 -2378 0.0330034887924976 0.00571998071575165 -0.00295014032268524 -0.0323686594314575
13800 9240 -2378 0.0319948086692606 0.00581603454208374 -0.00241348328495026 -0.0313687770614624
13800 9040 -2378 0.0312168528076944 0.00586703431415558 -0.00178508094596863 -0.0306086655197144
13800 8840 -2378 0.0307121138715131 0.00588253663635254 -0.00112105545139313 -0.0301230089721680
13800 8640 -2378 0.0303931176401928 0.00589364101409912 -0.000406217518448830 -0.0298134463424683
13800 8440 -2378 0.0303158861438 0.00588245681762695 0.000284650606811047 -0.0297387247543335
13800 8240 -2378 0.0304427275360715 0.00586800962066650 0.0009950956366 -0.0298543758468628
13800 8040 -2378 0.0307939056028246 0.00583796581077576 0.0016876334362 -0.0301880873641968
13800 7840 -2378 0.0313667931896324 0.00578487347126007 0.00236848993968964 -0.0307395918426514
13800 7640 -2378 0.0321654913421317 0.00568647060966492 0.0029971586833 -0.0315162354812622
13800 7440 -2378 0.0333278721390648 0.00551827352714539 0.00359598367309570 -0.0326668680343628
13800 7240 -2378 0.0347898448288443 0.0052179314537 0.00402754027843475 -0.0341593208999634
14000 7240 -2378 0.0341493594148754 0.00736827448272705 0.00567674234008789 -0.0328586302719116
14000 7440 -2378 0.0322722024132155 0.00748471219825745 0.00489186349487305 -0.0310084063034
14000 7640 -2378 0.0308845946479398 0.00748833691406250 0.003981975914 -0.0296945322647
14000 7840 -2378 0.0299261079798 0.0074585614376 0.00306725176 -0.0288189827499390
14000 8040 -2378 0.0292676685262311 0.00741588962554931 0.00213952037143707 -0.0282303658523560
14000 8240 -2378 0.0288576919225864 0.00738032697105408 0.00121873687028885 -0.0278709937133789
14000 8440 -2378 0.0287081577787326 0.00737468387985230 0.000318915004789829 -0.0277430976333618
14000 8640 -2378 0.0287871977548846 0.00739040434455872 -0.000584791576385498 -0.0278161904678345
14000 8840 -2378 0.0291165172139213 0.00742770839309693 -0.00150511855912209 -0.0281129034576416
14000 9040 -2378 0.0296805974892212 0.00748460816383362 -0.0024222452588 -0.0286195408706665
14000 9240 -2378 0.0305462850413543 0.00755329305076599 -0.00333525038814545 -0.0294108238830566
14000 9440 -2378 0.0317586303876945 0.00761002821731567 -0.0042130462284 -0.0305468856124878
14000 9640 -2378 0.0334406391086755 0.00761225864791870 -0.00500246788501740 -0.0321761585235596
14200 9640 -2378 0.0314835845065877 0.0100806012535 -0.00719075735473633 -0.0289436381988525
14200 9440 -2378 0.0297152636133132 0.00968422905731201 -0.00579085638141632 -0.0274903344726563
14200 9240 -2378 0.0284461450719896 0.0093582753086 -0.00446096973896027 -0.0264886299285889
14200 9040 -2378 0.0275323231931640 0.00910748320388794 -0.00319204006958008 -0.0257857795715332
14200 8840 -2378 0.0269749375148960 0.00893992593002319 -0.00202505654573441 -0.0253700184249878
14200 8640 -2378 0.0266204006877345 0.00884172681617737 -0.000860659719944000 -0.0250944019927978
14200 8440 -2378 0.0265268856431905 0.00880954406356812 0.000234821423351765 -0.0250200948104858
14200 8240 -2378 0.0266451498638965 0.00885200313568115 0.00136301380848885 -0.0250939612731934
14200 8040 -2378 0.0270104496983723 0.00896086373329163 0.00248646379995346 -0.0253608461265564
14200 7840 -2378 0.0276316748758687 0.00913977012062073 0.00366807594203949 -0.0258170002670288
14200 7640 -2378 0.0285533529385706 0.00937755777168274 0.00489856022071838 -0.0265189839553833
14200 7440 -2378 0.0300003872784157 0.00972970993232727 0.00631648192691803 -0.0276603969192505
14200 7240 -2378 0.0321247323181960 0.0101198870334625 0.00780747884178162 -0.0294794413452148
14400 7240 -2378 0.0283881732407507 0.0127553252105713 0.00988451944351196 -0.0233557000236511
14400 7440 -2378 0.0266436737961423 0.0117288765048981 0.00769440690231323 -0.0226520820503235
14400 7640 -2378 0.0254541124536 0.0110061806297302 0.005843596735 -0.0221958238830566
14400 7840 -2378 0.0246724757026104 0.0105340652446747 0.0042908187828 -0.0218941407890320
14400 8040 -2378 0.0241559701583657 0.0102096482276917 0.00287253726196289 -0.0217028406944275
14400 8240 -2378 0.0238491529091335 0.0100094445438385 0.00154961234045029 -0.0215912780799866
14400 8440 -2378 0.0237457566646432 0.00993751108932495 0.000280661847472191 -0.0215645877418518
14400 8640 -2378 0.0238260147006508 0.00997325395011902 -0.000991144010782242 -0.0216155225639343
14400 8840 -2378 0.0241115778899106 0.0101242830371857 -0.00231814827966690 -0.0217601630706787
14400 9040 -2378 0.0245921405408839 0.0103901073284149 -0.0037239329462 -0.0219750490074158
14400 9240 -2378 0.0253539078280693 0.0108125360107422 -0.00530430998039246 -0.0223104869384766
14400 9440 -2378 0.0264476194626115 0.0114177205009460 -0.00711504708862305 -0.0227716749534607
14400 9640 -2378 0.0280698050703216 0.0122920740165710 -0.00935940439605713 -0.0234354522552490
14600 9640 -2378 0.0239368917372 0.0131852738265991 -0.0102708739337921 -0.0171343775672913
14600 9440 -2378 0.0227916771892131 0.0121970712661743 -0.0078326607685 -0.0175886163711548
14600 9240 -2378 0.0219853387370637 0.0114949854927 -0.0058454185543 -0.0178060239181519
14600 9040 -2378 0.0214059684676197 0.0109981484146118 -0.00412095424747467 -0.0178962260437
14600 8840 -2378 0.0210467720122774 0.0106926330566406 -0.00261980450201035 -0.0179378456687927
14600 8640 -2378 0.0208007003590636 0.0105091593494415 -0.00116734585261345 -0.0179126773223877
14600 8440 -2378 0.0207268102777876 0.0104604394416809 0.000161875041544437 -0.0178928163909912
14600 8240 -2378 0.0207719279810764 0.0105338865852356 0.00152101640868187 -0.0178378392219543
14600 8040 -2378 0.0209697749401335 0.0107472599239349 0.00290325234174728 -0.0177706259231567
14600 7840 -2378 0.0213075513467481 0.0111006370449 0.00440394626712799 -0.0176458968315125
14600 7640 -2378 0.0218226142774161 0.0116167482986450 0.00603369772148132 -0.0174603413200378
14600 7440 -2378 0.0226139862798907 0.0124509675674439 0.00807608069038391 -0.0170629042892456
14600 7240 -2378 0.0238154264268505 0.0136972747421265 0.0105921899185181 -0.0163533200454712
14800 7240 -2378 0.0193825092697618 0.0126275067958832 0.00970543673133850 -0.0110464179382324
14800 7440 -2378 0.0187205194285712 0.0118406562690735 0.00769545879554749 -0.0122900035705566
14800 7640 -2378 0.0182708321216462 0.0112438604373932 0.00589868436145783 -0.0131365772666931
14800 7840 -2378 0.0179720901195119 0.0108280627593994 0.00433652171039581 -0.0136726178741455
14800 8040 -2378 0.0177816468146 0.0105347259902954 0.00289090901708603 -0.0140301465148926
14800 8240 -2378 0.0176750318664424 0.0103492955245972 0.00152164895176888 -0.0142473027610779
14800 8440 -2378 0.0176525608592444 0.0102854684829712 0.000214654318422079 -0.0143450307540894
14800 8640 -2378 0.0177127830919305 0.0103245847339630 -0.001103350281 -0.0143502004547119
14800 8840 -2378 0.0178714113084272 0.0104792744350433 -0.00249088141345978 -0.0142612119178772
14800 9040 -2378 0.0181137397645319 0.0107363490104675 -0.0039490340023 -0.0140440384216309
14800 9240 -2378 0.0184801892587260 0.0111353994426727 -0.00556006947422028 -0.0136611213073730
14800 9440 -2378 0.0189879435169595 0.0116795337314606 -0.00735952365303040 -0.0130380060958862
14800 9640 -2378 0.0197164822627783 0.0124157581195831 -0.00947188403892517 -0.0120362799854279
15000 9640 -2378 0.0159458844900789 0.0108141627788544 -0.00804116954421997 -0.00852435967826844
15000 9440 -2378 0.0156456936770247 0.0104787767829895 -0.00655953770256042 -0.00958890722084045
15000 9240 -2378 0.0153842256879425 0.0101674110736847 -0.0051038211956 -0.0103559520664215
15000 9040 -2378 0.0151716258509957 0.00990822938346863 -0.00370627377796173 -0.0108748754158
15000 8840 -2378 0.0150333914285728 0.00973874952507019 -0.00241210224151611 -0.0111956546878815
15000 8640 -2378 0.0149170599715417 0.00961842300605774 -0.00111781661701202 -0.0113470305843353
15000 8440 -2378 0.014867347366 0.00958149812698364 8.84218732863665e-05 -0.0113676074733734
15000 8240 -2378 0.0148471269284804 0.00960859800338745 0.00132093528985977 -0.0112413587779999
15000 8040 -2378 0.0148798002332502 0.00971741452407837 0.0025598282361 -0.0109734415664673
15000 7840 -2378 0.0149515658520478 0.00988522756767273 0.0038435900669 -0.0105396355152130
15000 7640 -2378 0.0150746688143994 0.0101040148601532 0.00515371238994598 -0.00992741964149475
15000 7440 -2378 0.0152449278193897 0.0103947677249908 0.00664715138244629 -0.00895388221168518
15000 7240 -2378 0.0154947070724658 0.0107153675899506 0.00818056812477112 -0.00763836996841431
15200 7240 -2378 0.0123577167788 0.00883490584373474 0.00671610387611389 -0.00543625083446503
15200 7440 -2378 0.0123165245090626 0.0087975581398 0.00563908278179169 -0.00651792844581604
15200 7640 -2378 0.012295743079 0.00873098393249512 0.00450452098941803 -0.00739344313049316
15200 7840 -2378 0.0122866973978260 0.00866116985321045 0.00339783794021606 -0.00802507115554810
15200 8040 -2378 0.0122944551161109 0.00859882003593445 0.00229452771091461 -0.00848238725662231
15200 8240 -2378 0.0123091741163 0.00855116708755493 0.00120720603609085 -0.00877142785644531
15200 8440 -2378 0.0123364593999583 0.0085423242321 0.000137300617545843 -0.00889926376914978
15200 8640 -2378 0.0123804428261623 0.00857084879684448 -0.000940834414243698 -0.00888428272628784
15200 8840 -2378 0.0124454570503930 0.00863952630424499 -0.00204583922195435 -0.00872134809494019
15200 9040 -2378 0.0125178149415711 0.0087287874794 -0.00316812334632874 -0.00839445975112915
15200 9240 -2378 0.0126095450629565 0.00884906592941284 -0.00431850346755981 -0.00787744273567200
15200 9440 -2378 0.0127104785309132 0.00897272773742676 -0.00546936833 -0.00715078918838501
15200 9640 -2378 0.0128101792784376 0.00907438062095642 -0.00660338171386719 -0.00617741966724396
15400 9640 -2378 0.0103087498568152 0.00752112944984436 -0.00541331631851196 -0.0045161622734
15400 9440 -2378 0.0103315401051254 0.00756238605117798 -0.00460521872234344 -0.00532381429767609
15400 9240 -2378 0.0103259212246494 0.00755573538017273 -0.0037158237915 -0.00597694031524658
15400 9040 -2378 0.0103002799344139 0.00752190722465515 -0.00276813055133820 -0.00646940331459045
15400 8840 -2378 0.0102806831703778 0.00749634692192078 -0.00184117890262604 -0.00679009575462341
15400 8640 -2378 0.0102381738423477 0.00745769825363159 -0.000873403648138046 -0.00695971011352539
15400 8440 -2378 0.0102067368429160 0.00743758115196228 4.23761735185981e-05 -0.00698985372161865
15400 8240 -2378 0.0101617271131854 0.00742132909202576 0.000984412642240524 -0.00687133634376526
15400 8040 -2378 0.0101212560902731 0.00742326831817627 0.0019062078495 -0.00661032494735718
15400 7840 -2378 0.0100716082897911 0.00741611675071716 0.00282903069019318 -0.0061993713026
15400 7640 -2378 0.0100258152237250 0.00739691657447815 0.0037207099905 -0.00565282063674927
15400 7440 -2378 0.00995840098143561 0.00734117173767090 0.0046421968584 -0.00487066009235382
15400 7240 -2378 0.00989656468438313 0.00724108172035217 0.00547835578346253 -0.0039368638525
15600 7240 -2378 0.00794091802329498 0.00592991405105591 0.00448128461074829 -0.00279448383903503
15600 7440 -2378 0.00800945385773367 0.00605648245429993 0.00384954241847992 -0.00355735150337219
15600 7640 -2378 0.00809603544441198 0.00615661087512970 0.00314095968246460 -0.00421619552707672
15600 7840 -2378 0.00817497684582673 0.00622516067123413 0.00240812787866592 -0.00472004107856750
15600 8040 -2378 0.0082496702154 0.00627266329193116 0.00164509221124649 -0.00509919500732422
15600 8240 -2378 0.00830916537982583 0.00630003527069092 0.000860938421010971 -0.00534927962303162
15600 8440 -2378 0.00835100517126239 0.00632073138713837 8.39888960719109e-05 -0.00545705609226227
15600 8640 -2378 0.00837999053014413 0.00633728650856018 -0.000700903265595436 -0.00543791926956177
15600 8840 -2378 0.00839861907054869 0.0063509368 -0.0014974789443 -0.00528755321216583
15600 9040 -2378 0.00839601955554259 0.00634665011119843 -0.00227958929252625 -0.00500160257053375
15600 9240 -2378 0.0083779981119 0.00632782818508148 -0.00304283505344391 -0.00457158008289337
15600 9440 -2378 0.00834340812367784 0.00628138769531250 -0.00376329560947418 -0.00399975947952271
15600 9640 -2378 0.00829473971246049 0.00619541720962524 -0.00443055845642090 -0.00328476243591308
15800 9640 -2378 0.00663465305166400 0.0050546070156 -0.00361224148178101 -0.00232814649772644
15800 9440 -2378 0.00671271182497594 0.00516482493495941 -0.003109840209 -0.00295224136686325
15800 9240 -2378 0.00677975030025564 0.00524317007923126 -0.00254865592336655 -0.00346105090427399
15800 9040 -2378 0.00682584585716594 0.00529080691337585 -0.00193421583414078 -0.00385470489025116
15800 8840 -2378 0.00685340592162660 0.00532113885784149 -0.00130345789217949 -0.00411762571048737
15800 8640 -2378 0.00684670923221087 0.0053209965744 -0.000627305677890778 -0.00426273507881165
15800 8440 -2378 0.00682779192415497 0.00531157798099518 1.92650401019491e-05 -0.00429047344875336
15800 8240 -2378 0.00678213530472330 0.00528282132434845 0.000678778209328651 -0.00419842535495758
15800 8040 -2378 0.00671857262285036 0.00524248434257507 0.00132113901519775 -0.0039885040636
15800 7840 -2378 0.00663367507979995 0.00517748415088654 0.00195074908304214 -0.00366100690746307
15800 7640 -2378 0.00654266407103281 0.00509183112144470 0.00253526371431351 -0.00323406691932678
15800 7440 -2378 0.00642641277714103 0.00496477859783173 0.00311552118492127 -0.00263501089239120
15800 7240 -2378 0.00633307170695896 0.00482044356155396 0.00363245826625824 -0.0019172054162
16000 7240 -2378 0.00496645204994886 0.00382311135101318 0.00287286246204376 -0.00134020049524307
16000 7440 -2378 0.00508545036252138 0.00397666385173798 0.00250899817752838 -0.00193628908586502
16000 7640 -2378 0.00521575967346754 0.00411498927593231 0.00207912609195709 -0.00243894394207001
16000 7840 -2378 0.00532806802587250 0.00422161181831360 0.00161171708989143 -0.00282288337802887
16000 8040 -2378 0.00542342327491161 0.0043011355915 0.00110681501936913 -0.00311263610458374
16000 8240 -2378 0.00549306784938981 0.00435054058742523 0.000580440145611763 -0.00330284588432312
16000 8440 -2378 0.00553692054311071 0.00438126129817963 4.55523366741836e-05 -0.00338510610961914
16000 8640 -2378 0.00555433336751249 0.0043900873661 -0.000489941447496414 -0.00336703914356232
16000 8840 -2378 0.00554608972948690 0.00437808067321777 -0.00102670384383202 -0.00324613618373871
16000 9040 -2378 0.00550783171249540 0.0043387747755 -0.00154389479064941 -0.00302141411638260
16000 9240 -2378 0.00544119173093450 0.00427300106525421 -0.00203090402126312 -0.00268679302692413
16000 9440 -2378 0.00534686543641950 0.00417519826984406 -0.00247124784946442 -0.00224859721422195
16000 9640 -2378 0.00523353291227071 0.00404442554759979 -0.0028600625658 -0.00168987920188904
16200 9640 -2378 0.0040805643613 0.0031681395235 -0.00220390626382828 -0.00132540357875824
16200 9440 -2378 0.00423747787228876 0.00332135640335083 -0.00195868887996674 -0.00175734732675552
16200 9240 -2378 0.00435777495576466 0.00343616618728638 -0.00164489920234680 -0.00211577537918091
16200 9040 -2378 0.0044418066428 0.00351576767349243 -0.0012675733664 -0.00240043863391876
16200 8840 -2378 0.00449492004795184 0.0035682861948 -0.000867499310493469 -0.00259190746164322
16200 8640 -2378 0.00450970298864847 0.00358645996952057 -0.000424593438029289 -0.00270082327175140
16200 8440 -2378 0.00450107145719926 0.00358378087234497 4.74312178329274e-06 -0.00272305757665634
16200 8240 -2378 0.00445856629855637 0.00355227347373962 0.000445236564397812 -0.0026573714509
16200 8040 -2378 0.00439207514484231 0.00350073532676697 0.0008656867392 -0.00250683199834824
16200 7840 -2378 0.00429710847831273 0.00341845315074921 0.00126566462516785 -0.00227583294153214
16200 7640 -2378 0.00417944215722271 0.0033067556715 0.001627776762 -0.00197121438074112
16200 7440 -2378 0.00402142872693116 0.00314914386749268 0.00195616505622864 -0.00155826832747459
16200 7240 -2378 0.00384589721683563 0.00295963575506210 0.00220770356845856 -0.00107540710663795
16400 7240 -2378 0.00300923448872732 0.00228960548686981 0.00170185855102539 -0.000957333953142166
16400 7440 -2378 0.00318353235012697 0.0024656061902 0.00153712888574600 -0.00130122784638405
16400 7640 -2378 0.00333499902503596 0.00261381911754608 0.00130426931357384 -0.00160849223971367
16400 7840 -2378 0.00345431908321075 0.00272709784603119 0.00102706900453568 -0.00185442063903809
16400 8040 -2378 0.00354888500807236 0.00281143080043793 0.000712697325944900 -0.00204536687994003
16400 8240 -2378 0.00361670963586162 0.00286661159563065 0.000373484366655350 -0.00217370621204376
16400 8440 -2378 0.00365387291483467 0.00289564540481567 2.67239302191883e-05 -0.00222840041685104
16400 8640 -2378 0.00366290384332738 0.00289905608034134 -0.000323072428286076 -0.00221535263109207
16400 8840 -2378 0.00364279893627059 0.00287754821586609 -0.000667643612027168 -0.00213178314113617
16400 9040 -2378 0.0035902615035 0.00282606791687012 -0.000991137046575546 -0.00198003909587860
16400 9240 -2378 0.00350289053443523 0.00274527760744095 -0.00128021011877060 -0.00175856889152527
16400 9440 -2378 0.00337888792735609 0.00263066016197205 -0.00151858404278755 -0.00147952756166458
16400 9640 -2378 0.00321109772027040 0.0024762447257 -0.00169393257665634 -0.00114453180527687
16600 9640 -2378 0.00257357411378721 0.00195181905221939 -0.00132614612197876 -0.00102701550102234
16600 9440 -2378 0.00272497598023615 0.00208775368213654 -0.00120463103055954 -0.00127082041072845
16600 9240 -2378 0.0028414137727 0.00219296566247940 -0.00103087010693550 -0.00148395435214043
16600 9040 -2378 0.00292653042406941 0.00227092263555527 -0.000808231747031212 -0.00165957468557358
16600 8840 -2378 0.00298047235251348 0.00232296391916275 -0.000558920677781105 -0.00178175805044174
16600 8640 -2378 0.00300178293797694 0.0023452251296 -0.000275827019214630 -0.00185300151395798
16600 8440 -2378 0.00299833607705301 0.0023455392208 6.18112443738937e-07 -0.00186776631021500
16600 8240 -2378 0.00296543757574821 0.00231908749437332 0.000284775435686111 -0.00182606126356125
16600 8040 -2378 0.00290837296348281 0.00227099114465713 0.000553323465228081 -0.00173019322633743
16600 7840 -2378 0.00282406539613019 0.00219525114154816 0.000804528250694275 -0.00158396719694138
16600 7640 -2378 0.00272073610368059 0.00209781394195557 0.00102018145012856 -0.00140028976273537
16600 7440 -2378 0.00257662411353514 0.00196002630996704 0.00120585527062416 -0.00115879199862480
16600 7240 -2378 0.00241201994256189 0.0018010282731 0.00133172786378861 -0.000894439296
16800 7240 -2378 0.00197624860372058 0.00143943017959595 0.00106136132621765 -0.000841087888240814
16800 7440 -2378 0.00210819721931252 0.00156348185276985 0.000966062938928604 -0.00103249862146378
16800 7640 -2378 0.0022239699956 0.00167241020202637 0.0008266920855 -0.00121037513995171
16800 7840 -2378 0.00231723725702512 0.00175995342969894 0.000655286394 -0.00135748008179665
16800 8040 -2378 0.00239112935046077 0.00182617149066925 0.000456561637282372 -0.00147444966483116
16800 8240 -2378 0.00244335040242332 0.00187091836786270 0.000239140814661980 -0.00155308444595337
16800 8440 -2378 0.00247035279515322 0.00189303070497513 1.60554726305418e-05 -0.00158711119985580
16800 8640 -2378 0.00247455337179147 0.00189428320312500 -0.000209151553690433 -0.00157840462613106
16800 8840 -2378 0.00245511102533347 0.00187468713951111 -0.000430774167895317 -0.00152547786545753
16800 9040 -2378 0.00240947087828685 0.00183123749351501 -0.000634681903719902 -0.00143145462846756
16800 9240 -2378 0.00233656970293818 0.00176547252416611 -0.000812959372520447 -0.00129698079204559
16800 9440 -2378 0.0022367291149 0.00167594080686569 -0.000953791697740555 -0.00113303021168709
16800 9640 -2378 0.00210734323418503 0.00156173160648346 -0.00105548755741119 -0.000942250450849533
17000 9640 -2378 0.00175352098592809 0.00126433943915367 -0.000853398385524750 -0.000864865785121918
17000 9440 -2378 0.00185748121389036 0.00135441097736359 -0.000775122315883636 -0.00100734972548485
17000 9240 -2378 0.0019410239208 0.00142744485569000 -0.000665782228946686 -0.00113433035326004
17000 9040 -2378 0.00200437002565177 0.00148447126269341 -0.000522916905522346 -0.00124105426359177
17000 8840 -2378 0.00204555361542914 0.00152317254781723 -0.000362882866263390 -0.00131629027652740
17000 8640 -2378 0.00206367823649695 0.00154086387729645 -0.000180845788955688 -0.00136080901527405
17000 8440 -2378 0.00206315129575268 0.00154207305455208 -9.91278675593094e-07 -0.00137046209144592
17000 8240 -2378 0.00204026451149399 0.00152304971861839 0.000184248200863600 -0.00134495008492470
17000 8040 -2378 0.00199914744809915 0.00148787882161140 0.000358977425873280 -0.00128583422589302
17000 7840 -2378 0.0019387945758 0.00143366558814049 0.000519817057371140 -0.00119740615081787
17000 7640 -2378 0.00186488704747114 0.00136539041852951 0.000657621884465218 -0.0010864291265
17000 7440 -2378 0.00176557921877795 0.00127395032167435 0.000775513574481010 -0.000944541996479034
17000 7240 -2378 0.00165323604662665 0.00117095539903641 0.000857642935752869 -0.000792104730010033
17200 7240 -2378 0.001402676418 0.000963223292827606 0.000702689352512360 -0.000738693914294243
17200 7440 -2378 0.0014878441082 0.00103924220228195 0.000636310790061951 -0.000853745692014694
17200 7640 -2378 0.00156590611298503 0.00111017888236046 0.000543136224985123 -0.000961374874353409
17200 7840 -2378 0.00162849312596775 0.00116711124014854 0.000430847751140595 -0.00105081465053558
17200 8040 -2378 0.00167921000382880 0.00121194881224632 0.000300200353682041 -0.00112283572244644
17200 8240 -2378 0.00171507752831802 0.00124248735523224 0.000156946295827627 -0.00117189790987968
17200 8440 -2378 0.00173354709086908 0.00125785903477669 9.68203281203751e-06 -0.00119284839391708
17200 8640 -2378 0.00173543207176417 0.00125835116696358 -0.000138594338119030 -0.00118716341137886
17200 8840 -2378 0.00172039017327655 0.00124411042594910 -0.000283913424253464 -0.00115364971828461
17200 9040 -2378 0.0016876056759 0.00121375685024261 -0.000417384317040443 -0.001095580024
17200 9240 -2378 0.00163646146621674 0.00116901701021194 -0.000534259864568710 -0.00101284193634987
17200 9440 -2378 0.00156836622321965 0.0011104040091 -0.000627550330638885 -0.000912372363090515
17200 9640 -2378 0.00148308658914086 0.0010379226222 -0.000697541231036186 -0.000797393077373505
17400 9640 -2378 0.00126735468788410 0.000858906893730164 -0.0005765986917 -0.000731973042130470
17400 9440 -2378 0.00133484236493084 0.000915339537143708 -0.000519661114811897 -0.000821010410785675
17400 9240 -2378 0.00139014119012843 0.000962324728965760 -0.000444297744989395 -0.0008996387906
17400 9040 -2378 0.00143344637003917 0.000999417323112488 -0.000349937541961670 -0.000966188553810120
17400 8840 -2378 0.00146214740768683 0.00102520080327988 -0.000242325620591640 -0.00101390629172325
17400 8640 -2378 0.00147534014759224 0.00103712941408157 -0.000121214379370213 -0.00104225630426407
17400 8440 -2378 0.00147531631065909 0.00103761792659760 -8.15947873752521e-07 -0.00104855541205406
17400 8240 -2378 0.00146068687598561 0.00102547486639023 0.000121997072339058 -0.00103306482601166
17400 8040 -2378 0.00143279980643919 0.00100211083507538 0.000238974690735340 -0.000995733972787857
17400 7840 -2378 0.00139276313711022 0.000967208914518356 0.000346542416572571 -0.000940233496189117
17400 7640 -2378 0.00134285455015392 0.000922185687780380 0.000440234577655792 -0.000871354754924774
17400 7440 -2378 0.0012778394085 0.000864859385490417 0.000520631734728813 -0.0007834758414
17400 7240 -2378 0.0012051841666 0.000801482047438622 0.000580391038894653 -0.0006876757481
17600 7240 -2378 0.00104511926926618 0.000672663379073143 0.000483557377815247 -0.000637158165454865
17600 7440 -2378 0.0011003742549 0.000719965667 0.000434713170886040 -0.000709560904145241
17600 7640 -2378 0.00115171930439186 0.000764079362273216 0.0003688929066 -0.000778771853446961
17600 7840 -2378 0.00119289290676442 0.000800291280388832 0.000291732177317142 -0.000834930361747742
17600 8040 -2378 0.00122618344469508 0.000829038763523102 0.000203371509373188 -0.000880154729843140
17600 8240 -2378 0.00124955076151543 0.000848608024835587 0.000106740856513381 -0.000910959886789322
17600 8440 -2378 0.001261907773 0.000858519152879715 6.49323080939939e-06 -0.000924925789594650
17600 8640 -2378 0.0012627924908 0.000858868258237839 -9.32751375734806e-05 -0.000921099383831024
17600 8840 -2378 0.00125236361359586 0.000849728790283203 -0.000192180998444557 -0.000899480548858643
17600 9040 -2378 0.0012298607676 0.000830176129579544 -0.0002826602478 -0.000862303203582764
17600 9240 -2378 0.00119544200854795 0.000801215631961823 -0.000362246122062206 -0.000809772686
17600 9440 -2378 0.00115037927062975 0.000764066586256027 -0.000427794088959694 -0.000746067820787430
17600 9640 -2378 0.00109504520376211 0.000719084145665169 -0.0004793903321 -0.000672474920749664
17800 9640 -2378 0.000953214428478574 0.000606198053836823 -0.000401981243252754 -0.000616038132190704
17800 9440 -2378 0.000997451597388990 0.000641069126129150 -0.000359361396849155 -0.000674481251478195
17800 9240 -2378 0.00103434944614883 0.000670529579162598 -0.000305771497011185 -0.0007256627897
17800 9040 -2378 0.0010627950904 0.000694139495372772 -0.000239067962765694 -0.000768529598951340
17800 8840 -2378 0.00108217954681344 0.000710450256824493 -0.000165356661587954 -0.000799393631815910
17800 8640 -2378 0.00109156670765960 0.000718032446265221 -8.24005025476217e-05 -0.000817926915884018
17800 8440 -2378 0.00109188845725693 0.000718833894968033 -3.78546541374817e-07 -0.000821831286668777
17800 8240 -2378 0.00108227490282536 0.000710680325150490 8.4047993004322e-05 -0.000811812083721161
17800 8040 -2378 0.00106413892597597 0.000695780677437782 0.000163916771560907 -0.000788281949281693
17800 7840 -2378 0.00103729878136623 0.000673118209719658 0.000238647062063217 -0.000752461444258690
17800 7640 -2378 0.00100545477418820 0.000645695543289185 0.000303363805055618 -0.000708510388135910
17800 7440 -2378 0.000962341536415546 0.000609395706772804 0.000361239390432835 -0.000651139354944229
17800 7240 -2378 0.000914783611724540 0.000569900404095650 0.000405869106888771 -0.000589376702547073
18000 7240 -2378 0.000805669889051220 0.000485901830077171 0.000342663331568241 -0.000543750509977341
18000 7440 -2378 0.000842247053832072 0.000515554811954498 0.000305301298320293 -0.000591850525498390
18000 7640 -2378 0.000875892499619090 0.0005432436006 0.000258052405834198 -0.000636775484085083
18000 7840 -2378 0.000903421934170596 0.000566245017170906 0.000202883270263672 -0.000674032898426056
18000 8040 -2378 0.000925647389616989 0.000584760711073876 0.0001409386318 -0.000703628228068352
18000 8240 -2378 0.000940905323870671 0.000596928439259529 7.37613724023104e-05 -0.000723464069724083
18000 8440 -2378 0.000948661969412126 0.000603461394786835 4.96136196689622e-06 -0.0007319596939
18000 8640 -2378 0.000948789922224517 0.000603214057683945 -6.42038523107767e-05 -0.000729529288291931
18000 8840 -2378 0.000941614834193237 0.0005974675244 -0.000132487454831600 -0.000715619190096855
18000 9040 -2378 0.000926262836822284 0.000584881619095802 -0.000195876594364643 -0.000691071225523949
18000 9240 -2378 0.000903215080544154 0.000566593642473221 -0.000252186939358711 -0.000656569486260414
18000 9440 -2378 0.000873382946984959 0.000543208761811256 -0.000299448511362076 -0.000614820397853851
18000 9640 -2378 0.000836644779868162 0.000515244292259217 -0.000338472694575787 -0.000565627122759819
18200 9640 -2378 0.000738774064892053 0.000441221225023270 -0.000286771342813969 -0.000518469876646996
18200 9440 -2378 0.000768303478593318 0.000463538195848465 -0.000254625329673290 -0.000557387699961662
18200 9240 -2378 0.000792943386797831 0.000482196275115013 -0.000215002430081368 -0.000591516142249107
18200 9040 -2378 0.000812281790458532 0.000496806071996689 -0.000167539604097605 -0.000620467924952507
18200 8840 -2378 0.000825506010522772 0.000507116266012192 -0.000115502197384834 -0.000641055776476860
18200 8640 -2378 0.0008320180651 0.000512075717926025 -5.7152669891715e-05 -0.000653273367047310
18200 8440 -2378 0.0008327115449 0.000512565402388573 -7.69063237348746e-08 -0.000656252858161926
18200 8240 -2378 0.000826335818333151 0.000507461057662964 5.92554527670145e-05 -0.000649481062412262
18200 8040 -2378 0.000814492274130936 0.000498320359587669 0.000115410316199064 -0.000633917015671730
18200 7840 -2378 0.000796696115864513 0.000483554102540016 0.000168079974681139 -0.000610484671235085
18200 7640 -2378 0.000775219014421429 0.000466114872574806 0.000214473641455173 -0.000581121762633324
18200 7440 -2378 0.000746772386048406 0.0004429639703 0.000256851250886917 -0.000543706056475639
18200 7240 -2378 0.000715166290318567 0.000418393892765045 0.000290269822478294 -0.0005021236521
18400 7240 -2378 0.000638048305 0.000362889724314213 0.000248317321 -0.000462433443069458
18400 7440 -2378 0.000662424642671943 0.000381266366362572 0.000219720329940319 -0.000495117921948433
18400 7640 -2378 0.000685092896179933 0.000398533166766167 0.000184560212165117 -0.000525795701265335
18400 7840 -2378 0.000703551169817134 0.000413256984949112 0.000144778734564781 -0.0005506585561
18400 8040 -2378 0.000718435461662962 0.000425456148386002 0.0001007894366 -0.000570146751999855
18400 8240 -2378 0.000728658339042021 0.000433121546626091 5.27781591489911e-05 -0.000583502782225609
18400 8440 -2378 0.000733430620813533 0.000437313686013222 3.96942511223097e-06 -0.000588757588386535
18400 8640 -2378 0.000733480818296828 0.0004370521686 -4.48997717276216e-05 -0.0005873359543
18400 8840 -2378 0.000728063106433003 0.000433518680930138 -9.31568527668715e-05 -0.000577509247541428
18400 9040 -2378 0.000717542535416471 0.000425229002475738 -0.0001383124825 -0.000561041982769966
18400 9240 -2378 0.000701981447542867 0.000414205502390862 -0.000179263724744320 -0.000537649826765060
18400 9440 -2378 0.000681669476086802 0.000399200668632984 -0.000214176594793797 -0.000509555779814720
18400 9640 -2378 0.000656687749127274 0.000381199346065521 -0.000243685898184776 -0.0004759653784
18600 9640 -2378 0.000586756836077153 0.000331201235234737 -0.000208616452276707 -0.0004372324661
18600 9440 -2378 0.000606963637476826 0.000344911147594452 -0.000183677993029356 -0.000464389169454575
18600 9240 -2378 0.000623742707375614 0.000357176793575287 -0.000154058600097895 -0.000487566359758377
18600 9040 -2378 0.000637194314934739 0.0003666394118 -0.000119591456145048 -0.000507147600412369
18600 8840 -2378 0.000646469166641713 0.000373437840998173 -8.18468523770571e-05 -0.000521331686019897
18600 8640 -2378 0.000651085523993842 0.000376563655376434 -3.98299295604229e-05 -0.000529646816015244
18600 8440 -2378 0.000651514292746850 0.000376599607527256 1.1164407326105e-06 -0.000531614359140396
18600 8240 -2378 0.000647689014527753 0.0003733051908 4.30894683524966e-05 -0.000527350282430649
18600 8040 -2378 0.000639558456340561 0.000367650654196739 8.32551377415657e-05 -0.000516885334610939
18600 7840 -2378 0.000627793071220337 0.0003582039988 0.000121430137485266 -0.000501001793026924
18600 7640 -2378 0.000613345994693119 0.000346703839540482 0.000155394721537828 -0.000481499986886978
18600 7440 -2378 0.000593770081464111 0.000332072723627090 0.000187055799186230 -0.000455295781731605
18600 7240 -2378 0.000572342761642642 0.000316508218467235 0.000212607820689678 -0.000426961713790894
18800 7240 -2378 0.000516278585537651 0.000278583075642586 0.000183565301060677 -0.0003938090763
18800 7440 -2378 0.000533256953339027 0.000290496460378170 0.000161946470856667 -0.000416764637947082
18800 7640 -2378 0.000548516606247621 0.000301689429163933 0.000135456347644329 -0.000437539325833321
18800 7840 -2378 0.000561039123059389 0.000311199067771435 0.000105955444976687 -0.000454635547995567
18800 8040 -2378 0.000571085428183108 0.000319054232060909 7.35992251783609e-05 -0.000467898694634438
18800 8240 -2378 0.000577845032336299 0.000323650743722916 3.9001034155488e-05 -0.000477095453858376
18800 8440 -2378 0.000581064899583075 0.000326189342081547 3.63524901213532e-06 -0.000480994134545326
18800 8640 -2378 0.000580740223022946 0.000326659027218819 -3.15959807001054e-05 -0.000479235111117363
18800 8840 -2378 0.000577043195 0.000323819537162781 -6.64869364351034e-05 -0.000473004032731056
18800 9040 -2378 0.000569593253727897 0.000318772153615952 -9.95004250854254e-05 -0.000461342993259430
18800 9240 -2378 0.000558452098246769 0.000311337341189384 -0.000129636152386665 -0.000445137516498566
18800 9440 -2378 0.000544040281866305 0.000301603704810142 -0.000155492924451828 -0.000425270450353622
18800 9640 -2378 0.000526990651712486 0.000290365657627583 -0.000178563920527697 -0.000401946717858315
19000 9640 -2378 0.000475655824196495 0.000256090946078301 -0.000154014696627855 -0.000369967427968979
19000 9440 -2378 0.000489680437647223 0.000265095191836357 -0.000134682599663734 -0.000388967389881611
19000 9240 -2378 0.000501653939327647 0.000272770902395248 -0.000112407046139240 -0.000405811384856701
19000 9040 -2378 0.000511130424496675 0.000279017945051193 -8.64875963777304e-05 -0.000419460346937180
19000 8840 -2378 0.000517760119718166 0.000282959318041802 -5.882007150352e-05 -0.000429559325456619
19000 8640 -2378 0.000521068707688246 0.000285644813954830 -2.81878888718784e-05 -0.0004348396219
19000 8440 -2378 0.000521522770788564 0.000285727653443813 1.72691893053252e-06 -0.000436471931219101
19000 8240 -2378 0.000519142438781926 0.000283870369493961 3.24031168371439e-05 -0.0004335118668
19000 8040 -2378 0.000514029705131703 0.000280010121464729 6.17623180449009e-05 -0.000426621947050095
19000 7840 -2378 0.000506051791695176 0.000273580047965050 8.97800422310829e-05 -0.000416137709975243
19000 7640 -2378 0.000496018964967096 0.000266249117016792 0.000114959848850966 -0.000402396639823914
19000 7440 -2378 0.000482511485731292 0.000256972380936146 0.000138943903714418 -0.000383928108274937
19000 7240 -2378 0.000468085143265011 0.000247407014191151 0.000158891725182533 -0.000364116439759731
