# amount of points in x direction: 66 (distance of 200 steps)
# amount of points in y direction: 11 (distance of 200 steps)
# abs. coordinates of point 1: P1 (, , ) (offsets not corrected)
# Offsets of the hall probe have already been corrected for all following coordinates.
#
# X (absolute in steps=10um) Y (absolute in steps=10um) Z (absolute in steps=10um) Babs(in T) Bx By Bz
6000 15040 -3978 8.82066461306967e-05 4.09406169205904e-05 7.57991714328527e-05 -1.94065173137933e-05
6000 15240 -3978 8.47508578066115e-05 4.10695156678557e-05 7.18245745003223e-05 -1.83129405919462e-05
6000 15440 -3978 8.16913808645022e-05 4.15309797972441e-05 6.82022791653872e-05 -1.71045645959675e-05
6000 15640 -3978 7.86425021061159e-05 4.15489065870643e-05 6.48022654652596e-05 -1.60934113692492e-05
6000 15840 -3978 7.62423619952856e-05 4.18287210464478e-05 6.17817675471306e-05 -1.53387201437727e-05
6000 16040 -3978 7.38669961737515e-05 4.21151523441076e-05 5.87779718786478e-05 -1.47668851651251e-05
6000 16240 -3978 7.16855894955974e-05 4.23522286340594e-05 5.60797192007303e-05 -1.42344412477687e-05
6000 16440 -3978 7.02406016941546e-05 4.27604207247496e-05 5.40343669727445e-05 -1.3597800526768e-05
6000 16640 -3978 6.8494857961969e-05 4.31128587722779e-05 5.15750137940049e-05 -1.31669328687713e-05
6000 16840 -3978 6.64476419783163e-05 4.30295184478164e-05 4.90836560353637e-05 -1.28141276370734e-05
6000 17040 -3978 6.53793034423715e-05 4.31986159607768e-05 4.7426872484386e-05 -1.2696235626936e-05
6200 17040 -3978 6.47246193828185e-05 4.23133172616363e-05 4.76285362318158e-05 -1.13028015224263e-05
6200 16840 -3978 6.60094197099134e-05 4.23569413051009e-05 4.93292926549912e-05 -1.15487353387289e-05
6200 16640 -3978 6.77933344718731e-05 4.23240113332868e-05 5.16525131911039e-05 -1.16889753408032e-05
6200 16440 -3978 6.94500368428335e-05 4.19731331244111e-05 5.40169951915741e-05 -1.19062077943236e-05
6200 16240 -3978 7.13209936761415e-05 4.1781896777451e-05 5.65543690025806e-05 -1.26671959711239e-05
6200 16040 -3978 7.34951146176975e-05 4.17096524983645e-05 5.93919884860516e-05 -1.25752777839079e-05
6200 15840 -3978 7.5593128637251e-05 4.08463790938258e-05 6.21174588501454e-05 -1.36388414595276e-05
6200 15640 -3978 7.82532768973566e-05 4.07893727570772e-05 6.52988181263209e-05 -1.39436715710908e-05
6200 15440 -3978 8.13914432529336e-05 4.06121597215533e-05 6.89470551609993e-05 -1.4764543056488e-05
6200 15240 -3978 8.47609651219899e-05 4.01631161943078e-05 7.28423014730215e-05 -1.58746909350157e-05
6200 15040 -3978 8.8385697418588e-05 3.97694146633148e-05 7.70055315196514e-05 -1.69716365914792e-05
6400 15040 -3978 8.82110494591283e-05 3.84913090243936e-05 7.80861604958773e-05 -1.43147372491658e-05
6400 15240 -3978 8.47058123598874e-05 3.89214965477586e-05 7.3993141412735e-05 -1.3564128565602e-05
6400 15440 -3978 8.1394180139179e-05 3.94010718166828e-05 7.01002699881792e-05 -1.25904824296013e-05
6400 15640 -3978 7.85950539806187e-05 4.01118346378207e-05 6.66331646442413e-05 -1.17319978177547e-05
6400 15840 -3978 7.56518228926862e-05 4.02022313252091e-05 6.31818643659353e-05 -1.1241972995922e-05
6400 16040 -3978 7.33389164120846e-05 4.06140807569027e-05 6.00546774566173e-05 -1.08769182479009e-05
6400 16240 -3978 7.1158433742091e-05 4.10538885444403e-05 5.71201721578837e-05 -1.06166390543804e-05
6400 16440 -3978 6.91863430442747e-05 4.12525797337294e-05 5.46158161461353e-05 -1.0146029992844e-05
6400 16640 -3978 6.74009133503714e-05 4.14610351622105e-05 5.21582238376141e-05 -1.02151701711118e-05
6400 16840 -3978 6.58038525578826e-05 4.1841983050108e-05 4.9853427991271e-05 -9.96627348847687e-06
6400 17040 -3978 6.44500556744136e-05 4.21905446872115e-05 4.77193842753768e-05 -9.7989700967446e-06
6600 17040 -3978 6.39894411236588e-05 4.15512846633792e-05 4.8096317641437e-05 -8.51748536946252e-06
6600 16840 -3978 6.54690937022677e-05 4.15403411313892e-05 4.99430262520909e-05 -8.28916397038847e-06
6600 16640 -3978 6.69652497227614e-05 4.12452379614115e-05 5.21131008863449e-05 -8.16296814440284e-06
6600 16440 -3978 6.87071069842931e-05 4.09802591130137e-05 5.45081861615181e-05 -8.37511519697728e-06
6600 16240 -3978 7.05420137572793e-05 4.02240513190627e-05 5.71145822703838e-05 -8.65764569182647e-06
6600 16040 -3978 7.28173697377826e-05 3.99848028719425e-05 6.03071463704109e-05 -8.78871244424954e-06
6600 15840 -3978 7.51727022154926e-05 3.94341171383858e-05 6.33658711612224e-05 -9.01131725753658e-06
6600 15640 -3978 7.76588649010753e-05 3.89177493453026e-05 6.64743965119123e-05 -9.8254942568019e-06
6600 15440 -3978 8.11244274935198e-05 3.87700491994619e-05 7.06134494543076e-05 -9.53163490220322e-06
6600 15240 -3978 8.46542139408116e-05 3.83920015618205e-05 7.47309601902962e-05 -1.0376595927868e-05
6600 15040 -3978 8.82718820365485e-05 3.75249901264906e-05 7.90540030300617e-05 -1.11926740063354e-05
6800 15040 -3978 8.81428863995968e-05 3.62550627589226e-05 7.99863321781158e-05 -8.26942349085584e-06
6800 15240 -3978 8.45452041553397e-05 3.70588680133224e-05 7.56108116656542e-05 -7.67103435454192e-06
6800 15440 -3978 8.08632267790088e-05 3.75010463222861e-05 7.1252582103014e-05 -7.33140580379404e-06
6800 15640 -3978 7.77188646158827e-05 3.79853361845016e-05 6.74364376366139e-05 -7.16721302364021e-06
6800 15840 -3978 7.47267945221875e-05 3.82530051097274e-05 6.37815371900797e-05 -7.26064276127727e-06
6800 16040 -3978 7.24205426517927e-05 3.90858178287745e-05 6.05620325803757e-05 -7.21016235067509e-06
6800 16240 -3978 7.03692233909631e-05 3.97272953465581e-05 5.77141443639993e-05 -6.59642923417778e-06
6800 16440 -3978 6.82024273647354e-05 3.98042278215289e-05 5.50021648705006e-05 -6.55892261315603e-06
6800 16640 -3978 6.63517330566656e-05 4.04069686457515e-05 5.22303628176451e-05 -6.46672748934361e-06
6800 16840 -3978 6.47638120621794e-05 4.07395312637091e-05 4.99462659880519e-05 -6.66200356266927e-06
6800 17040 -3978 6.34158563423273e-05 4.11279817223549e-05 4.78738466277719e-05 -7.02325861799181e-06
7000 17040 -3978 6.3112249378033e-05 4.07303560003638e-05 4.79358561933041e-05 -5.18705075467005e-06
7000 16840 -3978 6.42821743948846e-05 4.00311724320054e-05 5.00152637958527e-05 -5.10726053629332e-06
7000 16640 -3978 6.56031956194222e-05 3.9458509594202e-05 5.21260694265366e-05 -5.44776855458622e-06
7000 16440 -3978 6.74073523075216e-05 3.91731170341372e-05 5.46367545500398e-05 -4.90337630402064e-06
7000 16240 -3978 6.94374585072346e-05 3.87459227666259e-05 5.75183640420437e-05 -4.83156108460389e-06
7000 16040 -3978 7.19970508658985e-05 3.86160037815571e-05 6.06870077028871e-05 -4.32215390738565e-06
7000 15840 -3978 7.40805216377869e-05 3.77127999290824e-05 6.35998410284519e-05 -4.56921109612449e-06
7000 15640 -3978 7.69916442465993e-05 3.71211601644754e-05 6.72916344851255e-05 -4.77154209050059e-06
7000 15440 -3978 8.01900694165167e-05 3.64512959346175e-05 7.1282991245389e-05 -4.52608184001292e-06
7000 15240 -3978 8.38926719064631e-05 3.61205020919442e-05 7.57271883934736e-05 -4.68770774693985e-06
7000 15040 -3978 8.8228566031971e-05 3.56300775408745e-05 8.06325013935566e-05 -4.77026498308987e-06
7200 15040 -3978 8.75307868964155e-05 3.40507087036967e-05 8.0572998046875e-05 -1.833806915487e-06
7200 15240 -3978 8.35906421638909e-05 3.46567892059684e-05 7.60458111613989e-05 -1.72254613394034e-06
7200 15440 -3978 8.00066041956152e-05 3.56609221100807e-05 7.15921948254108e-05 -1.97812771402823e-06
7200 15640 -3978 7.6772702254786e-05 3.61787932217121e-05 6.76806193590164e-05 -2.11577307444532e-06
7200 15840 -3978 7.37352147625185e-05 3.66632893159986e-05 6.39168524593115e-05 -2.35367557076097e-06
7200 16040 -3978 7.14380663653854e-05 3.75337666124105e-05 6.0740334302187e-05 -2.21313727396409e-06
7200 16240 -3978 6.89389998689993e-05 3.7806570827961e-05 5.75807676613331e-05 -2.6624238580107e-06
7200 16440 -3978 6.66917420776087e-05 3.80114793181419e-05 5.47042691558599e-05 -3.30800261897821e-06
7200 16640 -3978 6.53386890483226e-05 3.92425629943609e-05 5.22870911732316e-05 -2.98718776349051e-06
7200 16840 -3978 6.35208006465259e-05 3.94819283261895e-05 4.97967790812254e-05 -3.64355551179324e-06
7200 17040 -3978 6.23685506677687e-05 3.99920589774847e-05 4.77131379321218e-05 -3.65808164744522e-06
7400 17040 -3978 6.15908342230546e-05 3.92531345784664e-05 4.73976261019707e-05 -2.47440363138139e-06
7400 16840 -3978 6.25110730342168e-05 3.84301755279303e-05 4.92546971291304e-05 -2.1198574725604e-06
7400 16640 -3978 6.44507589162778e-05 3.8308208592236e-05 5.18141729086637e-05 -1.29343153239461e-06
7400 16440 -3978 6.59179863273682e-05 3.74266551136971e-05 5.41095051839948e-05 -1.18778702266354e-06
7400 16240 -3978 6.78554451056179e-05 3.6743734523654e-05 5.70155485346913e-05 -1.00988844085168e-06
7400 16040 -3978 7.06137103251476e-05 3.66195952445269e-05 6.03761908113956e-05 -2.33756978733254e-07
7400 15840 -3978 7.29318032465953e-05 3.5982466340065e-05 6.34373909980059e-05 2.03583286201138e-07
7400 15640 -3978 7.60562879796557e-05 3.54795992448926e-05 6.72709583938122e-05 6.12483015380349e-07
7400 15440 -3978 7.88590645495925e-05 3.41830483600497e-05 7.12508016824722e-05 6.44718167262909e-07
7400 15240 -3978 8.25960310436167e-05 3.32624343112111e-05 7.54576382040978e-05 1.01419026261919e-06
7400 15040 -3978 8.67038022656755e-05 3.25705187506974e-05 8.03244057744741e-05 1.18616512647168e-06
7600 15040 -3978 8.61020248731004e-05 3.10259983800352e-05 8.01872338950634e-05 4.65099645499595e-06
7600 15240 -3978 8.19332942455329e-05 3.17363724857569e-05 7.54438986629248e-05 3.60908379905595e-06
7600 15440 -3978 7.84892523167805e-05 3.30319528058171e-05 7.11234768033028e-05 3.30210092086236e-06
7600 15640 -3978 7.53208582813041e-05 3.39879278987646e-05 6.71266443878412e-05 3.05228425451423e-06
7600 15840 -3978 7.24345054341176e-05 3.49052070528269e-05 6.3349783629179e-05 2.50482309729159e-06
7600 16040 -3978 6.9856669642011e-05 3.56738870963454e-05 6.00248076170683e-05 2.16811773869631e-06
7600 16240 -3978 6.76782228106554e-05 3.64239766150713e-05 5.70198475122452e-05 1.47942328489398e-06
7600 16440 -3978 6.57266811852772e-05 3.69079088047147e-05 5.43804325386882e-05 7.55939282691315e-07
7600 16640 -3978 6.38349294769556e-05 3.7665300168097e-05 5.14528485909104e-05 4.46101354095845e-07
7600 16840 -3978 6.19431748710656e-05 3.79374242573977e-05 4.89513879194856e-05 -5.50919466703817e-07
7600 17040 -3978 6.03863495861151e-05 3.81610541343689e-05 4.67800192162395e-05 -1.25074821385965e-06
7800 17040 -3978 5.97274485743576e-05 3.77157575711608e-05 4.63103556185961e-05 6.51183814846263e-07
7800 16840 -3978 6.12705695035055e-05 3.7485641553998e-05 4.8444863550365e-05 1.3601225001712e-06
7800 16640 -3978 6.26762200813814e-05 3.67691243514419e-05 5.07216969430447e-05 1.91037099430832e-06
7800 16440 -3978 6.45654665359619e-05 3.58952284455299e-05 5.37622644454241e-05 2.6990034257251e-06
7800 16240 -3978 6.62445329118934e-05 3.52368095293641e-05 5.59250264465809e-05 3.47389833623311e-06
7800 16040 -3978 6.87297248380053e-05 3.45893682762981e-05 5.92560655474663e-05 3.93285982822999e-06
7800 15840 -3978 7.08874811920177e-05 3.33931037634611e-05 6.23719501942396e-05 4.52667333156569e-06
7800 15640 -3978 7.42291451302058e-05 3.28916094154119e-05 6.63195917904377e-05 5.46074734581634e-06
7800 15440 -3978 7.75091912448505e-05 3.19025427773595e-05 7.04637085646391e-05 6.21196135919308e-06
7800 15240 -3978 8.09177131194727e-05 3.04748291708529e-05 7.46819929629564e-05 6.44678296311758e-06
7800 15040 -3978 8.52188513175744e-05 2.97921253442764e-05 7.94663826525212e-05 7.73148856824264e-06
8000 15040 -3978 8.42183378525774e-05 2.84063573740423e-05 7.8573711335659e-05 1.05435436903499e-05
8000 15240 -3978 8.05257147213103e-05 2.94105549231172e-05 7.4355758190155e-05 9.64460335765034e-06
8000 15440 -3978 7.67174879070769e-05 3.02630242332816e-05 6.99895276725292e-05 8.42935207893606e-06
8000 15640 -3978 7.32029216201295e-05 3.09939731545746e-05 6.5890213444829e-05 7.51805387126296e-06
8000 15840 -3978 7.06761554553784e-05 3.23582005798817e-05 6.24899815320969e-05 7.26702883094549e-06
8000 16040 -3978 6.81080016037685e-05 3.3564649052918e-05 5.90532691925764e-05 6.41536363340856e-06
8000 16240 -3978 6.55930701231213e-05 3.4193636007607e-05 5.57245214805007e-05 5.43039248102286e-06
8000 16440 -3978 6.36608454385832e-05 3.50156222581863e-05 5.29626363292336e-05 4.62068905315209e-06
8000 16640 -3978 6.16631338998187e-05 3.5690368488431e-05 5.01831083893776e-05 3.19300984761503e-06
8000 16840 -3978 6.01842957626748e-05 3.66689238846302e-05 4.76979725435376e-05 2.9986214932942e-06
8000 17040 -3978 5.92151464012309e-05 3.74430890679359e-05 4.56851528212428e-05 1.90640759986854e-06
8200 17040 -3978 5.78234347452268e-05 3.63031945005059e-05 4.48868089467287e-05 3.35375868341362e-06
8200 16840 -3978 5.92180675824333e-05 3.59225455448031e-05 4.68713441938162e-05 4.43948049599567e-06
8200 16640 -3978 6.08362307933788e-05 3.53187160864472e-05 4.92342929169536e-05 5.36419835373817e-06
8200 16440 -3978 6.27525932465093e-05 3.46161866039038e-05 5.19266726449132e-05 6.57481955597177e-06
8200 16240 -3978 6.44242880335145e-05 3.33818600773811e-05 5.47187858521938e-05 7.43371761916205e-06
8200 16040 -3978 6.71011793135766e-05 3.26699272692204e-05 5.80261439308524e-05 8.61540809964936e-06
8200 15840 -3978 6.93968565267783e-05 3.11437291093171e-05 6.1341162532568e-05 9.2139349373756e-06
8200 15640 -3978 7.24234990732008e-05 3.02523364946246e-05 6.50160926729441e-05 1.01101851193234e-05
8200 15440 -3978 7.57456667908122e-05 2.88929494395852e-05 6.9129578307271e-05 1.09655829044059e-05
8200 15240 -3978 7.92347527327696e-05 2.78552288785577e-05 7.31967087686062e-05 1.20197375258431e-05
8200 15040 -3978 8.27511348323137e-05 2.61711400039494e-05 7.74740888774395e-05 1.27263056635857e-05
8400 15040 -3978 8.1708543692377e-05 2.43437892310321e-05 7.67141824364662e-05 1.48078590687364e-05
8400 15240 -3978 7.82807383625061e-05 2.57630617879331e-05 7.25430004894734e-05 1.43196575846523e-05
8400 15440 -3978 7.50768946447502e-05 2.73495620936155e-05 6.85631687194109e-05 1.36126787476242e-05
8400 15640 -3978 7.15201930672633e-05 2.84741156250238e-05 6.43605647683144e-05 1.2731082375627e-05
8400 15840 -3978 6.86745101724999e-05 2.99682963043451e-05 6.06743558198214e-05 1.18377014705911e-05
8400 16040 -3978 6.58259071117238e-05 3.11929868943989e-05 5.72088365107775e-05 1.06601807875559e-05
8400 16240 -3978 6.33813001129595e-05 3.22896928787231e-05 5.37180988490582e-05 9.16018620552496e-06
8400 16440 -3978 6.12268455673745e-05 3.30007330849767e-05 5.09090182185173e-05 8.27755442349007e-06
8400 16640 -3978 5.98747879725041e-05 3.44675583094358e-05 4.84605158194899e-05 7.22290880498895e-06
8400 16840 -3978 5.78472967117182e-05 3.48594892844558e-05 4.59085234999657e-05 5.69366631633602e-06
8400 17040 -3978 5.68943605651965e-05 3.57076477780938e-05 4.40680384561419e-05 4.85704689287923e-06
8600 17040 -3978 5.62516229053966e-05 3.53607835844159e-05 4.32224742695689e-05 6.60074212180916e-06
8600 16840 -3978 5.71667688738919e-05 3.44580374285579e-05 4.49609182327986e-05 7.75346882623853e-06
8600 16640 -3978 5.84398219139894e-05 3.34487059935927e-05 4.71158334687352e-05 8.74614710826427e-06
8600 16440 -3978 6.02678354367706e-05 3.25402842536569e-05 4.96934604123235e-05 9.93096346990205e-06
8600 16240 -3978 6.23903157752927e-05 3.15231926962733e-05 5.26443066075444e-05 1.17759253503755e-05
8600 16040 -3978 6.46886040654404e-05 3.01673060506582e-05 5.58173403292894e-05 1.30331097263843e-05
8600 15840 -3978 6.74190424607888e-05 2.86573682017624e-05 5.93372382372618e-05 1.42301354128867e-05
8600 15640 -3978 7.05026520597602e-05 2.72370196580887e-05 6.31276571303606e-05 1.55648396238685e-05
8600 15440 -3978 7.38350543317519e-05 2.54225105643272e-05 6.74459607899189e-05 1.60110454969108e-05
8600 15240 -3978 7.75155624531069e-05 2.39513883329928e-05 7.16795289069414e-05 1.65362705774605e-05
8600 15040 -3978 8.04723467402365e-05 2.19370573535562e-05 7.58588888347149e-05 1.58227788452059e-05
8800 15040 -3978 8.10448616359584e-05 1.97930844016373e-05 7.67168795317412e-05 1.7298428863287e-05
8800 15240 -3978 7.77188151178302e-05 2.17545744925737e-05 7.21469295173883e-05 1.89874419532716e-05
8800 15440 -3978 7.3554822532686e-05 2.32991453185678e-05 6.69874225109815e-05 1.94973580408841e-05
8800 15640 -3978 6.96690882573015e-05 2.51880788244307e-05 6.23048180341721e-05 1.83806057088077e-05
8800 15840 -3978 6.68264328183509e-05 2.77310634069145e-05 5.82617681622505e-05 1.7387541981414e-05
8800 16040 -3978 6.33783131648711e-05 2.86364829130471e-05 5.43956876695156e-05 1.54000478833914e-05
8800 16240 -3978 6.07935603057297e-05 2.99307400807738e-05 5.11624608337879e-05 1.36934395106509e-05
8800 16440 -3978 5.89210320585936e-05 3.1203440207988e-05 4.85499305799603e-05 1.19150218237191e-05
8800 16640 -3978 5.7505333593173e-05 3.27395312562585e-05 4.60881259739399e-05 1.03790070199757e-05
8800 16840 -3978 5.62720965779969e-05 3.42090113461018e-05 4.37469194233418e-05 9.08292006864213e-06
8800 17040 -3978 5.48311567584917e-05 3.46359885036945e-05 4.17786288484931e-05 7.65917384187924e-06
9000 17040 -3978 5.32451886060556e-05 3.35976258739829e-05 4.03124865442514e-05 8.67760797450319e-06
9000 16840 -3978 5.45066751239816e-05 3.28375946804881e-05 4.22970213592053e-05 1.0203021558933e-05
9000 16640 -3978 5.56939145779815e-05 3.1815032325685e-05 4.42140138521791e-05 1.16245296616107e-05
9000 16440 -3978 5.74648237846886e-05 3.04951844662428e-05 4.67247902601957e-05 1.37493153326213e-05
9000 16240 -3978 5.90664958142816e-05 2.88968575634062e-05 4.92484164685011e-05 1.51827364321798e-05
9000 16040 -3978 6.12934036019758e-05 2.72990365177393e-05 5.23140423595905e-05 1.74752501603216e-05
9000 15840 -3978 6.50838391803678e-05 2.6069725625217e-05 5.61526740938425e-05 1.99631000068039e-05
9000 15640 -3978 6.89850158799368e-05 2.43638301752508e-05 6.06187437027693e-05 2.20919130146503e-05
9000 15440 -3978 7.37979200712175e-05 2.20728237479925e-05 6.62601287811994e-05 2.39642188325524e-05
9000 15240 -3978 7.89546003012082e-05 1.95675930771977e-05 7.27576526999474e-05 2.36064013242722e-05
9000 15040 -3978 8.32465583867084e-05 1.69561428222805e-05 7.92098160684109e-05 1.90526049248874e-05
9200 15040 -3978 9.11092507648235e-05 1.40041821021587e-05 8.52685742527247e-05 2.92205265313387e-05
9200 15240 -3978 8.22321133161957e-05 1.69880661163479e-05 7.38545013964176e-05 3.19910350553691e-05
9200 15440 -3978 7.45405665117149e-05 2.00232159197331e-05 6.51711983978748e-05 3.01643606424332e-05
9200 15640 -3978 6.88929823721756e-05 2.28005376458168e-05 5.91403638869524e-05 2.69962194114923e-05
9200 15840 -3978 6.4134812069731e-05 2.48107782043517e-05 5.42838115468621e-05 2.34379730597138e-05
9200 16040 -3978 6.00935246953402e-05 2.62249043136835e-05 5.02846502438188e-05 2.00693331174552e-05
9200 16240 -3978 5.84611162978182e-05 2.85165345817804e-05 4.77529740408063e-05 1.79903826899827e-05
9200 16440 -3978 5.61941900721174e-05 2.98086550757289e-05 4.50507542267442e-05 1.54882873836905e-05
9200 16640 -3978 5.42943996615535e-05 3.09030561968684e-05 4.26586146280169e-05 1.3157718279399e-05
9200 16840 -3978 5.35079255324651e-05 3.25965013876557e-05 4.06800616458058e-05 1.1779685751535e-05
9200 17040 -3978 5.24808717915758e-05 3.35153240188956e-05 3.90186806544662e-05 9.95402622409165e-06
9400 17040 -3978 5.10761091578894e-05 3.2733655013144e-05 3.76167671531439e-05 1.1033163966611e-05
9400 16840 -3978 5.17778407228236e-05 3.1631770439446e-05 3.90750534906983e-05 1.24571436601691e-05
9400 16640 -3978 5.31478908516081e-05 3.06367378681898e-05 4.08970385119319e-05 1.46123521625996e-05
9400 16440 -3978 5.41572971073824e-05 2.92080323770642e-05 4.25997088700533e-05 1.65226333960891e-05
9400 16240 -3978 5.63850287160502e-05 2.77273901291192e-05 4.51324591785669e-05 1.94962277524173e-05
9400 16040 -3978 5.84825382547603e-05 2.55750865601003e-05 4.77042156532407e-05 2.18671820051968e-05
9400 15840 -3978 6.18296664574252e-05 2.39062774777412e-05 5.07971914410591e-05 2.58896384723485e-05
9400 15640 -3978 6.63812804494748e-05 2.14516631513834e-05 5.49649998918176e-05 3.03205617591739e-05
9400 15440 -3978 7.36770625693142e-05 1.88446376994252e-05 6.12112618237734e-05 3.64438984245062e-05
9400 15240 -3978 8.51460761432032e-05 1.54537975974381e-05 7.10480072051287e-05 4.43081831559539e-05
9400 15040 -3978 0.000105781340229968 1.12710513351485e-05 8.94000659734011e-05 5.51854825392365e-05
9600 15040 -3978 0.000111910524945576 9.82599849719554e-06 7.76186310946941e-05 8.01485522836447e-05
9600 15240 -3978 8.38263351928644e-05 1.36957655549049e-05 6.26255042105913e-05 5.42147621810436e-05
9600 15440 -3978 7.13214045199904e-05 1.73844262044877e-05 5.50990679562092e-05 4.18164701834321e-05
9600 15640 -3978 6.40092911289004e-05 2.0169266756624e-05 5.05310150235892e-05 3.37420242801309e-05
9600 15840 -3978 5.92787976428098e-05 2.24706184454262e-05 4.72680548280478e-05 2.79306198135018e-05
9600 16040 -3978 5.67487161892232e-05 2.51237180121243e-05 4.46749478131533e-05 2.41858351118863e-05
9600 16240 -3978 5.42213892797707e-05 2.64828928411007e-05 4.25272503569722e-05 2.07510192245245e-05
9600 16440 -3978 5.23231064190671e-05 2.79764291346073e-05 4.04416198283434e-05 1.78746262583882e-05
9600 16640 -3978 5.12463146680739e-05 2.94507096260786e-05 3.87639051899314e-05 1.53506724145263e-05
9600 16840 -3978 5.01441222507009e-05 3.08431834876537e-05 3.73000177666545e-05 1.34822628088295e-05
9600 17040 -3978 4.9661361447474e-05 3.20267659723759e-05 3.60716396421194e-05 1.17099718104582e-05
9800 17040 -3978 4.79717501435487e-05 3.12809776738286e-05 3.42556812241673e-05 1.21380627863109e-05
9800 16840 -3978 4.86812354661348e-05 3.02966629043222e-05 3.54281312897801e-05 1.40946026928723e-05
9800 16640 -3978 4.96237985276256e-05 2.91349764019251e-05 3.66803937032819e-05 1.63051276113838e-05
9800 16440 -3978 5.06523333613612e-05 2.7759717091918e-05 3.81320887506008e-05 1.8556405082345e-05
9800 16240 -3978 5.20507744290855e-05 2.62164375521243e-05 3.9492169380188e-05 2.15077721979469e-05
9800 16040 -3978 5.35601219094049e-05 2.40691368021071e-05 4.09640732705593e-05 2.48962781354785e-05
9800 15840 -3978 5.58988380001795e-05 2.1858270522207e-05 4.27877921462059e-05 2.86903772801161e-05
9800 15640 -3978 5.96712756764011e-05 1.97953235581517e-05 4.47391212657094e-05 3.41645625531674e-05
9800 15440 -3978 6.40769803073653e-05 1.61645499169827e-05 4.65253872573376e-05 4.10666866973043e-05
9800 15240 -3978 7.22866491720233e-05 1.29073308017105e-05 4.81876870170236e-05 5.23732695803046e-05
9800 15040 -3978 8.5167878368852e-05 8.9891670756042e-06 4.7310865662992e-05 7.01803500950336e-05
10000 15040 -3978 5.92767060994142e-05 9.0479778512381e-06 2.76682166904211e-05 5.16833999827504e-05
10000 15240 -3978 5.93121555681238e-05 1.23449134631082e-05 3.57071666792035e-05 4.56945097371936e-05
10000 15440 -3978 5.66357599195935e-05 1.49914567247033e-05 3.82803468853235e-05 3.9092923104763e-05
10000 15640 -3978 5.42494919142788e-05 1.81736866477877e-05 3.8735347867012e-05 3.33774420917034e-05
10000 15840 -3978 5.24843644183114e-05 2.08961928021163e-05 3.85670059248805e-05 2.8946857444942e-05
10000 16040 -3978 5.05715123624847e-05 2.29203576520085e-05 3.7634000338614e-05 2.47080478519201e-05
10000 16240 -3978 4.95136628529726e-05 2.51243200562894e-05 3.65879140794277e-05 2.18395419344306e-05
10000 16440 -3978 4.81213154539865e-05 2.63708757832646e-05 3.54927992597222e-05 1.89868141654879e-05
10000 16640 -3978 4.8052174029232e-05 2.84351808913052e-05 3.47814147546888e-05 1.69031733386219e-05
10000 16840 -3978 4.72413587401233e-05 2.98703454621136e-05 3.34563104435802e-05 1.46405118126422e-05
10000 17040 -3978 4.70210445509199e-05 3.11050796285272e-05 3.27844732254744e-05 1.30551922153681e-05
10200 17040 -3978 4.56529796075693e-05 3.0730181992054e-05 3.10876387357712e-05 1.31511988369748e-05
10200 16840 -3978 4.56645698146549e-05 2.93793032281101e-05 3.16257218122482e-05 1.48970868978649e-05
10200 16640 -3978 4.58839378017766e-05 2.79279592446983e-05 3.23265552148223e-05 1.65396298281848e-05
10200 16440 -3978 4.64046361464117e-05 2.63942922614515e-05 3.29731544777751e-05 1.90479925647378e-05
10200 16240 -3978 4.71511019324e-05 2.46602753959596e-05 3.39668754041195e-05 2.15504263527691e-05
10200 16040 -3978 4.78952832912317e-05 2.27604084126651e-05 3.43233151957393e-05 2.4522244092077e-05
10200 15840 -3978 4.86653924336637e-05 2.04592763222754e-05 3.45441007241607e-05 2.73668493442237e-05
10200 15640 -3978 4.91225240149575e-05 1.77277668081224e-05 3.39618026688695e-05 3.07464568540454e-05
10200 15440 -3978 5.04315412449032e-05 1.54043300431222e-05 3.25262697786093e-05 3.54259611368179e-05
10200 15240 -3978 4.99395413431562e-05 1.19311292767525e-05 2.90142475217581e-05 3.87394956424832e-05
10200 15040 -3978 4.73094817081633e-05 8.98428383190185e-06 2.24107167646289e-05 4.07354252710939e-05
10400 15040 -3978 4.12904091039889e-05 8.2876209160313e-06 2.10968630425632e-05 3.43738142848015e-05
10400 15240 -3978 4.36497867695435e-05 1.11650197019335e-05 2.53866826444864e-05 3.36510368399322e-05
10400 15440 -3978 4.44816042343751e-05 1.37906528394669e-05 2.83363639786839e-05 3.13923794254661e-05
10400 15640 -3978 4.53061974620426e-05 1.70208840630949e-05 3.02584061175585e-05 2.91375843957067e-05
10400 15840 -3978 4.53731920564949e-05 1.95960004348308e-05 3.12181461490691e-05 2.65304268635809e-05
10400 16040 -3978 4.50685201710514e-05 2.18067206405103e-05 3.13874386623502e-05 2.39518113099039e-05
10400 16240 -3978 4.49885841348206e-05 2.38669685348868e-05 3.14864917844534e-05 2.14980736896396e-05
10400 16440 -3978 4.43669778987209e-05 2.5691208358854e-05 3.08742299713194e-05 1.90318012479693e-05
10400 16640 -3978 4.43166893325004e-05 2.7107485614717e-05 3.05839046612382e-05 1.69627018589526e-05
10400 16840 -3978 4.44199757633649e-05 2.89981107451022e-05 3.01718070097268e-05 1.52822850942612e-05
10400 17040 -3978 4.42509492189147e-05 3.01527996361256e-05 2.94810637049377e-05 1.33357214145362e-05
10600 17040 -3978 4.32081335243573e-05 2.9918229110539e-05 2.79912883043289e-05 1.38456190908328e-05
10600 16840 -3978 4.28444664978525e-05 2.85992525853217e-05 2.81132140345871e-05 1.50841716453433e-05
10600 16640 -3978 4.26903485446923e-05 2.68935262709856e-05 2.86910845786333e-05 1.66140232719481e-05
10600 16440 -3978 4.27314300084404e-05 2.54695033729076e-05 2.89373084828258e-05 1.85924639366567e-05
10600 16240 -3978 4.26739187649078e-05 2.33259484581649e-05 2.90763214714825e-05 2.05546430405229e-05
10600 16040 -3978 4.28653961841714e-05 2.1795865342021e-05 2.89823464117944e-05 2.28855738118291e-05
10600 15840 -3978 4.21890327326975e-05 1.91224282570183e-05 2.85510848015547e-05 2.46190132535994e-05
10600 15640 -3978 4.15805703314598e-05 1.6403935322538e-05 2.73623637259007e-05 2.67097483053803e-05
10600 15440 -3978 4.07389939539203e-05 1.33084778236225e-05 2.56624467484653e-05 2.87052063792944e-05
10600 15240 -3978 3.97416563965567e-05 1.10321763046086e-05 2.36359285004437e-05 3.02586401291192e-05
10600 15040 -3978 3.73683385789573e-05 7.72197214207699e-06 2.05295129492879e-05 3.02808578833938e-05
10800 15040 -3978 3.54233334507041e-05 7.06058152427431e-06 2.06405911296606e-05 2.79017809480429e-05
10800 15240 -3978 3.66754534438903e-05 9.98890593461692e-06 2.23236536644399e-05 2.73402059040964e-05
10800 15440 -3978 3.83740442930967e-05 1.31451785247773e-05 2.40470115654171e-05 2.67594294436276e-05
10800 15640 -3978 3.95685614679927e-05 1.62351784706116e-05 2.5511227555573e-05 2.55199393667281e-05
10800 15840 -3978 4.00015236136537e-05 1.83989251665771e-05 2.61916511841118e-05 2.37606999538839e-05
10800 16040 -3978 4.06580145851614e-05 2.0936588101089e-05 2.69254780448973e-05 2.21207923740149e-05
10800 16240 -3978 4.06474958725806e-05 2.26774398088455e-05 2.70725850984454e-05 2.0133677246049e-05
10800 16440 -3978 4.0835226038715e-05 2.44660512395203e-05 2.70022555068135e-05 1.83102018050849e-05
10800 16640 -3978 4.13173094859774e-05 2.63723767921329e-05 2.70467895530164e-05 1.67358591165394e-05
10800 16840 -3978 4.15810153568838e-05 2.81012353114784e-05 2.673749403283e-05 1.51497341431677e-05
10800 17040 -3978 4.16510362772113e-05 2.93571155332029e-05 2.62566018253565e-05 1.36767643354833e-05
11000 17040 -3978 4.07249288913578e-05 2.92640125527978e-05 2.47095385380089e-05 1.37889404157177e-05
11000 16840 -3978 3.9784300916102e-05 2.72874568030238e-05 2.49992435462773e-05 1.46525462139398e-05
11000 16640 -3978 4.0159229004703e-05 2.64308035857976e-05 2.53526571802795e-05 1.64748010598123e-05
11000 16440 -3978 3.99821100661442e-05 2.48059727065265e-05 2.55459086336196e-05 1.81174344588071e-05
11000 16240 -3978 3.92240001664041e-05 2.26276654452086e-05 2.53721722066402e-05 1.95270406752825e-05
11000 16040 -3978 3.87911348172357e-05 2.08384165652096e-05 2.51485582254827e-05 2.11302796415985e-05
11000 15840 -3978 3.77555185832821e-05 1.80884533524513e-05 2.46258222609758e-05 2.21475777775049e-05
11000 15640 -3978 3.67052626002095e-05 1.51583189219236e-05 2.3796956345439e-05 2.33655854798853e-05
11000 15440 -3978 3.55801688789168e-05 1.23555154073983e-05 2.2842373304069e-05 2.43733308538795e-05
11000 15240 -3978 3.47954953548724e-05 9.52708635572344e-06 2.1638488329947e-05 2.55291391424835e-05
11000 15040 -3978 3.36717256662986e-05 6.48418885353021e-06 2.04511140622199e-05 2.59140051938593e-05
11200 15040 -3978 3.23639872476622e-05 6.1141461803345e-06 2.01264311820269e-05 2.45691398568451e-05
11200 15240 -3978 3.31882109202168e-05 8.84730979567393e-06 2.1075568061322e-05 2.41582680940628e-05
11200 15440 -3978 3.38879865447629e-05 1.17060632482171e-05 2.15852263346314e-05 2.31710586436093e-05
11200 15640 -3978 3.50161206895731e-05 1.46247234549373e-05 2.25341709107161e-05 2.24601271897554e-05
11200 15840 -3978 3.61057946294083e-05 1.73622163180262e-05 2.31873764134943e-05 2.15528983063996e-05
11200 16040 -3978 3.70833918533486e-05 2.00404777303338e-05 2.35370116792619e-05 2.02697737887502e-05
11200 16240 -3978 3.73595844860326e-05 2.18434213772416e-05 2.36968860030174e-05 1.88427669480443e-05
11200 16440 -3978 3.82099948541523e-05 2.39525707326829e-05 2.39364219717681e-05 1.76475804727525e-05
11200 16640 -3978 3.89000458763257e-05 2.57721401192248e-05 2.41347930170596e-05 1.63694784585386e-05
11200 16840 -3978 3.90217151527116e-05 2.71478040404618e-05 2.38061384931207e-05 1.47972551267594e-05
11200 17040 -3978 3.92099228326309e-05 2.84669413380325e-05 2.33486167415977e-05 1.337126427982e-05
11400 17040 -3978 3.88935845120078e-05 2.86569976620376e-05 2.233863998577e-05 1.37108788061887e-05
11400 16840 -3978 3.76385091183661e-05 2.67555729523301e-05 2.21470695473254e-05 1.44953805357218e-05
11400 16640 -3978 3.74201843091069e-05 2.5490806825459e-05 2.23989988230169e-05 1.58584012817591e-05
11400 16440 -3978 3.66742267557186e-05 2.35638738200069e-05 2.23826414309442e-05 1.69929432794452e-05
11400 16240 -3978 3.63029312819947e-05 2.17334751188755e-05 2.25874404124916e-05 1.8290982356295e-05
11400 16040 -3978 3.56077995326037e-05 1.97064272835851e-05 2.22638089098036e-05 1.95989863835275e-05
11400 15840 -3978 3.44402931157982e-05 1.70533645618707e-05 2.19384478181601e-05 2.0440628413111e-05
11400 15640 -3978 3.37890197029293e-05 1.4704780863598e-05 2.16805247403681e-05 2.14825010001659e-05
11400 15440 -3978 3.29079292443857e-05 1.17717269696295e-05 2.12806049659848e-05 2.22741651311517e-05
11400 15240 -3978 3.18628305220502e-05 8.86400755960494e-06 2.04002976603806e-05 2.27085138857365e-05
11400 15040 -3978 3.12526998080391e-05 5.39787367761528e-06 1.97997768931091e-05 2.35360706299543e-05
11600 15040 -3978 2.96707023962795e-05 4.70644502429059e-06 1.94146879669279e-05 2.19090065658093e-05
11600 15240 -3978 3.05357525097447e-05 7.91660980321467e-06 1.96772841401398e-05 2.17884400077164e-05
11600 15440 -3978 3.20410652068242e-05 1.14466118616983e-05 2.03126347139478e-05 2.19322650395334e-05
11600 15640 -3978 3.25694796627696e-05 1.39968449063599e-05 2.0665254496038e-05 2.09238283969462e-05
11600 15840 -3978 3.37548722628394e-05 1.70962361730635e-05 2.08659697379917e-05 2.03675545081496e-05
11600 16040 -3978 3.45007987173165e-05 1.90367765873671e-05 2.10580209046602e-05 1.93811513110995e-05
11600 16240 -3978 3.53317230986014e-05 2.15028577744961e-05 2.12223362997174e-05 1.84482939392328e-05
11600 16440 -3978 3.59093630436018e-05 2.32754280008376e-05 2.12780984193087e-05 1.71807107366622e-05
11600 16640 -3978 3.62889533015608e-05 2.49249312952161e-05 2.11524499580264e-05 1.57546752560884e-05
11600 16840 -3978 3.69936204339738e-05 2.65546107143164e-05 2.12053678035736e-05 1.46010948363692e-05
11600 17040 -3978 3.72944643632603e-05 2.7927473783493e-05 2.07942010909319e-05 1.31778635010123e-05
11800 17040 -3978 3.66877907967374e-05 2.77369920127094e-05 1.98029418028891e-05 1.33144842321053e-05
11800 16840 -3978 3.62088569396581e-05 2.66101392731071e-05 1.98511950224638e-05 1.44516561292112e-05
11800 16640 -3978 3.5760270190422e-05 2.52059453427792e-05 2.00617290809751e-05 1.55178900957108e-05
11800 16440 -3978 3.50617380096822e-05 2.34124452061951e-05 2.01157279536128e-05 1.67434986531734e-05
11800 16240 -3978 3.44805167468362e-05 2.14841792061925e-05 2.01268903017044e-05 1.78906277418137e-05
11800 16040 -3978 3.33601838528842e-05 1.90223496034741e-05 2.0187568526715e-05 1.86802769619971e-05
11800 15840 -3978 3.25116134383677e-05 1.66496653724462e-05 1.99811063557863e-05 1.93551116548479e-05
11800 15640 -3978 3.1915860279327e-05 1.41908159591258e-05 2.00025554858148e-05 2.03140571452677e-05
11800 15440 -3978 3.10010497403555e-05 1.12918666992337e-05 1.98245370201767e-05 2.09892011135817e-05
11800 15240 -3978 3.00037919370858e-05 7.99986083712429e-06 1.94493618458509e-05 2.12637304924428e-05
11800 15040 -3978 2.92955601526664e-05 4.56567119382089e-06 1.93267312049866e-05 2.15037655904889e-05
12000 15040 -3978 2.88888004299229e-05 4.41200972243678e-06 1.92569350376725e-05 2.1145227201283e-05
12000 15240 -3978 2.95786882641577e-05 7.61398873990402e-06 1.92747446857393e-05 2.10600963272154e-05
12000 15440 -3978 3.02869871344216e-05 1.05592151340097e-05 1.92179585359991e-05 2.08422489352524e-05
12000 15640 -3978 3.07818143113552e-05 1.33801012597978e-05 1.91431481055915e-05 2.0004801157862e-05
12000 15840 -3978 3.16544720905515e-05 1.61081524584442e-05 1.90289828926325e-05 1.94204565770924e-05
12000 16040 -3978 3.27795704200105e-05 1.87939212657511e-05 1.90307235307992e-05 1.85652827806771e-05
12000 16240 -3978 3.29470623228455e-05 2.05126621816307e-05 1.90284410007298e-05 1.73936658818275e-05
12000 16440 -3978 3.40737966519363e-05 2.2870251711458e-05 1.88689350895584e-05 1.67261102441698e-05
12000 16640 -3978 3.4735194800799e-05 2.47156553156674e-05 1.86200540903956e-05 1.56375891203061e-05
12000 16840 -3978 3.54407673986552e-05 2.63139660507441e-05 1.88324620090425e-05 1.4531434731558e-05
12000 17040 -3978 3.57224518493148e-05 2.74364932440221e-05 1.87625461537391e-05 1.2958445888944e-05
12200 17040 -3978 3.54753231007023e-05 2.77086822465062e-05 1.76197429485619e-05 1.35290313754231e-05
12200 16840 -3978 3.45805119365331e-05 2.60700578279793e-05 1.76227637790143e-05 1.43774039819837e-05
12200 16640 -3978 3.40325122670302e-05 2.460096924752e-05 1.77926117442548e-05 1.53761884290725e-05
12200 16440 -3978 3.34104780726437e-05 2.28604981675744e-05 1.79941033869982e-05 1.65295819491148e-05
12200 16240 -3978 3.27848259072973e-05 2.10544980764389e-05 1.79993940945715e-05 1.73117074351758e-05
12200 16040 -3978 3.21322738527635e-05 1.89293553158641e-05 1.82587829791009e-05 1.85369702428579e-05
12200 15840 -3978 3.07396833725141e-05 1.59825374856591e-05 1.82068916223943e-05 1.88374671861529e-05
12200 15640 -3978 3.06554336916233e-05 1.38002073522657e-05 1.8690412376076e-05 1.9865000564605e-05
12200 15440 -3978 2.9599534619955e-05 1.05512928515673e-05 1.86778989434242e-05 2.04238891266286e-05
12200 15240 -3978 2.89102397997902e-05 7.30243426188827e-06 1.879006347619e-05 2.07587945610285e-05
12200 15040 -3978 2.86383947423038e-05 4.10530979334726e-06 1.88975621275604e-05 2.11844152398407e-05
12400 15040 -3978 2.88441036379768e-05 3.88211085725925e-06 1.90912341475487e-05 2.10616159904748e-05
12400 15240 -3978 2.86409290081036e-05 6.80667327228002e-06 1.83880924843252e-05 2.07202076092362e-05
12400 15440 -3978 2.88451363145893e-05 9.83335651410744e-06 1.79767243303359e-05 2.03023242764175e-05
12400 15640 -3978 2.99106153589756e-05 1.31077241301537e-05 1.78751166518778e-05 2.0015677606687e-05
12400 15840 -3978 3.04127911657858e-05 1.57591205500066e-05 1.74432771895081e-05 1.91416529063135e-05
12400 16040 -3978 3.12380844716884e-05 1.80797470789403e-05 1.75568451322615e-05 1.8483712784946e-05
12400 16240 -3978 3.1541329221458e-05 2.01670675352216e-05 1.70689094029367e-05 1.7240524167195e-05
12400 16440 -3978 3.30415614441774e-05 2.27038060426712e-05 1.70601653046906e-05 1.68888345845044e-05
12400 16640 -3978 3.34039676622533e-05 2.43305994048715e-05 1.6922593280673e-05 1.56055582296103e-05
12400 16840 -3978 3.41848288828714e-05 2.61516836695373e-05 1.66041893716902e-05 1.42783298473805e-05
12400 17040 -3978 3.41858174208909e-05 2.70875303447247e-05 1.6191259611398e-05 1.30806358037517e-05
12600 17040 -3978 3.36519357603878e-05 2.69698019623756e-05 1.53108311779797e-05 1.31659781625494e-05
12600 16840 -3978 3.38561447762474e-05 2.62455333024263e-05 1.55595866981894e-05 1.46734379939735e-05
12600 16640 -3978 3.29298793746564e-05 2.4501913074404e-05 1.5649456160143e-05 1.54304244220257e-05
12600 16440 -3978 3.24503909674407e-05 2.27620050311089e-05 1.58428449928761e-05 1.68327945563942e-05
12600 16240 -3978 3.18995767892498e-05 2.09067891575396e-05 1.61609559208155e-05 1.78104080110788e-05
12600 16040 -3978 3.01644909288333e-05 1.78055297490209e-05 1.6214195439592e-05 1.83076874669641e-05
12600 15840 -3978 3.01511629827237e-05 1.59127282369882e-05 1.66759788542986e-05 1.94130923971534e-05
12600 15640 -3978 2.91903382297526e-05 1.29380940999836e-05 1.69720406476408e-05 1.99156070277095e-05
12600 15440 -3978 2.86841451129499e-05 1.00873833252117e-05 1.75210261940956e-05 2.03960414063185e-05
12600 15240 -3978 2.86639972239319e-05 6.9129820750095e-06 1.79828400500119e-05 2.12736944667995e-05
12600 15040 -3978 2.8753793222901e-05 3.44158025980869e-06 1.85725397989154e-05 2.17060155272484e-05
12800 15040 -3978 2.86443641066609e-05 3.1898131952039e-06 1.8261644653976e-05 2.18583985716105e-05
12800 15240 -3978 2.83531966813965e-05 6.36343390781985e-06 1.74671379104257e-05 2.14149221926928e-05
12800 15440 -3978 2.89937812506334e-05 9.77036935463548e-06 1.71979381684214e-05 2.11992961354554e-05
12800 15640 -3978 2.92088937625365e-05 1.29110627453774e-05 1.64392873253673e-05 2.02647880539298e-05
12800 15840 -3978 2.96209384783875e-05 1.53506984468549e-05 1.60262240841985e-05 1.96464965604246e-05
12800 16040 -3978 3.02321608222633e-05 1.791868936643e-05 1.56355294268578e-05 1.86341348905116e-05
12800 16240 -3978 3.09960483811367e-05 2.0333770442754e-05 1.5182030312717e-05 1.7793661031872e-05
12800 16440 -3978 3.22541250619487e-05 2.26803242862225e-05 1.51804129071534e-05 1.71897218637168e-05
12800 16640 -3978 3.25505554683286e-05 2.44208354875445e-05 1.47507852055132e-05 1.57113368995488e-05
12800 16840 -3978 3.29683408184243e-05 2.58196191489696e-05 1.43751539960504e-05 1.44499558918178e-05
12800 17040 -3978 3.34312912549277e-05 2.72546328939497e-05 1.39177503157407e-05 1.35036944895983e-05
13000 17040 -3978 3.33401305610084e-05 2.7382069144398e-05 1.31655288971961e-05 1.3752341421321e-05
13000 16840 -3978 3.30326478421869e-05 2.63046215102077e-05 1.34705823361874e-05 1.47569008329883e-05
13000 16640 -3978 3.21558460022025e-05 2.44205043725669e-05 1.34941050391644e-05 1.59631887190044e-05
13000 16440 -3978 3.10406526313269e-05 2.2163886424154e-05 1.37558708097786e-05 1.67876538503915e-05
13000 16240 -3978 3.0546674460361e-05 2.02777132317424e-05 1.424955961667e-05 1.78547284007072e-05
13000 16040 -3978 2.99977852075363e-05 1.80142428316176e-05 1.45624265223742e-05 1.90877406615764e-05
13000 15840 -3978 2.90570630696979e-05 1.54334261268377e-05 1.50225130002946e-05 1.94672466460615e-05
13000 15640 -3978 2.86789922374237e-05 1.28216131138615e-05 1.55904075875878e-05 2.0372285688296e-05
13000 15440 -3978 2.86679355771293e-05 9.88513910397887e-06 1.64024727772921e-05 2.13488054908812e-05
13000 15240 -3978 2.83423917444418e-05 6.53666621235607e-06 1.68795929849148e-05 2.19005322158337e-05
13000 15040 -3978 2.86361866164387e-05 3.12578722931175e-06 1.76529145501554e-05 2.23452135324478e-05
13200 15040 -3978 2.86177522785665e-05 2.83470020300592e-06 1.70612059272826e-05 2.27483724392951e-05
13200 15240 -3978 2.81133499026281e-05 5.93001370035927e-06 1.62212770581245e-05 2.21825505942106e-05
13200 15440 -3978 2.85798845729846e-05 9.56388425920158e-06 1.5479228541255e-05 2.19014690741897e-05
13200 15640 -3978 2.90741904208558e-05 1.26919795591384e-05 1.49977488983422e-05 2.11704321056604e-05
13200 15840 -3978 2.90938678912492e-05 1.51867227647454e-05 1.4210362046957e-05 2.04247758835554e-05
13200 16040 -3978 2.94915798746728e-05 1.769308514148e-05 1.36027855146676e-05 1.92057259231806e-05
13200 16240 -3978 3.01959759629775e-05 2.00738326236606e-05 1.2978007664904e-05 1.84501903839409e-05
13200 16440 -3978 3.07337499471751e-05 2.2049002867192e-05 1.25780240064487e-05 1.73219106532633e-05
13200 16640 -3978 3.18925559389154e-05 2.43460851944983e-05 1.25604655565694e-05 1.62983893603086e-05
13200 16840 -3978 3.2053307782938e-05 2.57191454283893e-05 1.20239708246663e-05 1.49480225592852e-05
13200 17040 -3978 3.25551761713313e-05 2.71259442381561e-05 1.15341849178076e-05 1.37533950377256e-05
13400 17040 -3978 3.26605267039219e-05 2.7156228736043e-05 1.16657190006226e-05 1.38982101585716e-05
13400 16840 -3978 3.16692284002541e-05 2.57801570110023e-05 1.0797704719007e-05 1.48208411410451e-05
13400 16640 -3978 3.13897111129913e-05 2.43284973017871e-05 1.14048675950617e-05 1.62862136606127e-05
13400 16440 -3978 3.05362916192538e-05 2.23652396127582e-05 1.14417770747095e-05 1.76861886847764e-05
13400 16240 -3978 2.97009481780782e-05 1.99164712484926e-05 1.1831197890453e-05 1.84292603936046e-05
13400 16040 -3978 3.00404138210717e-05 1.83637170307338e-05 1.25950763877481e-05 2.0088540583849e-05
13400 15840 -3978 2.91261807538466e-05 1.54108326714486e-05 1.32836449723691e-05 2.08419149294496e-05
13400 15640 -3978 2.91115095252538e-05 1.30537900142372e-05 1.40765509335324e-05 2.19471937082708e-05
13400 15440 -3978 2.84987080852149e-05 9.50001453794539e-06 1.49906982928514e-05 2.24243137426674e-05
13400 15240 -3978 2.85473569663645e-05 6.06755412439816e-06 1.5753819860518e-05 2.29153628870845e-05
13400 15040 -3978 2.83722654497875e-05 2.70282290560863e-06 1.63523004874587e-05 2.29478398375213e-05
13600 15040 -3978 2.91173084277261e-05 2.33889883817392e-06 1.64347065500915e-05 2.38597959578037e-05
13600 15240 -3978 2.92859354237509e-05 6.00546100451902e-06 1.55396497566253e-05 2.40423388741911e-05
13600 15440 -3978 2.88040999795251e-05 8.9939134484157e-06 1.42117380108684e-05 2.34956326000392e-05
13600 15640 -3978 2.86319408538679e-05 1.18439741805196e-05 1.31487610004842e-05 2.25309194810688e-05
13600 15840 -3978 2.94085211050248e-05 1.54656283594668e-05 1.24057389721274e-05 2.18317302949727e-05
13600 16040 -3978 2.98248895686631e-05 1.7841357473284e-05 1.15326922284439e-05 2.08096026740968e-05
13600 16240 -3978 3.02337969148922e-05 2.02931271176785e-05 1.0928499053698e-05 1.95670709833503e-05
13600 16440 -3978 3.03762421509555e-05 2.20433851461858e-05 1.03738589640707e-05 1.79876549709588e-05
13600 16640 -3978 3.15354565450589e-05 2.44429118297994e-05 1.01870714649558e-05 1.69916825219989e-05
13600 16840 -3978 3.13596880324453e-05 2.56774219535291e-05 9.67003276292235e-06 1.51852066721767e-05
13600 17040 -3978 3.19708745520462e-05 2.71873646788299e-05 9.46932376269251e-06 1.38707143031061e-05
13800 17040 -3978 3.17437541809324e-05 2.73111366257072e-05 8.35609280318022e-06 1.38947489466518e-05
13800 16840 -3978 3.13623795191976e-05 2.58968873657286e-05 8.43751887790859e-06 1.56036537475884e-05
13800 16640 -3978 3.09401602674279e-05 2.4449527580291e-05 8.58500806940719e-06 1.69286225754768e-05
13800 16440 -3978 3.04861188891202e-05 2.24812616705894e-05 8.97680454142392e-06 1.85704083163291e-05
13800 16240 -3978 2.97212706812115e-05 2.01532617993653e-05 9.50104170967825e-06 1.96705408208072e-05
13800 16040 -3978 2.91795197607488e-05 1.75431885495782e-05 1.03321757279336e-05 2.10579376351088e-05
13800 15840 -3978 2.9838251501832e-05 1.57183279022574e-05 1.10596601897851e-05 2.29121096879244e-05
13800 15640 -3978 2.9304656973001e-05 1.25456141987816e-05 1.21428465656936e-05 2.3544864166528e-05
13800 15440 -3978 2.98224347415273e-05 9.44771283864975e-06 1.35467921774834e-05 2.48944875784218e-05
13800 15240 -3978 3.03375209013707e-05 5.82248586090282e-06 1.50379092525691e-05 2.55298810526729e-05
13800 15040 -3978 3.04381786082221e-05 1.89669330678862e-06 1.67246593646705e-05 2.53608170337975e-05
14000 15040 -3978 3.19786395518873e-05 1.6129270966303e-06 1.64544817674905e-05 2.75139708556235e-05
14000 15240 -3978 3.1095458107509e-05 5.22248768535064e-06 1.44182399194688e-05 2.69331892989576e-05
14000 15440 -3978 3.05326151930108e-05 9.03322924533859e-06 1.26249807886779e-05 2.61455747485161e-05
14000 15640 -3978 3.05484179294053e-05 1.24751304564998e-05 1.11717753950506e-05 2.52711029052734e-05
14000 15840 -3978 3.0420292608375e-05 1.55232754219323e-05 1.0122362062335e-05 2.41197799704969e-05
14000 16040 -3978 2.98615107158567e-05 1.76988205872476e-05 8.8411255273968e-06 2.26040907986462e-05
14000 16240 -3978 3.04185543029511e-05 2.04100126512349e-05 8.35577468667179e-06 2.09633933417499e-05
14000 16440 -3978 3.0625958245516e-05 2.24815536886454e-05 7.72094283206388e-06 1.93110358081758e-05
14000 16640 -3978 3.05855656761461e-05 2.41115610636771e-05 6.93226418085396e-06 1.75277928244323e-05
14000 16840 -3978 3.12131081262735e-05 2.60635073333979e-05 7.0478740776889e-06 1.57186999935657e-05
14000 17040 -3978 3.20849858030483e-05 2.78202973268926e-05 6.7669163220562e-06 1.44598015937954e-05
14200 17040 -3978 3.14180050836062e-05 2.74421802200377e-05 5.19712885041372e-06 1.44106112420559e-05
14200 16840 -3978 3.13984052460053e-05 2.6494989413768e-05 5.2889099722961e-06 1.59878582824022e-05
14200 16640 -3978 3.07709783254656e-05 2.4654173001647e-05 5.52109791705152e-06 1.75653732810169e-05
14200 16440 -3978 3.05012971829519e-05 2.28026688583195e-05 5.91834994970122e-06 1.93632408007979e-05
14200 16240 -3978 3.06782478468415e-05 2.09144949167967e-05 6.41978757880861e-06 2.15253095887601e-05
14200 16040 -3978 3.06708611404482e-05 1.85134192612022e-05 7.24119584294385e-06 2.32719837576151e-05
14200 15840 -3978 3.07237393752911e-05 1.56762479040772e-05 8.37073259870522e-06 2.5025187343359e-05
14200 15640 -3978 3.14611848805657e-05 1.30773654133081e-05 9.86658521182835e-06 2.6788726054132e-05
14200 15440 -3978 3.20818202389663e-05 9.55406214902177e-06 1.17010707501322e-05 2.83027919046581e-05
14200 15240 -3978 3.2505143558223e-05 5.40845706180698e-06 1.36023650243878e-05 2.90520669668913e-05
14200 15040 -3978 3.35304166189272e-05 8.17262770289745e-07 1.62436892632395e-05 2.92708733826876e-05
14400 15040 -3978 3.63619376833897e-05 4.43292554262371e-07 1.57101067211479e-05 3.29062415137887e-05
14400 15240 -3978 3.51010978465804e-05 5.31779348064447e-06 1.29496450927109e-05 3.22206604406238e-05
14400 15440 -3978 3.37991756116018e-05 9.20307800173759e-06 1.02552062869072e-05 3.07992810830474e-05
14400 15640 -3978 3.31481198312926e-05 1.29899744279683e-05 8.43368544243276e-06 2.92795220986009e-05
14400 15840 -3978 3.18962762531946e-05 1.5838067336008e-05 6.64317193813622e-06 2.66973694711924e-05
14400 16040 -3978 3.15807027710702e-05 1.85202110316604e-05 5.45866493089124e-06 2.49306618273258e-05
14400 16240 -3978 3.0914111966027e-05 2.07909727171063e-05 4.75476432230789e-06 2.23408318683505e-05
14400 16440 -3978 3.15079508634722e-05 2.34027216359973e-05 4.22192150556657e-06 2.06833104677498e-05
14400 16640 -3978 3.06299204991213e-05 2.45716799758375e-05 3.89668775280006e-06 1.81599389221519e-05
14400 16840 -3978 3.16989587289292e-05 2.68534804098308e-05 3.92476735007949e-06 1.64375381413847e-05
14400 17040 -3978 3.20315947765315e-05 2.81354887783527e-05 3.78102352051792e-06 1.47396738408133e-05
14600 17040 -3978 3.18887986374582e-05 2.82994769513607e-05 2.17601980215659e-06 1.45030189454556e-05
14600 16840 -3978 3.15053919941984e-05 2.68603882193565e-05 1.89211722611435e-06 1.64377339184284e-05
14600 16640 -3978 3.16407076792108e-05 2.55497957840562e-05 2.09207105966743e-06 1.8546308433637e-05
14600 16440 -3978 3.12102142047829e-05 2.34458483234048e-05 1.8498034813565e-06 2.06120267733932e-05
14600 16240 -3978 3.18067851169921e-05 2.14899790585041e-05 2.45720911750323e-06 2.32208190150559e-05
14600 16040 -3978 3.23647409478374e-05 1.92256909180433e-05 3.26490325573832e-06 2.58953614532948e-05
14600 15840 -3978 3.30834444510435e-05 1.64553044009954e-05 4.34697179001523e-06 2.84062109589577e-05
14600 15640 -3978 3.42463924451369e-05 1.33607557769865e-05 6.07076230552048e-06 3.08610770963132e-05
14600 15440 -3978 3.59807997769261e-05 9.66383076645434e-06 8.30243278993293e-06 3.36496350243688e-05
14600 15240 -3978 3.7761347232805e-05 5.22452051873552e-06 1.16784453103319e-05 3.54595632553101e-05
14600 15040 -3978 3.91298751504354e-05 1.95365716834203e-07 1.51428043004125e-05 3.62240435481071e-05
14800 15040 -3978 4.35928942756376e-05 -4.41249562471057e-07 1.49120925310999e-05 4.11183122992515e-05
14800 15240 -3978 4.17238640418997e-05 4.78067791775538e-06 1.00739721758291e-05 4.01870677992702e-05
14800 15440 -3978 3.92575647862612e-05 9.50507297925651e-06 6.41040594666265e-06 3.74635508656502e-05
14800 15640 -3978 3.65064407439719e-05 1.31622892459854e-05 3.56918545602093e-06 3.38634799271822e-05
14800 15840 -3978 3.48209249234336e-05 1.65575771499425e-05 1.71359806417695e-06 3.04023451805115e-05
14800 16040 -3978 3.28135434247971e-05 1.89813818838447e-05 6.7314175129286e-07 2.67097832523286e-05
14800 16240 -3978 3.20008354244834e-05 2.13529104590416e-05 -2.34255745182963e-07 2.39456185363233e-05
14800 16440 -3978 3.19066692978251e-05 2.37535846047103e-05 -1.94315970134767e-07 2.13660636916757e-05
14800 16640 -3978 3.21296867562406e-05 2.58118679337204e-05 -2.07974571421801e-08 1.9122981030494e-05
14800 16840 -3978 3.20416586591155e-05 2.74158382862806e-05 1.41932865963099e-07 1.6576484888792e-05
14800 17040 -3978 3.21688149601265e-05 2.86455975398421e-05 2.25313011281287e-07 1.45795051194727e-05
15000 17040 -3978 3.22404425790854e-05 2.8963704098016e-05 -1.69517564400007e-06 1.42059144712985e-05
15000 16840 -3978 3.18773291697057e-05 2.74874245040119e-05 -2.2238348841629e-06 1.58865933194757e-05
15000 16640 -3978 3.19229622446632e-05 2.60787175782025e-05 -2.44018312258413e-06 1.82488770689815e-05
15000 16440 -3978 3.20851022540906e-05 2.42509564086795e-05 -2.89314852030657e-06 2.08709109723568e-05
15000 16240 -3978 3.33174803579765e-05 2.26246746592224e-05 -2.7280508151598e-06 2.4300825919956e-05
15000 16040 -3978 3.42418290657667e-05 2.01645496077836e-05 -2.69718334720619e-06 2.77190473340452e-05
15000 15840 -3978 3.61171817576777e-05 1.75429568625987e-05 -1.69009036027637e-06 3.14327511303127e-05
15000 15640 -3978 3.84669038934639e-05 1.41467865854502e-05 -4.86754257032999e-07 3.57677815183997e-05
15000 15440 -3978 4.25019613350645e-05 1.04718172783032e-05 2.42473169693767e-06 4.11163514778018e-05
15000 15240 -3978 4.7601354845368e-05 6.00903138681315e-06 7.11247521033511e-06 4.68103608712554e-05
15000 15040 -3978 5.21619231214861e-05 1.54830415732704e-07 1.4892363442108e-05 4.99048736542463e-05
15200 15040 -3978 6.76487988066307e-05 9.72123053985342e-07 1.22200863305479e-05 6.64003146439791e-05
15200 15240 -3978 5.56718111329341e-05 6.57883829646744e-06 2.09549612422052e-06 5.55151909142733e-05
15200 15440 -3978 4.76194977913101e-05 1.16781166335568e-05 -2.82457810742926e-06 4.60788446068764e-05
15200 15640 -3978 4.16832524141914e-05 1.49934603367001e-05 -4.91831310912289e-06 3.86802943944931e-05
15200 15840 -3978 3.76434086371319e-05 1.78976155593991e-05 -5.90965353528554e-06 3.2643977612257e-05
15200 16040 -3978 3.57032851733983e-05 2.07354043219238e-05 -6.00010608521916e-06 2.83849693425e-05
15200 16240 -3978 3.39780733727103e-05 2.27799909487367e-05 -6.00237608863972e-06 2.45971999540925e-05
15200 16440 -3978 3.30112903752464e-05 2.47221450917423e-05 -5.65502451336943e-06 2.11324757672846e-05
15200 16640 -3978 3.28238419236198e-05 2.66215336211026e-05 -4.84006280760514e-06 1.87198587413877e-05
15200 16840 -3978 3.2560176833273e-05 2.80509855225682e-05 -4.12848907840271e-06 1.59114051703364e-05
15200 17040 -3978 3.27155701782073e-05 2.93937714472413e-05 -3.54153388431587e-06 1.40059953480959e-05
15400 17040 -3978 3.30746558759826e-05 2.98200944885611e-05 -5.62657919037156e-06 1.3407304351218e-05
15400 16840 -3978 3.3087837346077e-05 2.86804145425558e-05 -6.58908944227733e-06 1.51268867328763e-05
15400 16640 -3978 3.36700136581415e-05 2.74199899435043e-05 -7.26299247890711e-06 1.79742623381317e-05
15400 16440 -3978 3.38255580660304e-05 2.57708690054715e-05 -8.2971141920425e-06 2.03870673440397e-05
15400 16240 -3978 3.47354866055826e-05 2.36973349377513e-05 -9.16712647583336e-06 2.37668046206236e-05
15400 16040 -3978 3.63668917092391e-05 2.1366071883589e-05 -1.02008345089853e-05 2.75801036022604e-05
15400 15840 -3978 3.88319656241669e-05 1.92179383859038e-05 -1.06305663571693e-05 3.20868868604302e-05
15400 15640 -3978 4.30250525530949e-05 1.6265684876591e-05 -1.10704236412421e-05 3.826262357831e-05
15400 15440 -3978 4.96828082533414e-05 1.29876354709268e-05 -1.0685660594143e-05 4.69441435709596e-05
15400 15240 -3978 6.10072183759998e-05 8.73997722240165e-06 -8.61381086986512e-06 5.99034450948238e-05
15400 15040 -3978 8.38849251671228e-05 2.79045116847556e-06 -7.93769382713208e-07 8.36668127477169e-05
15600 15040 -3978 8.01743491115985e-05 7.09565018396825e-06 -2.76734275482595e-05 7.49335918277502e-05
15600 15240 -3978 6.24876365186646e-05 1.13082537883893e-05 -2.29200499430299e-05 5.70029569864273e-05
15600 15440 -3978 5.20663523018561e-05 1.48749223202467e-05 -1.98922369070351e-05 4.57595961391926e-05
15600 15640 -3978 4.54448606168906e-05 1.77869914788753e-05 -1.7605947997421e-05 3.79077583402395e-05
15600 15840 -3978 4.10911614515785e-05 2.04725954215974e-05 -1.56677873767912e-05 3.1952089831233e-05
15600 16040 -3978 3.7893966139549e-05 2.24503821320832e-05 -1.38713409882039e-05 2.7092191953212e-05
15600 16240 -3978 3.56842753169205e-05 2.41351376213133e-05 -1.26732904352248e-05 2.31476292051375e-05
15600 16440 -3978 3.53044426900571e-05 2.66138375923038e-05 -1.1192336733453e-05 2.02634237669408e-05
15600 16640 -3978 3.44255783999948e-05 2.79705040343106e-05 -1.00658563934267e-05 1.75195193216205e-05
15600 16840 -3978 3.41420469053927e-05 2.95366032458842e-05 -8.62039713910781e-06 1.48453643731773e-05
15600 17040 -3978 3.36684847643615e-05 3.03047926053405e-05 -7.53344890801236e-06 1.25870393272489e-05
15800 17040 -3978 3.41025875285709e-05 3.06764705590904e-05 -9.65471152029932e-06 1.14011904774234e-05
15800 16840 -3978 3.40255316684819e-05 2.93019363172352e-05 -1.10874844267964e-05 1.32613828647882e-05
15800 16640 -3978 3.50979231131799e-05 2.87478827834129e-05 -1.21940706204623e-05 1.60874875485897e-05
15800 16440 -3978 3.57930686683811e-05 2.71728284731507e-05 -1.4051174916327e-05 1.85556407347322e-05
15800 16240 -3978 3.68728486197847e-05 2.54514628127217e-05 -1.60339650213718e-05 2.12933742329478e-05
15800 16040 -3978 3.89296307279871e-05 2.37457657903433e-05 -1.7927316121757e-05 2.51051009222865e-05
15800 15840 -3978 4.13490063535516e-05 2.14388550296426e-05 -2.05906652528793e-05 2.87732747942209e-05
15800 15640 -3978 4.54691258626905e-05 1.90806588046253e-05 -2.37067343331873e-05 3.37210097014904e-05
15800 15440 -3978 5.15567574600257e-05 1.67234180206433e-05 -2.80471304655075e-05 3.99459184333682e-05
15800 15240 -3978 6.00206756339111e-05 1.41655754446983e-05 -3.49029137194157e-05 4.67947957366705e-05
15800 15040 -3978 7.15114326785022e-05 1.09486154168844e-05 -4.79929093346e-05 5.19214215874672e-05
16000 15040 -3978 6.69585895271098e-05 1.45800008941442e-05 -5.25253046154976e-05 3.88840412050486e-05
16000 15240 -3978 5.90999743470382e-05 1.65324607901275e-05 -4.2136814288795e-05 3.78221615403891e-05
16000 15440 -3978 5.2430217437274e-05 1.87335690036416e-05 -3.46703874766827e-05 3.4405233733356e-05
16000 15640 -3978 4.7119343101739e-05 2.08476418852806e-05 -2.90672850236297e-05 3.065851816535e-05
16000 15840 -3978 4.2891298692998e-05 2.27637747824192e-05 -2.5136007849127e-05 2.62612865380943e-05
16000 16040 -3978 4.01549538776157e-05 2.46966660320759e-05 -2.1744542632252e-05 2.30145578607917e-05
16000 16240 -3978 3.78513659844462e-05 2.60147885456681e-05 -1.90931949801743e-05 1.97341879047453e-05
16000 16440 -3978 3.71087533415922e-05 2.80218583606184e-05 -1.70007173269987e-05 1.76124807745218e-05
16000 16640 -3978 3.58828714912917e-05 2.91672657504678e-05 -1.47622591648251e-05 1.47214365489781e-05
16000 16840 -3978 3.53121112298877e-05 3.04821441620588e-05 -1.27798973508179e-05 1.24281257838011e-05
16000 17040 -3978 3.50041272595919e-05 3.13827847987413e-05 -1.16252004904673e-05 1.02598468330689e-05
16200 17040 -3978 3.57834004432507e-05 3.19121416918933e-05 -1.33088391665369e-05 9.20707990415395e-06
16200 16840 -3978 3.62617738672309e-05 3.10961493328214e-05 -1.50786789078265e-05 1.08947358657606e-05
16200 16640 -3978 3.67957867808026e-05 2.99742379784584e-05 -1.70135934203863e-05 1.27965751858428e-05
16200 16440 -3978 3.75445215255676e-05 2.85080136694014e-05 -1.92835715860128e-05 1.50002319738269e-05
16200 16240 -3978 3.92774221511128e-05 2.74735225513578e-05 -2.17977919355035e-05 1.76855227854103e-05
16200 16040 -3978 4.13037214414422e-05 2.59346585012972e-05 -2.49786558151245e-05 2.0253134328872e-05
16200 15840 -3978 4.41058477053338e-05 2.44438141696155e-05 -2.82481359913945e-05 2.31600701063871e-05
16200 15640 -3978 4.73157416725784e-05 2.24449024312198e-05 -3.25565108954906e-05 2.5857250250876e-05
16200 15440 -3978 5.21750424083485e-05 2.02883059233427e-05 -3.8363414786756e-05 2.87059920951724e-05
16200 15240 -3978 5.78915403021799e-05 1.88952882122248e-05 -4.48858093172312e-05 3.12637286223471e-05
16200 15040 -3978 6.39241604905442e-05 1.69367453083396e-05 -5.26640065163374e-05 3.2030413210392e-05
16400 15040 -3978 6.30554583576953e-05 1.9191150136292e-05 -5.32788308262825e-05 2.78231374658644e-05
16400 15240 -3978 5.80852749025225e-05 2.06536196470261e-05 -4.71741164475679e-05 2.65141229405999e-05
16400 15440 -3978 5.31941013619508e-05 2.21664853133261e-05 -4.16910233870149e-05 2.45148496329784e-05
16400 15640 -3978 4.89327469717323e-05 2.41835975162685e-05 -3.59865990802646e-05 2.25817534327507e-05
16400 15840 -3978 4.52333273240966e-05 2.53747897781432e-05 -3.16927544921637e-05 1.99435016289353e-05
16400 16040 -3978 4.2647714816019e-05 2.70288436152041e-05 -2.79358596764505e-05 1.78843256030232e-05
16400 16240 -3978 4.06530245219623e-05 2.84599756523967e-05 -2.44728802517056e-05 1.56831401279196e-05
16400 16440 -3978 3.90241606407302e-05 2.95025532767177e-05 -2.18241409137845e-05 1.33958152551204e-05
16400 16640 -3978 3.78826305498121e-05 3.06524373814464e-05 -1.91838630884886e-05 1.1310023128055e-05
16400 16840 -3978 3.71846915175931e-05 3.17773429825902e-05 -1.68846173919737e-05 9.37077647540718e-06
16400 17040 -3978 3.68597833526266e-05 3.27329353615642e-05 -1.48530078530312e-05 8.03707753075287e-06
16600 17040 -3978 3.77549954949871e-05 3.33714877963066e-05 -1.63516917563975e-05 6.70971662554075e-06
16600 16840 -3978 3.8324571152311e-05 3.2620389804244e-05 -1.84685069508851e-05 8.01886876951903e-06
16600 16640 -3978 3.90957797480618e-05 3.18059690222144e-05 -2.06291847098619e-05 9.34028358198702e-06
16600 16440 -3978 3.99542063293639e-05 3.03650664798915e-05 -2.35642768926919e-05 1.08866150290705e-05
16600 16240 -3978 4.14408347764159e-05 2.92453351803124e-05 -2.63649195954204e-05 1.29206877481192e-05
16600 16040 -3978 4.39425186750215e-05 2.8534236960113e-05 -2.99432509951294e-05 1.51171954125166e-05
16600 15840 -3978 4.61098479107274e-05 2.68002356626093e-05 -3.36567909196019e-05 1.64426542650908e-05
16600 15640 -3978 4.92181526251954e-05 2.5385932315141e-05 -3.79230191037059e-05 1.84727884624153e-05
16600 15440 -3978 5.36849805640467e-05 2.43198911510408e-05 -4.31443956121802e-05 2.06867444440722e-05
16600 15240 -3978 5.82988609256748e-05 2.29804583415389e-05 -4.86934901028872e-05 2.21744953393936e-05
16600 15040 -3978 6.29853750805244e-05 2.14934922903776e-05 -5.41916999965906e-05 2.38421247936785e-05
16800 15040 -3978 6.37097873374972e-05 2.3088327512145e-05 -5.60545985102654e-05 1.97648343518376e-05
16800 15240 -3978 5.90805844756268e-05 2.43355758152902e-05 -5.05546353235841e-05 1.83255203906447e-05
16800 15440 -3978 5.50083553449988e-05 2.59194100648165e-05 -4.53443156406283e-05 1.73489381819963e-05
16800 15640 -3978 5.09751673486609e-05 2.666048733145e-05 -4.06191283687949e-05 1.5472308177501e-05
16800 15840 -3978 4.74617194655357e-05 2.78761719949544e-05 -3.5950889877975e-05 1.35302389673889e-05
16800 16040 -3978 4.52675533214977e-05 2.9446494333446e-05 -3.20330088175833e-05 1.24812405407429e-05
16800 16240 -3978 4.26913918541126e-05 2.98585778139532e-05 -2.88035774119198e-05 1.04644885603338e-05
16800 16440 -3978 4.13532900507661e-05 3.12197081819177e-05 -2.55167041681707e-05 8.96001585898921e-06
16800 16640 -3978 4.02979872421772e-05 3.24459540396929e-05 -2.26124760657549e-05 7.7438082050794e-06
16800 16840 -3978 3.88159226373047e-05 3.27490964978933e-05 -2.019123467803e-05 5.70532461596304e-06
16800 17040 -3978 3.83596372930345e-05 3.35305045545101e-05 -1.79498531073332e-05 4.59995614050422e-06
17000 17040 -3978 3.97826185271019e-05 3.46680008396506e-05 -1.92475307248533e-05 3.26261368362429e-06
17000 16840 -3978 4.03357791980476e-05 3.38359687030315e-05 -2.15735281631351e-05 4.06256752736954e-06
17000 16640 -3978 4.0989652295146e-05 3.29845147095621e-05 -2.37965317294002e-05 5.13416434975806e-06
17000 16440 -3978 4.22072369474629e-05 3.20216835997999e-05 -2.67815181240439e-05 6.23000137601048e-06
17000 16240 -3978 4.39489330107987e-05 3.11502910107374e-05 -2.9745310626924e-05 8.12613822356798e-06
17000 16040 -3978 4.61501886820789e-05 3.02660265415907e-05 -3.3541878208518e-05 9.16084092948586e-06
17000 15840 -3978 4.83647471462158e-05 2.90456900447607e-05 -3.75555105656385e-05 1.00705319086555e-05
17000 15640 -3978 5.19579091224896e-05 2.8669452290982e-05 -4.16189743801951e-05 1.21083067979198e-05
17000 15440 -3978 5.5559795016007e-05 2.74180699288845e-05 -4.64518775716424e-05 1.33346750130877e-05
17000 15240 -3978 5.97516645931754e-05 2.62921798601747e-05 -5.16306070908904e-05 1.46035307813436e-05
17000 15040 -3978 6.44868101165714e-05 2.45775147564709e-05 -5.75920806676149e-05 1.56625007251278e-05
17200 15040 -3978 6.55847830435555e-05 2.64851558208465e-05 -5.87345909327269e-05 1.2000861630775e-05
17200 15240 -3978 6.10476898699275e-05 2.78551176413894e-05 -5.31488790139556e-05 1.10940350228921e-05
17200 15440 -3978 5.68494912800606e-05 2.84042257666588e-05 -4.82508265897632e-05 9.82549322210252e-06
17200 15640 -3978 5.32141065941224e-05 2.94631952159107e-05 -4.34262581020594e-05 8.82164245098829e-06
17200 15840 -3978 5.0137705067568e-05 3.04110805243254e-05 -3.9005323715508e-05 7.54355986928567e-06
17200 16040 -3978 4.74395248482956e-05 3.11615084707737e-05 -3.49013204276562e-05 6.7780902889208e-06
17200 16240 -3978 4.55174283088729e-05 3.22875093333423e-05 -3.16226389557123e-05 5.51601366483374e-06
17200 16440 -3978 4.37169413511356e-05 3.30342474877834e-05 -2.8288115516305e-05 4.48375738064351e-06
17200 16640 -3978 4.26216968366652e-05 3.39950226172805e-05 -2.54630675241351e-05 3.54678315499041e-06
17200 16840 -3978 4.13266486714681e-05 3.44794838428497e-05 -2.2550440389663e-05 2.42532922844657e-06
17200 17040 -3978 4.0799810846463e-05 3.5363257445395e-05 -2.0257786963135e-05 1.28556864077473e-06
17400 17040 -3978 4.16558113946933e-05 3.58470461443066e-05 -2.12146020270884e-05 -2.36061306735564e-07
17400 16840 -3978 4.21573319289489e-05 3.50156251713634e-05 -2.34737625867128e-05 3.86936317138861e-07
17400 16640 -3978 4.34595308039637e-05 3.47550839036703e-05 -2.60574419125915e-05 1.35080772925994e-06
17400 16440 -3978 4.47877366938247e-05 3.41663794070482e-05 -2.90093448385596e-05 2.32859933875625e-06
17400 16240 -3978 4.64540695775189e-05 3.3109956484288e-05 -3.24996673762798e-05 2.91678467829843e-06
17400 16040 -3978 4.86331351018407e-05 3.24635989665985e-05 -3.59725631177425e-05 3.98341317102313e-06
17400 15840 -3978 5.09318617179048e-05 3.15721290484071e-05 -3.96943636238575e-05 4.60729961071047e-06
17400 15640 -3978 5.4036654185192e-05 3.05720534771681e-05 -4.42172382324934e-05 5.34147556436074e-06
17400 15440 -3978 5.76644943085373e-05 2.96394490525127e-05 -4.90742689520121e-05 6.19782950301305e-06
17400 15240 -3978 6.19513505924981e-05 2.93979119807482e-05 -5.40122233629227e-05 7.51081478939159e-06
17400 15040 -3978 6.66610332390042e-05 2.81304550692439e-05 -5.99038939625025e-05 8.05320620164275e-06
17600 15040 -3978 6.75213034153105e-05 2.953855702281e-05 -6.04448328912258e-05 3.78333757646124e-06
17600 15240 -3978 6.31317358147917e-05 3.01163482367992e-05 -5.53731638714671e-05 3.42535875237081e-06
17600 15440 -3978 5.90706242520048e-05 3.14681251421571e-05 -4.98993623480201e-05 3.02479533523729e-06
17600 15640 -3978 5.54215811060349e-05 3.21873378604651e-05 -4.49925270974636e-05 2.64559948775059e-06
17600 15840 -3978 5.23037319338877e-05 3.22874076664448e-05 -4.12917376607656e-05 1.75667616621467e-06
17600 16040 -3978 4.9980844648028e-05 3.3458450384438e-05 -3.71002591177821e-05 1.41043348364337e-06
17600 16240 -3978 4.76226850338263e-05 3.36831411346793e-05 -3.36614614576101e-05 5.56063872923005e-07
17600 16440 -3978 4.60101065114077e-05 3.45188436061144e-05 -3.0419790148735e-05 -1.25317974063364e-07
17600 16640 -3978 4.46242985227819e-05 3.53332119211555e-05 -2.72730681672692e-05 -6.7258875633047e-07
17600 16840 -3978 4.33468348666399e-05 3.57572916597128e-05 -2.43977128490806e-05 -1.4353569930463e-06
17600 17040 -3978 4.23424690234041e-05 3.61443118900061e-05 -2.21117209866643e-05 -2.16664586782463e-06
17800 17040 -3978 4.37261846695512e-05 3.72824374809861e-05 -2.2578840084374e-05 -3.46652368280047e-06
17800 16840 -3978 4.42995790517585e-05 3.63923766613007e-05 -2.50294363237917e-05 -3.18973658463801e-06
17800 16640 -3978 4.54578371937141e-05 3.61347984299064e-05 -2.74613776765764e-05 -2.72270501327876e-06
17800 16440 -3978 4.71385063374848e-05 3.56728314682841e-05 -3.07308699861169e-05 -2.25865107107529e-06
17800 16240 -3978 4.85621464932702e-05 3.46889448538422e-05 -3.39619863405824e-05 -2.04387965923343e-06
17800 16040 -3978 5.05851050126755e-05 3.39769022241235e-05 -3.7387785486877e-05 -1.50973497555242e-06
17800 15840 -3978 5.32004223477618e-05 3.34645872041583e-05 -4.13376889750362e-05 -1.34799457458485e-06
17800 15640 -3978 5.6138697026409e-05 3.32417323812842e-05 -4.52345838919282e-05 -6.18000957073491e-07
17800 15440 -3978 5.96108478638125e-05 3.21569662615657e-05 -5.0192041926086e-05 -3.76339188973361e-07
17800 15240 -3978 6.38751295902149e-05 3.19895206913352e-05 -5.52712848484516e-05 5.60561933871213e-08
17800 15040 -3978 6.83430501308368e-05 3.09455861747265e-05 -6.10328495055437e-05 -2.11658688567694e-09
18000 15040 -3978 6.91497920627135e-05 3.21853824704885e-05 -6.10764363408089e-05 -3.92429289763641e-06
18000 15240 -3978 6.50256844470588e-05 3.33434021398425e-05 -5.57292510792613e-05 -3.24613098718692e-06
18000 15440 -3978 6.10053127958399e-05 3.32760186940432e-05 -5.09897155836225e-05 -3.79521723926882e-06
18000 15640 -3978 5.74773418489885e-05 3.40100244358182e-05 -4.63317851349712e-05 -3.24657426224439e-06
18000 15840 -3978 5.44430075267804e-05 3.45781710371375e-05 -4.19641611278057e-05 -3.61869085905073e-06
18000 16040 -3978 5.19512901561264e-05 3.51284905150533e-05 -3.80810135230422e-05 -3.90179007078405e-06
18000 16240 -3978 5.00137190814911e-05 3.57101219817996e-05 -3.48016870990396e-05 -3.9349682479442e-06
18000 16440 -3978 4.8017380229865e-05 3.60423797369003e-05 -3.14202800393105e-05 -4.40246173087508e-06
18000 16640 -3978 4.67516773024957e-05 3.66984965279699e-05 -2.85584899634123e-05 -4.81850221790955e-06
18000 16840 -3978 4.54927157393731e-05 3.72802150249481e-05 -2.56137260049582e-05 -5.04515028709284e-06
18000 17040 -3978 4.45742589250816e-05 3.7560435578227e-05 -2.33220662921667e-05 -5.65484452090459e-06
18200 17040 -3978 4.56630918718622e-05 3.83698183000088e-05 -2.3759042289108e-05 -7.01836208917666e-06
18200 16840 -3978 4.62783282757693e-05 3.770072606951e-05 -2.59571494981647e-05 -6.82387805881444e-06
18200 16640 -3978 4.77165189313592e-05 3.79308967068791e-05 -2.82857150360942e-05 -6.16697485285113e-06
18200 16440 -3978 4.9157844089631e-05 3.72391256690026e-05 -3.13534808456898e-05 -6.40537182736443e-06
18200 16240 -3978 5.08077058789159e-05 3.66430005282164e-05 -3.47238806337118e-05 -6.15863930387422e-06
18200 16040 -3978 5.2926485310027e-05 3.5895699903369e-05 -3.83555472269654e-05 -6.28080099995714e-06
18200 15840 -3978 5.51988425554959e-05 3.54450012743473e-05 -4.19111504107714e-05 -6.48671048670076e-06
18200 15640 -3978 5.81402757775582e-05 3.48608903288841e-05 -4.6055293224752e-05 -6.69705745112151e-06
18200 15440 -3978 6.16647307096568e-05 3.47073225080967e-05 -5.05357645079493e-05 -6.40566583292093e-06
18200 15240 -3978 6.54164185882573e-05 3.38875520825386e-05 -5.54882945120335e-05 -7.21046509686857e-06
18200 15040 -3978 6.99589598257208e-05 3.32036769837141e-05 -6.10590108633041e-05 -7.63090431364253e-06
18400 15040 -3978 7.04669719498798e-05 3.50352469086647e-05 -6.03261840492487e-05 -1.05223366119899e-05
18400 15240 -3978 6.63889497323791e-05 3.53052331581712e-05 -5.53012728244066e-05 -1.01641395296901e-05
18400 15440 -3978 6.26626752280086e-05 3.57606337592006e-05 -5.05513030514121e-05 -9.66551064327359e-06
18400 15640 -3978 5.92603896000057e-05 3.58462122008204e-05 -4.62721199393272e-05 -9.25925281643867e-06
18400 15840 -3978 5.63519293707255e-05 3.63728167191148e-05 -4.21137396171689e-05 -8.88934701067046e-06
18400 16040 -3978 5.40604477205991e-05 3.68545708209276e-05 -3.86297351792455e-05 -8.38925453322008e-06
18400 16240 -3978 5.18698756664674e-05 3.75972336828709e-05 -3.47900399938226e-05 -8.15440734336153e-06
18400 16440 -3978 5.01478225007249e-05 3.80009487643838e-05 -3.17490517087281e-05 -8.12514134316735e-06
18400 16640 -3978 4.86017864599149e-05 3.81511674448848e-05 -2.89103014171124e-05 -8.38539254153148e-06
18400 16840 -3978 4.75086387627364e-05 3.88901992589235e-05 -2.60238883122802e-05 -8.20855625547915e-06
18400 17040 -3978 4.65901478814268e-05 3.91077650412917e-05 -2.37228486388922e-05 -8.8270399030298e-06
18600 17040 -3978 4.73057553903422e-05 3.94155535101891e-05 -2.41125575527549e-05 -1.01166786109097e-05
18600 16840 -3978 4.82246918901292e-05 3.90355793610215e-05 -2.63030177094042e-05 -1.04438785458915e-05
18600 16640 -3978 4.91692147403971e-05 3.88405931219459e-05 -2.8441375143826e-05 -1.01453988924623e-05
18600 16440 -3978 5.08890982277917e-05 3.87131862267852e-05 -3.1411686912179e-05 -1.02125146726612e-05
18600 16240 -3978 5.27944228501949e-05 3.82282358109951e-05 -3.47371854186058e-05 -1.04715777351521e-05
18600 16040 -3978 5.46102580653353e-05 3.77462559342384e-05 -3.80085476338863e-05 -1.08154034810141e-05
18600 15840 -3978 5.69349633963352e-05 3.71572681069374e-05 -4.15748935490847e-05 -1.14969097021967e-05
18600 15640 -3978 5.99325542329981e-05 3.71053995639086e-05 -4.55660449415445e-05 -1.17095405142754e-05
18600 15440 -3978 6.29689747933988e-05 3.644130756706e-05 -4.97711735218764e-05 -1.26360736880451e-05
18600 15240 -3978 6.67850469793576e-05 3.62458874210715e-05 -5.45681083053351e-05 -1.29922939110547e-05
18600 15040 -3978 7.08950277726277e-05 3.59893694445491e-05 -5.94508394151926e-05 -1.43147982303053e-05
18800 15040 -3978 7.13016957768403e-05 3.6499761171639e-05 -5.87065995633602e-05 -1.73510012235492e-05
18800 15240 -3978 6.73834403632728e-05 3.68966366127133e-05 -5.3880227945745e-05 -1.64277278054506e-05
18800 15440 -3978 6.38599134801617e-05 3.78677130788565e-05 -4.92023710086942e-05 -1.50328944977373e-05
18800 15640 -3978 6.08862068876596e-05 3.79725163429976e-05 -4.53845408931375e-05 -1.4333933154121e-05
18800 15840 -3978 5.78806319260231e-05 3.81783455833793e-05 -4.14665043726563e-05 -1.35468443003483e-05
18800 16040 -3978 5.58592859652982e-05 3.87432808578014e-05 -3.79820665121079e-05 -1.29424774628133e-05
18800 16240 -3978 5.36559793229459e-05 3.87059151157737e-05 -3.4840602889657e-05 -1.2918456600979e-05
18800 16440 -3978 5.18956082993722e-05 3.90690998733044e-05 -3.17892378345132e-05 -1.269589040149e-05
18800 16640 -3978 5.04277139850656e-05 3.94537266120315e-05 -2.89222028665245e-05 -1.22418942786753e-05
18800 16840 -3978 4.91045827508131e-05 3.97997556403279e-05 -2.63480744212866e-05 -1.18675837870687e-05
18800 17040 -3978 4.83302334228363e-05 4.03064514473081e-05 -2.3937750287354e-05 -1.17910577720031e-05
19000 17040 -3978 4.90060852648578e-05 4.06247473657131e-05 -2.39938872903585e-05 -1.31294861030765e-05
19000 16840 -3978 5.00333894074135e-05 4.046797940135e-05 -2.60982925519347e-05 -1.37403679657727e-05
19000 16640 -3978 5.10477441867386e-05 3.99621914699674e-05 -2.85833368040621e-05 -1.38523751255125e-05
19000 16440 -3978 5.27539733422607e-05 4.00508542954922e-05 -3.13017543554306e-05 -1.41172139309347e-05
19000 16240 -3978 5.44316200965661e-05 3.956105928123e-05 -3.43090115636587e-05 -1.48522100578994e-05
19000 16040 -3978 5.62773535618471e-05 3.93104273304343e-05 -3.73491522148252e-05 -1.52829633839428e-05
19000 15840 -3978 5.82894439707844e-05 3.85129711329937e-05 -4.06446916013956e-05 -1.61951169651002e-05
19000 15640 -3978 6.09828046566765e-05 3.8562491029501e-05 -4.41622569486499e-05 -1.65716242268682e-05
19000 15440 -3978 6.4114833590808e-05 3.84315272271633e-05 -4.81641483381391e-05 -1.76171223074198e-05
19000 15240 -3978 6.77521734041327e-05 3.80333475470543e-05 -5.2746812582016e-05 -1.90156577005982e-05
19000 15040 -3978 7.12585805263623e-05 3.74941043704748e-05 -5.7260816514492e-05 -2.03322586789727e-05
