# amount of points in x direction: 66 (distance of 200 steps)
# amount of points in y direction: 15 (distance of 200 steps)
# abs. coordinates of point 1: P1 (, , ) (offsets not corrected)
# Offsets of the hall probe have already been corrected for all following coordinates.
#
# X (absolute in steps=10um) Y (absolute in steps=10um) Z (absolute in steps=10um) Babs(in T) Bx By Bz
6000 7040 -2578 0.000393619798893072 -0.000108673068881035 -0.000145791277945042 -0.0003491203671
6000 7240 -2578 0.000410194800863854 -0.000116769569993019 -0.000130237545132637 -0.000371147002816200
6000 7440 -2578 0.000425521112018255 -0.000124389164417982 -0.000111894725769758 -0.000391248160243034
6000 7640 -2578 0.000438946364017800 -0.000131316637396812 -9.06501045972109e-05 -0.000408846669435501
6000 7840 -2578 0.000449697810460996 -0.000136777495175600 -6.70858904123306e-05 -0.0004229155184
6000 8040 -2578 0.000458270516618880 -0.000141584576725960 -4.20345703735948e-05 -0.000433650335311890
6000 8240 -2578 0.000464066307519135 -0.000144523317217827 -1.54788464661688e-05 -0.000440687331676483
6000 8440 -2578 0.000466826433497049 -0.000146378113865852 1.20012234644964e-05 -0.000443271868824959
6000 8640 -2578 0.000466523590298557 -0.000146817546665669 3.95255881100893e-05 -0.000441182405948639
6000 8840 -2578 0.000462502631722407 -0.000145616910129786 6.63873094171286e-05 -0.000433932166337967
6000 9040 -2578 0.000456042800953780 -0.000143059312134981 9.20239817649126e-05 -0.000423034898996353
6000 9240 -2578 0.000445998339338741 -0.000138813850969076 0.000115784376770258 -0.000407790176510811
6000 9440 -2578 0.000434082784233913 -0.000133542624056339 0.000136573286890984 -0.000389724167346954
6000 9640 -2578 0.000419788743043122 -0.0001276263203 0.000154914029538631 -0.0003686946631
6000 9840 -2578 0.000403223573245152 -0.000120240727543831 0.000170343991369009 -0.000345120841324329
6200 9840 -2578 0.000448594192247322 -0.000147250167876482 0.000195276697158813 -0.000376208175778389
6200 9640 -2578 0.000467157784962103 -0.000155847174465656 0.0001784663203 -0.000402460501968861
6200 9440 -2578 0.000484030421684945 -0.000163496091783047 0.000158591581195593 -0.000426922706842422
6200 9240 -2578 0.0004981936275 -0.0001696962859 0.000134743172943592 -0.000448602650880814
6200 9040 -2578 0.000510861402593677 -0.000175484996378422 0.000107294248998165 -0.000467639247655869
6200 8840 -2578 0.000518891725927852 -0.000178639618963003 7.86021988093853e-05 -0.000480772484660149
6200 8640 -2578 0.000523850143450677 -0.000180311871260405 4.67873675748706e-05 -0.000489537835121155
6200 8440 -2578 0.000524524006252068 -0.000180062283635139 1.49815779514611e-05 -0.000492375104784965
6200 8240 -2578 0.0005212637604 -0.000178027116894722 -1.74096545223147e-05 -0.000489735797524452
6200 8040 -2578 0.000514409616532347 -0.000174354436963797 -4.80576869025826e-05 -0.000481568523287773
6200 7840 -2578 0.000504367950689041 -0.000168867751091719 -7.73114526122809e-05 -0.000468928194522858
6200 7640 -2578 0.000490989006165679 -0.000161546948581934 -0.000104251529112458 -0.000451772986769676
6200 7440 -2578 0.000475153334118320 -0.000153644852310419 -0.000129364589631557 -0.000430531024217606
6200 7240 -2578 0.000455913768452042 -0.000143938969999552 -0.000150584083586931 -0.000405555031180382
6200 7040 -2578 0.000436203974788253 -0.000133852912157774 -0.000169262301445007 -0.000379148911654949
6400 7040 -2578 0.000484842327793253 -0.000163228933364153 -0.000196336043477058 -0.000412165690183640
6400 7240 -2578 0.000509641303536306 -0.000176178540498018 -0.000177040206253529 -0.0004441543349
6400 7440 -2578 0.000531398163530492 -0.000187507842391729 -0.000153495487183332 -0.000473042808651924
6400 7640 -2578 0.000551555099683282 -0.000197915785014629 -0.000125365677297115 -0.000499312825560570
6400 7840 -2578 0.000567525476634754 -0.000206447735756636 -9.39446756541729e-05 -0.000520234919667244
6400 8040 -2578 0.000580057609366394 -0.000213548794746399 -6.01679786369204e-05 -0.000535951076865196
6400 8240 -2578 0.000588907040791539 -0.0002179890989 -2.37123210430145e-05 -0.000546451408624649
6400 8440 -2578 0.000593442583598947 -0.000220954948663712 1.37534889942035e-05 -0.000550642480492592
6400 8640 -2578 0.000592606966336819 -0.000220911279141903 5.07005024626851e-05 -0.000547642639398575
6400 8840 -2578 0.000587422920865112 -0.000219340870320797 8.74096612632275e-05 -0.000537736062169075
6400 9040 -2578 0.000577670410979313 -0.000215106842339039 0.000121680418461561 -0.000522091230511665
6400 9240 -2578 0.000563572907952089 -0.000208719773888588 0.000153635483056307 -0.000500436644196510
6400 9440 -2578 0.000546354133684030 -0.000200755210071802 0.000181133066773415 -0.000474538323760033
6400 9640 -2578 0.000525371865019219 -0.000191086889952421 0.000204867569565773 -0.000444487902283669
6400 9840 -2578 0.000501348425929528 -0.000179666646450758 0.000224580723643303 -0.0004108247658
6600 9840 -2578 0.000562413863469166 -0.000217737716138363 0.0002593561365 -0.000449036786079407
6600 9640 -2578 0.000589588242718562 -0.000231314406514168 0.000238690710723400 -0.000486957378625870
6600 9440 -2578 0.000614770809650301 -0.000243141841173172 0.000211943850934505 -0.000523330682158470
6600 9240 -2578 0.0006356621121 -0.000252886295437813 0.000181125774681568 -0.000554454192280769
6600 9040 -2578 0.000653694439279786 -0.000261498479664326 0.000143470364451408 -0.000581589801430702
6600 8840 -2578 0.000664732364756103 -0.000266690277814865 0.000104161417111754 -0.000599913170099258
6600 8640 -2578 0.000672296003591109 -0.000269475561439991 6.10888539850712e-05 -0.000612832085251808
6600 8440 -2578 0.000672798782250426 -0.000269084376513958 1.75607776083052e-05 -0.000616425322175026
6600 8240 -2578 0.000668629785459489 -0.000266361682116985 -2.80906285680831e-05 -0.000612714626550674
6600 8040 -2578 0.000657598713018607 -0.0002605947985 -7.02407142370939e-05 -0.0005996358664
6600 7840 -2578 0.000642614233182752 -0.000252311639785767 -0.000109608266979456 -0.0005807563318
6600 7640 -2578 0.000623423733035097 -0.000241929588019848 -0.000145953557521105 -0.000555830144524574
6600 7440 -2578 0.000599159365134583 -0.000228635589540005 -0.000178939573526382 -0.000524150130033493
6600 7240 -2578 0.0005719149338 -0.000214729172348976 -0.000206845452487469 -0.000488064956068993
6600 7040 -2578 0.000542191444643933 -0.000198992730110884 -0.000229595071673393 -0.000449173148155212
6800 7040 -2578 0.0006085003895 -0.0002411547088 -0.000269116039931774 -0.000489599811434746
6800 7240 -2578 0.000643936038466280 -0.000260134356081486 -0.000244777493238449 -0.000535787007331848
6800 7440 -2578 0.000676876010111484 -0.000277944720149040 -0.000214287961244583 -0.000578981607437134
6800 7640 -2578 0.000705950491964372 -0.000293548608720303 -0.000176128237932920 -0.000617518997073174
6800 7840 -2578 0.000730407603026871 -0.000306651674091816 -0.000133659183532000 -0.000649411199569702
6800 8040 -2578 0.000749715048632574 -0.000317680917084217 -8.69721086472273e-05 -0.000673488931894302
6800 8240 -2578 0.000762704821763632 -0.000324470516681671 -3.6478582650423e-05 -0.000689439906
6800 8440 -2578 0.000769072024233705 -0.0003286779375 1.49608489908278e-05 -0.000695257393121719
6800 8640 -2578 0.000768916760463171 -0.000329002104043961 6.63579418808222e-05 -0.000691889465451240
6800 8840 -2578 0.0007606317057 -0.000325964592337608 0.000117313902527094 -0.000676986117959023
6800 9040 -2578 0.000747199592986440 -0.000319673416733742 0.000164580795019865 -0.000655003282666206
6800 9240 -2578 0.000725940912979872 -0.000309271987438202 0.000208398409843445 -0.000622769970893860
6800 9440 -2578 0.000700161846814670 -0.000296954706966877 0.000245483924210072 -0.000584714327096939
6800 9640 -2578 0.000670339019382935 -0.000282338497221470 0.000276275121271610 -0.000541528562068939
6800 9840 -2578 0.000635121675221477 -0.000264402757763863 0.000300855155944824 -0.000492841839194298
7000 9840 -2578 0.000719253498972491 -0.000319776582539082 0.000351116311132908 -0.0005401720736
7000 9640 -2578 0.000757897707339359 -0.000339820663154125 0.000325300393044949 -0.000594564612030983
7000 9440 -2578 0.000795482779113439 -0.000358792553067207 0.000290211317598820 -0.000647928244948387
7000 9240 -2578 0.000827144442218147 -0.000374395946443081 0.000247915816545486 -0.000694658860683441
7000 9040 -2578 0.000853641450779022 -0.000387494155347347 0.000196851043611765 -0.000734755347251892
7000 8840 -2578 0.0008701549011 -0.000395615213215351 0.000142088000148535 -0.000761901413679123
7000 8640 -2578 0.000881443977933581 -0.000400510158240795 8.00062680989504e-05 -0.000781110809326172
7000 8440 -2578 0.000881916407331022 -0.000399660255432129 2.04263059869409e-05 -0.0007859797337
7000 8240 -2578 0.000874864202915932 -0.000395381155312061 -4.36047630533576e-05 -0.000779324256777763
7000 8040 -2578 0.000858962627020431 -0.000386949022948742 -0.000102738729149103 -0.0007597875837
7000 7840 -2578 0.000835700460479679 -0.000374112598240376 -0.000157495117396116 -0.000730366230010986
7000 7640 -2578 0.000806525148938261 -0.000357584474265575 -0.0002082250548 -0.000692311544418335
7000 7440 -2578 0.000771025277228675 -0.000338186872 -0.000252424043297768 -0.000645284216523171
7000 7240 -2578 0.0007300516746 -0.000315817774236202 -0.000288751155674458 -0.000591752287745476
7000 7040 -2578 0.000685742615580225 -0.000291528834879398 -0.000316780913114548 -0.000533692051053047
7200 7040 -2578 0.000776800756545776 -0.000352031026 -0.000375255579352379 -0.000582010109663010
7200 7240 -2578 0.000829963668156987 -0.000381931118965149 -0.000345325582444668 -0.000651145912766457
7200 7440 -2578 0.000879623171577766 -0.000409762638330460 -0.000305182946383953 -0.000716027145743370
7200 7640 -2578 0.000924444667288392 -0.000434828688859940 -0.000253779019296169 -0.000775378097534180
7200 7840 -2578 0.000960354343128005 -0.000454951059460640 -0.000193609512090683 -0.000823355434417724
7200 8040 -2578 0.000989601198695463 -0.000471426764965057 -0.000128625787794590 -0.000860357405185700
7200 8240 -2578 0.00100972076028996 -0.000482295924782753 -5.75461297482252e-05 -0.000885269180297851
7200 8440 -2578 0.00101971789649429 -0.000488484891414642 1.59302591588348e-05 -0.000894959957838058
7200 8640 -2578 0.00101933196919137 -0.000489200246214867 8.90221115350723e-05 -0.000889864533185959
7200 8840 -2578 0.00100753807015871 -0.000484134716629982 0.000161158286422491 -0.000868711096286774
7200 9040 -2578 0.000986310039859456 -0.000473363128185272 0.000228329163789749 -0.000834754487276077
7200 9240 -2578 0.000955598278421361 -0.000458135297417641 0.000288713537454605 -0.000787352914690971
7200 9440 -2578 0.000916790238544849 -0.000438315411567688 0.000339692803859711 -0.000729916903853416
7200 9640 -2578 0.000870674096838647 -0.000414200052142143 0.000380928618848324 -0.000664349369287491
7200 9840 -2578 0.000818874875858683 -0.000386928042531014 0.000411832670331001 -0.000592782578945160
7400 9840 -2578 0.000937380913758246 -0.000468510966420173 0.0004858644582 -0.000650389739751816
7400 9640 -2578 0.000997191999533022 -0.000501129181385040 0.000452444965124130 -0.000733863053321838
7400 9440 -2578 0.00105272606059949 -0.000530307092428207 0.000406197346210480 -0.000813607357025147
7400 9240 -2578 0.00110087315613446 -0.000555610392928124 0.000347254792392254 -0.000884761880159378
7400 9040 -2578 0.00114020988692935 -0.000575691662788391 0.000275876463353634 -0.000944569584131241
7400 8840 -2578 0.00116512547555943 -0.000588423744320870 0.000197654292494059 -0.000986087776184082
7400 8640 -2578 0.00118164790182368 -0.000595923381567001 0.000110071658283472 -0.00101442166638374
7400 8440 -2578 0.00118228785652835 -0.000595363319277764 2.39522396177053e-05 -0.00102119379067421
7400 8240 -2578 0.00117215239094539 -0.000588877761125565 -6.84271207898855e-05 -0.0010111418972
7400 8040 -2578 0.0011472128489 -0.000575459116816521 -0.000152631703495979 -0.000980539565324783
7400 7840 -2578 0.00111233363574727 -0.000555717552423477 -0.000231175879180431 -0.000935308645248413
7400 7640 -2578 0.00106804398818366 -0.000530107445597649 -0.000301013482868671 -0.000877018243074417
7400 7440 -2578 0.00101346773164253 -0.000499433441996574 -0.000363043654441834 -0.0008036680814
7400 7240 -2578 0.000951684851265837 -0.000464462859988213 -0.000411542844176292 -0.000721488382577896
7400 7040 -2578 0.000884982787448257 -0.0004259174335 -0.000447046184539795 -0.000633691433668137
7600 7040 -2578 0.00101488343654689 -0.000516563389658928 -0.0005358597685 -0.000690061969757080
7600 7240 -2578 0.00109609965588901 -0.000564651542544365 -0.000497609125971794 -0.000796946939229965
7600 7440 -2578 0.00117139896862200 -0.000608218366384506 -0.000443991408586502 -0.000897283451080322
7600 7640 -2578 0.00123955716541804 -0.000647113986492157 -0.000372104307293892 -0.000989595631837845
7600 7840 -2578 0.00129504005553531 -0.000678923470854759 -0.0002871970632 -0.00106482124757767
7600 8040 -2578 0.0013388678926 -0.000703956951141357 -0.000192661092549562 -0.00112247342729568
7600 8240 -2578 0.00137009891178776 -0.000721047766685486 -8.99095651805401e-05 -0.00116154096627235
7600 8440 -2578 0.00138538718132876 -0.000730177224159241 1.75993912164122e-05 -0.00117703293228149
7600 8640 -2578 0.00138523070691803 -0.000731044116973877 0.000123406400829554 -0.00116997512269020
7600 8840 -2578 0.00136680709677616 -0.000722917265295983 0.000227630007445812 -0.0011374630413
7600 9040 -2578 0.00133586867396503 -0.000706935841679573 0.000324165750026703 -0.0010861123979
7600 9240 -2578 0.00128883342336056 -0.0006825137819 0.000410322478771210 -0.00101336172914505
7600 9440 -2578 0.00122975161426769 -0.000651517323255539 0.0004815436474 -0.000925283354520798
7600 9640 -2578 0.00116045463523169 -0.000613767923355102 0.000537596000671387 -0.000825047412157059
7600 9840 -2578 0.00108083562121911 -0.000569712740182877 0.000576831013321877 -0.000714761254072189
7800 9840 -2578 0.00125397995644951 -0.000693944509387016 0.000689610910654068 -0.000784405432581901
7800 9640 -2578 0.00134605455557936 -0.000746107488870621 0.000647081809997558 -0.000914588220357895
7800 9440 -2578 0.00143198774514557 -0.000793387421250344 0.000582944810628891 -0.0010399331603
7800 9240 -2578 0.0015043213533 -0.0008317435708 0.000500072382450104 -0.00114959051227570
7800 9040 -2578 0.00156459258576794 -0.000863285060167313 0.000396873994112015 -0.00124292321777344
7800 8840 -2578 0.0016023883832 -0.000882902380228043 0.0002825843448 -0.00130709009408951
7800 8640 -2578 0.00162629964746519 -0.000893688754081726 0.0001550219376 -0.00134986634635925
7800 8440 -2578 0.00162808376757039 -0.000893887423515320 2.78366792462766e-05 -0.00136036261439323
7800 8240 -2578 0.0016117136521 -0.000883763802766800 -0.000107041876241565 -0.00134345026946068
7800 8040 -2578 0.00157419291334314 -0.000863409028291702 -0.000230820617675781 -0.00129573336553574
7800 7840 -2578 0.00152084922927230 -0.000833224302530289 -0.000345426995217800 -0.0012244753828
7800 7640 -2578 0.00145263802424100 -0.000793959775567055 -0.000446733261466026 -0.00113178607678413
7800 7440 -2578 0.00136993604309242 -0.0007460698564 -0.000534362607121468 -0.00101668489193916
7800 7240 -2578 0.00127496734019750 -0.0006906033132 -0.000600899677157402 -0.000887427946567536
7800 7040 -2578 0.0011720654444 -0.000628510666012764 -0.000645609629154205 -0.000749551679611206
8000 7040 -2578 0.00136531195802895 -0.000768172242283821 -0.0007848955655 -0.000811075200796127
8000 7240 -2578 0.0014905566391 -0.000845168014049530 -0.000736958617210388 -0.000982101269721985
8000 7440 -2578 0.00160705534512578 -0.000914235923528671 -0.000660894019961357 -0.00114474414491653
8000 7640 -2578 0.00171161874135276 -0.000974927259683609 -0.000556988220453262 -0.00129153997254372
8000 7840 -2578 0.00179703362889561 -0.00102356441068649 -0.000433416995167732 -0.00141195229291916
8000 8040 -2578 0.00186370921784715 -0.00106112078571320 -0.000293593099415302 -0.00150367056322098
8000 8240 -2578 0.00191024590678634 -0.00108655058431625 -0.000141318849921226 -0.00156468245649338
8000 8440 -2578 0.00193347632758473 -0.0011001873424 1.7007543893531e-05 -0.00158997142076492
8000 8640 -2578 0.00193319245751543 -0.00110095992875099 0.000174679036229849 -0.00157964081978798
8000 8840 -2578 0.00190587962397809 -0.00108904762887955 0.000329178659558296 -0.00152896984815598
8000 9040 -2578 0.00185950173797112 -0.00106510223698616 0.000470981879591942 -0.00144969165039062
8000 9240 -2578 0.0017883910909 -0.00102798349285126 0.000598028540492058 -0.00133516192221642
8000 9440 -2578 0.00169807839873355 -0.000979945242643356 0.000701427866935730 -0.00119606044101715
8000 9640 -2578 0.00159223730823865 -0.000921548952341080 0.000779852160334587 -0.00103866588902473
8000 9840 -2578 0.00146889304434176 -0.000850858752727509 0.000830486618757248 -0.000862541671276093
8200 9840 -2578 0.00173897893075439 -0.00104963735628128 0.0010107250092 -0.000948888139724732
8200 9640 -2578 0.00188258738842831 -0.00113247765636444 0.000954437811136246 -0.0011623472774
8200 9440 -2578 0.00201406113163783 -0.00120485205531120 0.000862484860658646 -0.00136397630691528
8200 9240 -2578 0.00212468086947128 -0.00126319654989243 0.000739165605068207 -0.00153989453053474
8200 9040 -2578 0.0022135042929 -0.00130869173765183 0.000585350167870522 -0.00168650300073624
8200 8840 -2578 0.00227009641889117 -0.00133795929455757 0.0004134798789 -0.00178669425344467
8200 8640 -2578 0.00230561433184038 -0.00135383249092102 0.000223057292044163 -0.00185280215692520
8200 8440 -2578 0.00230767158587777 -0.00135337552762032 3.28561395257711e-05 -0.00186881756973267
8200 8240 -2578 0.00228345780144839 -0.00133931666851044 -0.000169649790346622 -0.00184135765695572
8200 8040 -2578 0.00222698752392004 -0.00130949206185341 -0.0003550702784 -0.00176604857444763
8200 7840 -2578 0.00214678600555171 -0.00126505392551422 -0.000526953304648399 -0.00165271382236481
8200 7640 -2578 0.0020446539407 -0.00120712634015083 -0.000677882047057152 -0.00150467227149010
8200 7440 -2578 0.00191773231615049 -0.00113384006619453 -0.000808043744325638 -0.00131857706522942
8200 7240 -2578 0.00176996449348875 -0.00104621913504601 -0.000904152966022491 -0.00110523651218414
8200 7040 -2578 0.00161055897894125 -0.000946955765247345 -0.000962945499420166 -0.000876942778587341
8400 7040 -2578 0.00192498450809685 -0.0011763989427 -0.00119336979103088 -0.000947375018596649
8400 7240 -2578 0.00212103214055564 -0.00129934028124809 -0.00112775328636169 -0.00124040476179123
8400 7440 -2578 0.00230026220019250 -0.00140538589239120 -0.00101427409744263 -0.00151235435509682
8400 7640 -2578 0.00245725525601841 -0.00149462354469299 -0.0008549038186 -0.00175271174669266
8400 7840 -2578 0.00258462205013451 -0.00156499669027329 -0.000667026519417763 -0.00194622611474991
8400 8040 -2578 0.00268179477221387 -0.00161729159641266 -0.000453720769166947 -0.00209058091354370
8400 8240 -2578 0.00275057789364123 -0.00165259037494659 -0.000222432954311371 -0.00218773560619354
8400 8440 -2578 0.00278343549771236 -0.00167089968872070 1.61512558734976e-05 -0.00222601571369171
8400 8640 -2578 0.00278380499086825 -0.00167283351278305 0.000253318221092224 -0.00221059687328339
8400 8840 -2578 0.00274481756253749 -0.00165667327547073 0.000487194299936295 -0.0021337199068
8400 9040 -2578 0.0026769221037 -0.00162325733852386 0.000703197269439698 -0.00200919385576248
8400 9240 -2578 0.00257311002827455 -0.00157169229292870 0.000895869274139404 -0.00182998118877411
8400 9440 -2578 0.00243993856894585 -0.00150279187226295 0.00105367376899719 -0.0016077053194
8400 9640 -2578 0.00227997561959145 -0.00141619510626793 0.00117126492953300 -0.00134877763748169
8400 9840 -2578 0.00208819862158402 -0.00130631115627289 0.00124244375014305 -0.00105399320316315
8600 9840 -2578 0.00254819588518378 -0.00163965883255005 0.00154956059765816 -0.00118526854634285
8600 9640 -2578 0.00276168643355424 -0.00175946674823761 0.00146330445671082 -0.00154597174692154
8600 9440 -2578 0.00295787587452941 -0.00186255338335037 0.00131617933869362 -0.00188369138813019
8600 9240 -2578 0.00311637946751223 -0.00194116871023178 0.00112103698444366 -0.00216514486122131
8600 9040 -2578 0.00324275342717847 -0.00200098018264771 0.000880561669588089 -0.00239502385044098
8600 8840 -2578 0.00332050124111618 -0.00203790393829346 0.000617341092944145 -0.00254794610118866
8600 8640 -2578 0.00337069190228834 -0.00205802716827393 0.000325433219015598 -0.00264951841068268
8600 8440 -2578 0.00337268776991656 -0.0020566658864 3.81186067163944e-05 -0.00267273214197159
8600 8240 -2578 0.00333896856489694 -0.00203851254415512 -0.000268080980956554 -0.00263071952581406
8600 8040 -2578 0.00325947176138849 -0.00199961081123352 -0.000549989167571068 -0.00251449945831299
8600 7840 -2578 0.00314565880742520 -0.00194148577785492 -0.000813829203367233 -0.00233740974903107
8600 7640 -2578 0.0029994282752 -0.00186302454662323 -0.00105325909638405 -0.00210083130121231
8600 7440 -2578 0.00281354393018224 -0.00176120215797424 -0.00125788351106644 -0.0017973755784
8600 7240 -2578 0.00259358663996795 -0.00163445191383362 -0.00141025043487549 -0.00143758928012848
8600 7040 -2578 0.00234820260325822 -0.00148056483507156 -0.00150035295653343 -0.00103448756957054
8800 7040 -2578 0.00293440721239823 -0.00188970546197891 -0.00191630038785934 -0.00116942369508743
8800 7240 -2578 0.00321993970836012 -0.00206604791069031 -0.00179522417879105 -0.00169651586246490
8800 7440 -2578 0.0034746145213 -0.00220760945558548 -0.0015980559175 -0.00215520680904389
8800 7640 -2578 0.00369091922389749 -0.00231962497758865 -0.00133562162327766 -0.0025419053502
8800 7840 -2578 0.00386224085308495 -0.00240569486236572 -0.00103060466313362 -0.00284100314712524
8800 8040 -2578 0.00399188450309454 -0.00246851557683945 -0.000703778233766556 -0.00305708591127396
8800 8240 -2578 0.00408354022026445 -0.00250992613649368 -0.000350883632421494 -0.00320194506454468
8800 8440 -2578 0.00412734604457371 -0.00253151654148102 1.16511321595026e-05 -0.00325965839385986
8800 8640 -2578 0.00412793246874104 -0.00253521830797195 0.000371579230785370 -0.00323639247226715
8800 8840 -2578 0.00407784236954076 -0.00251805784511566 0.000728424167633057 -0.00312340644741058
8800 9040 -2578 0.00398972050436224 -0.0024801520195 0.00106497661757469 -0.00293853974676132
8800 9240 -2578 0.00385093139694267 -0.00241886460447311 0.00137155584192276 -0.00266421150255203
8800 9440 -2578 0.0036711384583 -0.00233623617267609 0.00163028049421310 -0.00231597573947907
8800 9640 -2578 0.0034527491055 -0.00222795205926895 0.00183237826251984 -0.00189731108427048
8800 9840 -2578 0.00317959919652600 -0.00208055757474899 0.00196212517499924 -0.00138906363534927
9000 9840 -2578 0.00405051651168611 -0.00265436249303818 0.00252280260467529 -0.00173104326486588
9000 9640 -2578 0.0043140020555 -0.00278857307291031 0.00233059971237183 -0.0023247605195
9000 9440 -2578 0.00455516788412678 -0.0028991546688 0.00205516787958145 -0.00285000314283371
9000 9240 -2578 0.00474727067806885 -0.00297887645912170 0.00172311481952667 -0.00327004002761841
9000 9040 -2578 0.00489935192814955 -0.00303813039827347 0.00133800993728638 -0.00360340864181519
9000 8840 -2578 0.00499169340606371 -0.0030733938899 0.000927740828037262 -0.00382237491798401
9000 8640 -2578 0.00505405026933687 -0.00309240677881241 0.000480744464635849 -0.00396850176048279
9000 8440 -2578 0.00505459438939310 -0.00308852750205994 4.6616240657866e-05 -0.00400101632404327
9000 8240 -2578 0.00501516479875961 -0.0030701808896 -0.000416372308552265 -0.00394365034675598
9000 8040 -2578 0.00491738252418126 -0.00303026175785065 -0.000846320049762726 -0.00377859459972382
9000 7840 -2578 0.00477837351738105 -0.0029690947628 -0.00126012230443955 -0.00352637605762482
9000 7640 -2578 0.00459678714462027 -0.00288572590637207 -0.00163738592529297 -0.00318150992107391
9000 7440 -2578 0.00436550075085779 -0.00277532021474838 -0.00198911379432678 -0.00271952797889710
9000 7240 -2578 0.00408799375876487 -0.00263204243755341 -0.0022767792201 -0.00214574890995026
9000 7040 -2578 0.00377594774339433 -0.00244677965354919 -0.00248489775609970 -0.00144944290924072
9200 7040 -2578 0.00494356413003558 -0.00316810519313812 -0.00322135639286041 -0.0020051783452
9200 7240 -2578 0.00523026727011117 -0.00332860361194611 -0.00290097123384476 -0.00280262310409546
9200 7440 -2578 0.00550134355495320 -0.00345672591686249 -0.00251631595802307 -0.00346173926353454
9200 7640 -2578 0.00573915182978392 -0.00355791057205200 -0.00206262394905090 -0.00400249923992157
9200 7840 -2578 0.00593070099405215 -0.00363354575252533 -0.00157626903223991 -0.00441410743141174
9200 8040 -2578 0.00607351126524655 -0.00368850293636322 -0.00106337880659103 -0.00470679497432709
9200 8240 -2578 0.00617481375138856 -0.00372348098373413 -0.000530318894624710 -0.00489722126293182
9200 8440 -2578 0.00622368593454948 -0.00374397104549408 1.27409419944161e-05 -0.00497192414951324
9200 8640 -2578 0.00622653968909473 -0.00374969585418701 0.000549005725383759 -0.00494058924293518
9200 8840 -2578 0.00617053306679895 -0.00373945658302307 0.00108614629101753 -0.00478699434757233
9200 9040 -2578 0.0060770523782 -0.00371179453277588 0.00160092837476730 -0.00453770026206970
9200 9240 -2578 0.00592887423302099 -0.00366515400886536 0.00209120779275894 -0.00416473837471008
9200 9440 -2578 0.00573599261995028 -0.003597522192 0.00253511792469025 -0.0036792831459
9200 9640 -2578 0.00550477436177444 -0.00350459400749207 0.00292453738498688 -0.00307686668729782
9200 9840 -2578 0.00523151103719557 -0.00337565493869781 0.00324824054431915 -0.0023265797224
9400 9840 -2578 0.0067044881429 -0.00421702523326874 0.00410461815071106 -0.00321231525182724
9400 9640 -2578 0.00692215989842539 -0.00430642866611481 0.00366232703304291 -0.00399462867069245
9400 9440 -2578 0.00714563024218688 -0.00437851325035095 0.00314588382959366 -0.00468967473506927
9400 9240 -2578 0.00732784129212564 -0.0044243255701 0.00258700063276291 -0.00523756155776978
9400 9040 -2578 0.00747599311531015 -0.00445577271175385 0.00197574532842636 -0.00566856830787659
9400 8840 -2578 0.00756060585583346 -0.00447110099315643 0.0013568174324 -0.00594399612331390
9400 8640 -2578 0.00762332510492396 -0.00447653251361847 0.000696446911215782 -0.00613112583541870
9400 8440 -2578 0.00762058066031133 -0.00446803107261658 6.22614302560687e-05 -0.00617303571319580
9400 8240 -2578 0.00758391182351201 -0.0044554092741 -0.000612666434645653 -0.00610679208183289
9400 8040 -2578 0.00748533067975144 -0.00442975602245331 -0.00125122971272469 -0.00590246161842346
9400 7840 -2578 0.0073457727609 -0.00438930199146271 -0.00187849577188492 -0.00558360708141327
9400 7640 -2578 0.0071619083332 -0.00432928348255158 -0.00247277720117569 -0.00514240859794617
9400 7440 -2578 0.00693232919124231 -0.00424925201225281 -0.00306197772121430 -0.00454274059963226
9400 7240 -2578 0.00666854798194569 -0.00414420276737213 -0.0036005026741 -0.00378606615638733
9400 7040 -2578 0.00640380832197283 -0.00400869894504547 -0.00408047802257538 -0.00288116241312027
9600 7040 -2578 0.00811696950759919 -0.00494028839683533 -0.00503291092967987 -0.00401852611255646
9600 7240 -2578 0.00840979507556859 -0.00506489794063568 -0.00442819584941864 -0.00504523453807831
9600 7440 -2578 0.00867984751064357 -0.00514733840465546 -0.00375995417785644 -0.00589051276874542
9600 7640 -2578 0.00890249211691183 -0.00519833046054840 -0.0030297630496 -0.00656217561721802
9600 7840 -2578 0.00907644372351126 -0.00523090149688721 -0.0022857510209 -0.007056546072
9600 8040 -2578 0.00920395013378024 -0.00525142978096008 -0.00153278074479103 -0.00740223710632324
9600 8240 -2578 0.00929321350734364 -0.00526045444107056 -0.000760808198094368 -0.00762308342933655
9600 8440 -2578 0.00933533399723724 -0.0052708032751 9.21090728018317e-06 -0.00770489488792419
9600 8640 -2578 0.00933775253975465 -0.00527922771072388 0.0007792908914 -0.00766253910636902
9600 8840 -2578 0.00929203606966601 -0.00528975611019135 0.00155059599685669 -0.00748037877845764
9600 9040 -2578 0.00921719454682660 -0.00529348160839081 0.00231304031801224 -0.00718208578109741
9600 9240 -2578 0.0090922927882 -0.00529121420097351 0.00306203852844238 -0.0067298714714
9600 9440 -2578 0.00892483054701161 -0.00527791027641296 0.00377600024032593 -0.00612751265239716
9600 9640 -2578 0.00871922366276250 -0.00524277345466614 0.00444301083183289 -0.00536763857555389
9600 9840 -2578 0.00846138609929432 -0.00516726183509827 0.00505722862052918 -0.00439532689666748
9800 9840 -2578 0.0106052268978490 -0.00624945643997193 0.00616577697658539 -0.0059496887598
9800 9640 -2578 0.0108298198937282 -0.00626062789058685 0.00541122405147553 -0.00698630882835388
9800 9440 -2578 0.0110184206464704 -0.00624100555324554 0.00455711962413788 -0.00785483024024963
9800 9240 -2578 0.0111455476657745 -0.00620051891994476 0.00368364301204681 -0.00849733795547485
9800 9040 -2578 0.0112402486886429 -0.00615957337474823 0.0027753294816 -0.0089833397293
9800 8840 -2578 0.0112818549358358 -0.00612658655261994 0.00188961242818832 -0.00928292675971985
9800 8640 -2578 0.0113265967720332 -0.00610093044853210 0.000957097617387772 -0.00949488137054443
9800 8440 -2578 0.0113183283416437 -0.00608730308723450 7.65036195367575e-05 -0.00954171512794495
9800 8240 -2578 0.0113002504048498 -0.00608962195396424 -0.000847241667389870 -0.0094806417427
9800 8040 -2578 0.0112311348203 -0.00610411178779602 -0.00173884409284592 -0.00926616108512879
9800 7840 -2578 0.0111326544390640 -0.00611824693393707 -0.0026259454112 -0.00892230127334595
9800 7640 -2578 0.0109998048237995 -0.00612927136898041 -0.00352565014553070 -0.00842565359878540
9800 7440 -2578 0.0108098911223768 -0.00613390184974670 -0.00443804078388214 -0.00771521798515320
9800 7240 -2578 0.0105481869955958 -0.00610991507625580 -0.00531968705463409 -0.00675852002525330
9800 7040 -2578 0.0102179738948642 -0.00602332974815369 -0.0061350653038 -0.00551895019054413
10000 7040 -2578 0.0129581586458230 -0.00733289910697937 -0.00748007809448242 -0.00762829586982727
10000 7240 -2578 0.0132626198434969 -0.00730592486381531 -0.0064089081335 -0.00902531516456604
10000 7440 -2578 0.0134526553830575 -0.0072192800045 -0.00529604170799255 -0.0100400290832520
10000 7640 -2578 0.0135546001711 -0.00711699815559387 -0.00416824152565002 -0.0107554719734192
10000 7840 -2578 0.0136061055548307 -0.00702821929931641 -0.00308030020952225 -0.0112374436511993
10000 8040 -2578 0.0136421191521717 -0.00696288517951965 -0.00204961535263062 -0.0115509619445801
10000 8240 -2578 0.0136629666739887 -0.00691130891036987 -0.00101001489329338 -0.0117427379379272
10000 8440 -2578 0.0136749307360874 -0.00689498567199707 1.19351444438798e-05 -0.0118095436630249
10000 8640 -2578 0.0136817567768881 -0.00690889495658874 0.00103568544316292 -0.0117636625709534
10000 8840 -2578 0.0136762559819555 -0.0069616355648 0.0020827405796 -0.0115867738285
10000 9040 -2578 0.0136803912630176 -0.00703575831794739 0.00313248669528961 -0.0113073435268402
10000 9240 -2578 0.0136644817842941 -0.007141746315 0.00421997948265076 -0.0108583982448578
10000 9440 -2578 0.0136289878964930 -0.00726809537887573 0.00531145506858826 -0.0102328834152222
10000 9640 -2578 0.0135452562015893 -0.00739723883247376 0.00641387738323212 -0.00936241937828064
10000 9840 -2578 0.0133590176214766 -0.00750170882034302 0.00749706786918640 -0.00812421720886231
10200 9840 -2578 0.0169644378390977 -0.00888477198219299 0.00908569643783569 -0.0112384651203156
10200 9640 -2578 0.0168500375430510 -0.0085622875328 0.00765439787292480 -0.0123296772232
10200 9440 -2578 0.0167074141516 -0.00825805240631104 0.00620724650859833 -0.0131306832199
10200 9240 -2578 0.0165533847770830 -0.00801007117843628 0.00489450596141815 -0.0136341532745361
10200 9040 -2578 0.0164352852559908 -0.007814322546 0.00361158375167847 -0.0139998330688477
10200 8840 -2578 0.0163359331529124 -0.0076891104412 0.002432810009 -0.0142061300086975
10200 8640 -2578 0.0163014422515623 -0.00760240041351318 0.00123739585757256 -0.0143669544067383
10200 8440 -2578 0.0162819042874454 -0.00757995404434204 0.000119135236769915 -0.0144092646141
10200 8240 -2578 0.0163166112104 -0.00761212380599976 -0.00105379672813416 -0.0143935440635681
10200 8040 -2578 0.0163625130733516 -0.0077035611782 -0.00219616806793213 -0.0142676893692
10200 7840 -2578 0.0164414384933246 -0.00783716072845459 -0.0033805639553 -0.0140518963203430
10200 7640 -2578 0.0165368492222384 -0.00802278931045532 -0.00462275070858002 -0.0137015477142334
10200 7440 -2578 0.0166500212261924 -0.00827483943557739 -0.00600191264915466 -0.0131429098129272
10200 7240 -2578 0.0167198429581315 -0.00857307382392883 -0.00748019048881531 -0.0122516661186218
10200 7040 -2578 0.0166706755796649 -0.00887576911926270 -0.00904916259956360 -0.0108287724933624
10400 7040 -2578 0.0216663032462739 -0.0104716825332642 -0.0106850537738800 -0.0156715354881287
10400 7240 -2578 0.0210331037877911 -0.00974611700248718 -0.00857178456306458 -0.0165505428352356
10400 7440 -2578 0.0204568213048434 -0.00917312247085571 -0.00675101281738281 -0.0169930005455
10400 7640 -2578 0.0199748086293290 -0.00873962639427185 -0.00513266065311432 -0.0172123438835144
10400 7840 -2578 0.0196238259179918 -0.00843253409385681 -0.00371491718292237 -0.0173258853378296
10400 8040 -2578 0.0193744628425943 -0.00822670915222168 -0.00241207259178162 -0.0173749269943237
10400 8240 -2578 0.0192173012666640 -0.00808851915359497 -0.00115912566375732 -0.0173935492401123
10400 8440 -2578 0.0191489329317134 -0.00803845711708069 5.43012969689444e-05 -0.0173797849464417
10400 8640 -2578 0.0191677965192105 -0.00805942263031006 0.00127342420625687 -0.0173445520362854
10400 8840 -2578 0.0192752268757838 -0.00817177070236206 0.00252000842714310 -0.0172744346427917
10400 9040 -2578 0.0194862822615967 -0.00834780281066895 0.00382844849395752 -0.0171864315032959
10400 9240 -2578 0.0198073897259440 -0.00862405326652527 0.00526018780326843 -0.0170382170486450
10400 9440 -2578 0.0202561732627953 -0.00900679055976868 0.006829044878 -0.0168102588043213
10400 9640 -2578 0.0208455861913545 -0.00951082585334778 0.00860787140655517 -0.0164294275093
10400 9840 -2578 0.0215790699572620 -0.0101804610080719 0.0107330091552734 -0.0157104101905823
10600 9840 -2578 0.0268060921859617 -0.0108973236999512 0.0118852362575531 -0.0214136313171387
10600 9640 -2578 0.0251306051252885 -0.0099961039257 0.00937752169036865 -0.0210635711898804
10600 9440 -2578 0.0239435105209254 -0.0093232874813 0.00729966188621521 -0.0208105641403198
10600 9240 -2578 0.0231269660082295 -0.00884730785179138 0.00559289459514618 -0.0206227619895935
10600 9040 -2578 0.0225644483799303 -0.00850390526962280 0.00404735904502869 -0.0205050696182251
10600 8840 -2578 0.0222069793616 -0.00830277892684937 0.00271703503847122 -0.0204164520683289
10600 8640 -2578 0.0220245656439264 -0.00816560330963135 0.00139958290553093 -0.0204069369659424
10600 8440 -2578 0.0219833121126925 -0.00813514854812622 0.000178731707543135 -0.0204220864067
10600 8240 -2578 0.0221082293123769 -0.00818672416114807 -0.00110386446261406 -0.0205065465126
10600 8040 -2578 0.0223594637409948 -0.00834154800605774 -0.00235755194377899 -0.0206112121963501
10600 7840 -2578 0.0227753705797978 -0.00858183881378174 -0.00369310082817078 -0.0207709064292908
10600 7640 -2578 0.0233862205381654 -0.00893703737449646 -0.00515288464546204 -0.0209893608245850
10600 7440 -2578 0.0243186773296950 -0.0094812584095 -0.00688835246849060 -0.0213063748397827
10600 7240 -2578 0.0256547348683298 -0.0102804913597107 -0.00899312812805175 -0.0217185596084595
10600 7040 -2578 0.0276450428610427 -0.0114793990516663 -0.0117153478641510 -0.0222531239929199
10800 7040 -2578 0.0324870200610475 -0.0108776539974213 -0.0110846827278137 -0.0285352135238647
10800 7240 -2578 0.0296727633022717 -0.00978171037673950 -0.00858029375267029 -0.0266672587509155
10800 7440 -2578 0.0278581200790518 -0.00905472645568848 -0.00664292967605591 -0.0254934758529663
10800 7640 -2578 0.0265847433402879 -0.00854967265129089 -0.00499006594181061 -0.0246704597282410
10800 7840 -2578 0.0257306366977221 -0.00820988632392883 -0.00357563109493256 -0.0241216697883606
10800 8040 -2578 0.0251631529359594 -0.0079867074337 -0.00229220847129822 -0.0237519864730835
10800 8240 -2578 0.0248077644646897 -0.00783848248863220 -0.00106463168811798 -0.0235127609901428
10800 8440 -2578 0.0246577638453372 -0.00778874578475952 0.000119488124325871 -0.0233952181930542
10800 8640 -2578 0.0246927976501996 -0.00781586933708191 0.0013142299273 -0.0233863527832
10800 8840 -2578 0.0249258700054723 -0.00793701457786560 0.00253496043157577 -0.0234921576156616
10800 9040 -2578 0.0253708605791727 -0.00812846441268921 0.00384473341655731 -0.0237238186683655
10800 9240 -2578 0.0260854758025991 -0.00843692157745361 0.0052912660799 -0.0241092476539612
10800 9440 -2578 0.0271420631334227 -0.00887473923301697 0.00692390829277039 -0.0246957934494
10800 9640 -2578 0.0286874153499246 -0.00948340261459351 0.00887802161788941 -0.0255757728385925
10800 9840 -2578 0.0310817160438244 -0.0103888797531128 0.0114582400035858 -0.0269598620071411
11000 9840 -2578 0.0333587450549876 -0.00870338377571106 0.00945706589317322 -0.0307834515151978
11000 9640 -2578 0.0312094101895468 -0.0082464359951 0.00778456367492676 -0.0290749863967895
11000 9440 -2578 0.0296104579263500 -0.00785365673255920 0.00623459623908997 -0.0278614883270264
11000 9240 -2578 0.0284871494791487 -0.00755516696739197 0.00487587803745270 -0.0270317526321411
11000 9040 -2578 0.0276939195570846 -0.00732356604576111 0.00359534314918518 -0.0264644851531982
11000 8840 -2578 0.0271990074432 -0.00718934702301025 0.00245565518379211 -0.0261161941986
11000 8640 -2578 0.0269268626177532 -0.00708173757553101 0.00130664499068260 -0.0259460517654419
11000 8440 -2578 0.0268713208986559 -0.00705440806198120 0.0002429962964 -0.0259276209945679
11000 8240 -2578 0.0270346173614532 -0.00707745888519287 -0.000856448542833328 -0.0260768842468262
11000 8040 -2578 0.0274040645612782 -0.00717670272827148 -0.00194217060995102 -0.0263767739028931
11000 7840 -2578 0.0280011964215 -0.00732577480697632 -0.0030677528553 -0.0268512626495361
11000 7640 -2578 0.0288861245640659 -0.00753306502532959 -0.00427591307353973 -0.0275548865432739
11000 7440 -2578 0.0301731873942929 -0.00783139844131470 -0.00561932408714294 -0.0285921953125
11000 7240 -2578 0.0320145249997978 -0.00823289808464050 -0.00713549306297302 -0.0301034509506226
11000 7040 -2578 0.0346300538164659 -0.00871896223068237 -0.00885319899177551 -0.0323300016021729
11200 7040 -2578 0.0351206701253737 -0.00629124201488495 -0.00636578715515137 -0.0339607304153442
11200 7240 -2578 0.0332366257438421 -0.00633536929512024 -0.00548311237335205 -0.0321610008773804
11200 7440 -2578 0.0317488404338515 -0.00627752781772613 -0.00451790159416199 -0.0307923704605103
11200 7640 -2578 0.0305871035250718 -0.00620229603481293 -0.00352296239185333 -0.0297417365188599
11200 7840 -2578 0.0297462971033229 -0.00613407854938507 -0.00256071156406403 -0.0289928333511353
11200 8040 -2578 0.0291724126592161 -0.00607767623043060 -0.00164179391145706 -0.0284854166336
11200 8240 -2578 0.0287983497694597 -0.00603487654685974 -0.000716079826712608 -0.0281503798217773
11200 8440 -2578 0.0286314779902598 -0.00602484793472290 0.000195044820755720 -0.0279894265670776
11200 8640 -2578 0.0286707777868261 -0.00604763363075256 0.00112122531795502 -0.0280034963836670
11200 8840 -2578 0.0289204006901839 -0.00610760636329651 0.00205824030923843 -0.0281928463897705
11200 9040 -2578 0.0293790688317177 -0.00617944078636169 0.00301490131855011 -0.0285625505905151
11200 9240 -2578 0.0300967036939359 -0.00628902671909333 0.00402237485218048 -0.0291561351470947
11200 9440 -2578 0.0310914649074 -0.00641215118598938 0.00504074300384521 -0.0300004882965
11200 9640 -2578 0.0323961052880275 -0.00652518414306641 0.00605298364448547 -0.0311529316711426
11200 9840 -2578 0.0341553174809667 -0.00660878251075745 0.00704686529159546 -0.0327618498611450
11400 9840 -2578 0.0343576369899514 -0.00474651844501495 0.00507475657653809 -0.0336479515914917
11400 9640 -2578 0.0331441395204554 -0.00491294753837585 0.00464423095703125 -0.0324473119049
11400 9440 -2578 0.0320849518119354 -0.00497925872707367 0.00401710112667084 -0.0314398834838867
11400 9240 -2578 0.0312532353475124 -0.00499315453052521 0.0033218176546 -0.0306725240859985
11400 9040 -2578 0.0306148666051 -0.00497662465763092 0.00255729712247849 -0.0300994332046509
11400 8840 -2578 0.0302005221206 -0.00496809998321533 0.00181704452705383 -0.0297337810897827
11400 8640 -2578 0.0299596078611102 -0.00493394342041016 0.00103658506321907 -0.0295322148208618
11400 8440 -2578 0.0299104467321381 -0.00491954544067383 0.000294353104352951 -0.0295014736633301
11400 8240 -2578 0.0300488997650754 -0.0049002882328 -0.000473647810935974 -0.0296428610305786
11400 8040 -2578 0.0303659144706636 -0.00489717301177978 -0.00120883392858505 -0.0299455203781128
11400 7840 -2578 0.0308633415736 -0.00488255449485779 -0.00193225725889206 -0.0304141079940796
11400 7640 -2578 0.0315542474729683 -0.00484322319221497 -0.00264255634975433 -0.0310655991287232
11400 7440 -2578 0.0324754945892348 -0.00476812333965301 -0.00332318178272247 -0.0319528153305
11400 7240 -2578 0.0336436684909677 -0.00461974815654755 -0.00392608156204224 -0.0330937695617676
11400 7040 -2578 0.0350200302815285 -0.00432862261581421 -0.0043525378971 -0.0344778328933716
11600 7040 -2578 0.0347819898715471 -0.00290401355361938 -0.0028966264472 -0.0345405121765137
11600 7240 -2578 0.0338247802523658 -0.0032289004116 -0.00272255314445496 -0.0335606708145142
11600 7440 -2578 0.0329695822709639 -0.00344246982002258 -0.00238602904987335 -0.0327027614364624
11600 7640 -2578 0.0322328319741308 -0.00359007141876221 -0.00193663620758057 -0.0319745019607544
11600 7840 -2578 0.0316540569534329 -0.00368898648357391 -0.00142618832015991 -0.0314065207519531
11600 8040 -2578 0.0312355480856461 -0.00374818460655212 -0.000891579370021820 -0.0309975866241455
11600 8240 -2578 0.0309526716210247 -0.00378294835853577 -0.000319982307791710 -0.0307181280212402
11600 8440 -2578 0.0308302190509659 -0.00380655011844635 0.000257957463324070 -0.0305933166732788
11600 8640 -2578 0.0308629230045 -0.00381874412155151 0.000848444318056106 -0.0306139582138
11600 8840 -2578 0.0310575354167741 -0.00382462238883972 0.00143164873409271 -0.0307878734512329
11600 9040 -2578 0.0314013657222479 -0.00380303660297394 0.00199747920179367 -0.0311053049926758
11600 9240 -2578 0.0319116578986309 -0.00376005180168152 0.00254478237676620 -0.0315867418899536
11600 9440 -2578 0.0325753647352968 -0.00367704585838318 0.00302286163377762 -0.0322247404403687
11600 9640 -2578 0.0333744830841107 -0.00353093181133270 0.00339633915519714 -0.0330131332931518
11600 9840 -2578 0.0343191836461356 -0.00329147201061249 0.00362094655799866 -0.0339685343246460
11800 9840 -2578 0.0342275369236311 -0.00219853813743591 0.00258582889699936 -0.0340591033325195
11800 9640 -2578 0.0335633233723165 -0.00243026608753204 0.00251594216537476 -0.0333810704803467
11800 9440 -2578 0.0329247446672432 -0.00259602381706238 0.0022971694355 -0.0327417868652344
11800 9240 -2578 0.0323899735746852 -0.00270602119874954 0.0019916755867 -0.0322149274139404
11800 9040 -2578 0.0319537925146 -0.00277169502735138 0.00160411530709267 -0.0317926525115967
11800 8840 -2578 0.0316637952939333 -0.00281618857049942 0.00120393142557144 -0.0315153226776123
11800 8640 -2578 0.0314849774444509 -0.00282194800329208 0.000755463108778000 -0.0313491382827759
11800 8440 -2578 0.0314465469216943 -0.00281524972581863 0.000321440277993679 -0.0313186877365112
11800 8240 -2578 0.0315455476267276 -0.00278341129207611 -0.000131815708249807 -0.0314223689575195
11800 8040 -2578 0.0317729807077448 -0.00274180365467071 -0.000546210987210274 -0.0316506947860718
11800 7840 -2578 0.0321164590859925 -0.00267043648481369 -0.000938469051599503 -0.0319917885818481
11800 7640 -2578 0.0325710252800267 -0.00256230055236816 -0.00129094116687775 -0.0324431213760376
11800 7440 -2578 0.0331475257974838 -0.00240662159156799 -0.00158924871706963 -0.0330225070800781
11800 7240 -2578 0.0338217551354783 -0.00218876065778732 -0.00179453946113586 -0.0337048233718872
11800 7040 -2578 0.0345460272261 -0.00188845934963226 -0.00186092508125305 -0.0344440214614868
12000 7040 -2578 0.0343527954660787 -0.00115502796816826 -0.00111444052505493 -0.0343160590591431
12000 7240 -2578 0.0338130924880842 -0.00137629031229019 -0.00110075047397614 -0.0337671348648
12000 7440 -2578 0.0332959364677802 -0.00154682459115982 -0.000992876746892929 -0.0332446871414185
12000 7640 -2578 0.0328256601028369 -0.00168460733938217 -0.000806096133232117 -0.0327714785003662
12000 7840 -2578 0.0324405255814734 -0.00178145168018341 -0.0005737667104 -0.0323874787750244
12000 8040 -2578 0.0321482089459281 -0.00185010708332062 -0.0003069806779 -0.0320935445785522
12000 8240 -2578 0.0319481390192220 -0.00189408891725540 -1.15135657823266e-05 -0.0318919406967163
12000 8440 -2578 0.0318618026663832 -0.00191878138208389 0.0002937560355 -0.0318029982147217
12000 8640 -2578 0.0318882796963896 -0.00192429073905945 0.000606210384726524 -0.0318245690689
12000 8840 -2578 0.0320296712118130 -0.00191346211671829 0.000912389172554016 -0.0319601201019287
12000 9040 -2578 0.0322741355932555 -0.00187396749019623 0.0011991256535 -0.0321973628082275
12000 9240 -2578 0.0326298041139858 -0.00181001443433762 0.00145971731472015 -0.0325471954269409
12000 9440 -2578 0.0330656046768290 -0.00171208498811722 0.00166167952823639 -0.0329795129623413
12000 9640 -2578 0.0335640198690220 -0.00157167040991783 0.00179094770717621 -0.0334785826492310
12000 9840 -2578 0.0341214351353648 -0.00138085277032852 0.00183096863555908 -0.0340452361526489
12200 9840 -2578 0.0340530972886 -0.000746330940485001 0.00126495590114593 -0.0340211188507
12200 9640 -2578 0.0336212183182543 -0.000877656243085861 0.00126411543655396 -0.0335858683929443
12200 9440 -2578 0.0331869293931676 -0.000981909750699997 0.00119059110236168 -0.0331511480255127
12200 9240 -2578 0.0328104008564175 -0.00105725047135353 0.00107271420168877 -0.0327758128814697
12200 9040 -2578 0.0324961214228143 -0.00110838472962379 0.000910305776357651 -0.0324640682525635
12200 8840 -2578 0.0322774074128186 -0.00114455071258545 0.000735149576067924 -0.0322486645889282
12200 8640 -2578 0.0321401887187724 -0.00115233272886276 0.000527473128437996 -0.0321151829223633
12200 8440 -2578 0.0321088159296362 -0.0011503502655 0.000328547777354717 -0.0320864314575195
12200 8240 -2578 0.0321807278831221 -0.00112789650392532 0.000119778558611870 -0.0321608287734985
12200 8040 -2578 0.0323485173001878 -0.00109750239562988 -6.5863830961287e-05 -0.0323298271255493
12200 7840 -2578 0.0325970788321236 -0.00104874051237106 -0.000232632210612297 -0.0325792228088379
12200 7640 -2578 0.0329176837311111 -0.000979295124053955 -0.000377016138732433 -0.0329030294113159
12200 7440 -2578 0.0333200220957757 -0.000879895135164261 -0.000490828094840050 -0.0333046928634644
12200 7240 -2578 0.0337606923287944 -0.000757001960515976 -0.000552630041 -0.0337477495269775
12200 7040 -2578 0.0342155074600989 -0.000602452127933502 -0.000552149932026863 -0.0342057470703125
12400 7040 -2578 0.0341437869220856 -0.000155777964234352 -0.000100081805840135 -0.0341425740890503
12400 7240 -2578 0.0337493260060835 -0.000231430534482002 -0.0001070927558 -0.0337481350708
12400 7440 -2578 0.0333626841351 -0.000292104306757450 -8.40687154382467e-05 -0.0333614597244263
12400 7640 -2578 0.0329964975922325 -0.000345482675492764 -3.26040584929287e-05 -0.0329963403472900
12400 7840 -2578 0.0326956650931270 -0.000385099405050278 3.55366891846061e-05 -0.0326933777923584
12400 8040 -2578 0.0324631953816775 -0.0004144698317 0.000118752070680261 -0.0324595615158
12400 8240 -2578 0.0323014296500882 -0.000432532224535942 0.000212588595896959 -0.0322975839233398
12400 8440 -2578 0.0322326724108253 -0.000443281563997269 0.000312568856596947 -0.0322284106445313
12400 8640 -2578 0.0322552266165978 -0.000445781221628189 0.0004156800493 -0.0322495176010132
12400 8840 -2578 0.0323750008715225 -0.000441358512878418 0.000516788326025009 -0.0323678669967651
12400 9040 -2578 0.0325752049573594 -0.000422572892069817 0.000610710317730904 -0.0325670522537231
12400 9240 -2578 0.0328627857057376 -0.0003953739385 0.000696564792275429 -0.0328530418853760
12400 9440 -2578 0.0332090296100504 -0.000354314686655998 0.000758877041459083 -0.0331981324005127
12400 9640 -2578 0.0335921757746988 -0.000297886749446392 0.000794522866845131 -0.0335815586318970
12400 9840 -2578 0.0340076094960404 -0.000226799149632454 0.000803661861181259 -0.0339973556823730
12600 9840 -2578 0.0340104428427646 0.000237212222754955 0.000399624685466290 -0.0340072375335693
12600 9640 -2578 0.0336270161951315 0.0002242664783 0.000401975890636444 -0.0336239308929443
12600 9440 -2578 0.0332355055543738 0.000216114358067513 0.000391742649257183 -0.0332326979217529
12600 9240 -2578 0.0328953167416 0.000208752071380615 0.000382421157956123 -0.0328921897354126
12600 9040 -2578 0.0326031189743533 0.000205849119722843 0.000365294820070267 -0.0326006896286
12600 8840 -2578 0.0324026892995 0.000199997832119465 0.000356492405056954 -0.0324001109237671
12600 8640 -2578 0.032271518221 0.000204648884743452 0.000337570937991142 -0.0322693393783569
12600 8440 -2578 0.0322410264580774 0.000204842343628407 0.000326835354685783 -0.0322384941101
12600 8240 -2578 0.0323032035086630 0.000210245961785316 0.0003135085408 -0.0323004813308716
12600 8040 -2578 0.0324558915023859 0.000210786356449127 0.000306870774149895 -0.0324543011627197
12600 7840 -2578 0.0326818190400593 0.000214937814891338 0.000301853156626225 -0.0326791525268555
12600 7640 -2578 0.0329708308044300 0.000218752654910088 0.000300392262399197 -0.0329687366409302
12600 7440 -2578 0.0333310195671 0.000227058354198933 0.000297345187962055 -0.0333298138122559
12600 7240 -2578 0.0337258085946964 0.000233226471066475 0.000297584170043468 -0.0337248045654297
12600 7040 -2578 0.0341291507477154 0.000241210468947887 0.000299992627620697 -0.0341261069488525
12800 7040 -2578 0.0341694926176990 0.000633277094960213 0.000695373718976974 -0.0341567152862549
12800 7240 -2578 0.0337369279168979 0.000696544285178185 0.000693477377295494 -0.0337226069641113
12800 7440 -2578 0.0333259481114383 0.000750402481198311 0.000665329172372818 -0.0333105067749
12800 7640 -2578 0.0329374659691291 0.000790610710859299 0.000617020978689194 -0.0329225078125
12800 7840 -2578 0.0326174183611827 0.000820693220615387 0.000554188053131104 -0.0326031698150635
12800 8040 -2578 0.0323733134557388 0.000840396440744400 0.000480664004564285 -0.0323591299896240
12800 8240 -2578 0.0322056410496296 0.000855090138196945 0.000401407031834126 -0.0321920746841431
12800 8440 -2578 0.0321358345076860 0.000861531321048736 0.000320122965395451 -0.0321226100997925
12800 8640 -2578 0.0321646988004483 0.000860376264333725 0.0002406621893 -0.0321523796081543
12800 8840 -2578 0.0322937141925768 0.000851404599189759 0.000166236849039793 -0.0322820416183472
12800 9040 -2578 0.0325064022943648 0.000839433744668960 9.86331116557121e-05 -0.0324954121780396
12800 9240 -2578 0.0328126947052774 0.000816483514785767 4.5374326646328e-05 -0.0328022971343994
12800 9440 -2578 0.0331810203422391 0.0007863113507 6.26522652443236e-06 -0.0331708357772827
12800 9640 -2578 0.0335923694738497 0.000748565368533134 -1.32214244411734e-05 -0.0335836721649170
12800 9840 -2578 0.0340440896910820 0.000694170328021049 -1.27685223816661e-06 -0.0340364875793457
13000 9840 -2578 0.0341144891355629 0.00119553670191765 -0.000444555050611496 -0.0340903345184326
13000 9640 -2578 0.0336133083200436 0.00129951033997536 -0.000442364223480225 -0.0335852658615112
13000 9440 -2578 0.0331236885277 0.00138645479106903 -0.0003947503997 -0.0330919632949829
13000 9240 -2578 0.0327011501388610 0.00144884145689011 -0.000301889519214630 -0.0326676433715820
13000 9040 -2578 0.0323447629497351 0.00149718639445305 -0.000175857501357794 -0.0323103278579712
13000 8840 -2578 0.0321043861050133 0.00152111824154854 -2.40036760307849e-05 -0.0320682632827759
13000 8640 -2578 0.0319466496023896 0.00153924838161469 0.0001424643597 -0.0319091128158569
13000 8440 -2578 0.0319073315280332 0.00153991036128998 0.000317007247388363 -0.0318685736694336
13000 8240 -2578 0.0319774475800772 0.00152959708714485 0.000495565353512764 -0.0319368662033
13000 8040 -2578 0.0321574951930551 0.00150122847127914 0.000666658092737198 -0.032114878479
13000 7840 -2578 0.0324294323629278 0.00145823926115036 0.000824473308563233 -0.0323862352981567
13000 7640 -2578 0.0327815315217711 0.00139806132149696 0.000960765815496445 -0.0327376108245850
13000 7440 -2578 0.0332269756159865 0.00131540851616859 0.00106786683297157 -0.0331851290893555
13000 7240 -2578 0.0337353850622654 0.00120649417686462 0.00113063369417191 -0.0336937044448853
13000 7040 -2578 0.0342667290290865 0.00107010966515541 0.00113585512948036 -0.0342307788391113
13200 7040 -2578 0.0344071723282 0.00160259870028496 0.00167245589828491 -0.0343290126266480
13200 7240 -2578 0.0337409172940286 0.00180955320262909 0.00165163582468033 -0.0336518516006470
13200 7440 -2578 0.0331244857075351 0.0019719415884 0.00154286222314835 -0.0330297356033325
13200 7640 -2578 0.0325765746294881 0.00209473984432220 0.00136377801632881 -0.0324789926223755
13200 7840 -2578 0.0321431367557440 0.00218236850309372 0.00113935027527809 -0.0320501178665161
13200 8040 -2578 0.0318188021915214 0.00224291968107224 0.000883805017471314 -0.0317275008239746
13200 8240 -2578 0.0316017854855498 0.00228209581756592 0.000607205731868744 -0.0315134286575318
13200 8440 -2578 0.0315141275038224 0.00230143626165390 0.000322065204918385 -0.0314283842773437
13200 8640 -2578 0.0315515028629259 0.00230240701007843 3.80336824133992e-05 -0.0314676304626465
13200 8840 -2578 0.0317207636532747 0.00228488711786270 -0.000235185253858566 -0.0316377176132202
13200 9040 -2578 0.0320020533183920 0.00224878738832474 -0.000489440403461456 -0.0319200681610107
13200 9240 -2578 0.0324149300055475 0.00218522847175598 -0.000709184743762016 -0.0323342555770874
13200 9440 -2578 0.0329245057625500 0.00209614738512039 -0.000877507069826126 -0.0328445440063476
13200 9640 -2578 0.0335131415884512 0.00197415051698685 -0.000979339570760727 -0.0334425315933228
13200 9840 -2578 0.0341910407696821 0.00179794300413132 -0.000987683126688004 -0.0341308327026367
13400 9840 -2578 0.0342625370531967 0.00256290722465515 -0.00169399014997482 -0.0341245050277710
13400 9640 -2578 0.0334328086233856 0.00276574343013763 -0.0016376387248 -0.0332777159271240
13400 9440 -2578 0.0326634681967709 0.00292199791812897 -0.00146529336261749 -0.0324992661666870
13400 9240 -2578 0.0320378976793834 0.00302312833595276 -0.00120305339837074 -0.0318719058227539
13400 9040 -2578 0.0315338126504 0.00309264747476578 -0.000873207674026489 -0.0313702677078247
13400 8840 -2578 0.0311973626399961 0.00312893776321411 -0.000505038548111916 -0.0310359946517944
13400 8640 -2578 0.0309782199629382 0.00315093799257278 -0.000104471074283123 -0.0308173780136108
13400 8440 -2578 0.0309238452120180 0.00314836520957947 0.000298556346833706 -0.0307613668899536
13400 8240 -2578 0.0310143736104126 0.0031310720849 0.000714850661873817 -0.0308468432998657
13400 8040 -2578 0.0312575464597339 0.00308964547252655 0.0011110554521 -0.0310844755020142
13400 7840 -2578 0.0316359577068201 0.00302356596803665 0.00148564779591560 -0.0314567950363159
13400 7640 -2578 0.0321476382672963 0.00292530204772949 0.00182277739381790 -0.0319620930252
13400 7440 -2578 0.0328225938755322 0.00278366935777664 0.00211271669816971 -0.032636027359
13400 7240 -2578 0.0336382726069722 0.00258097488927841 0.00231038896274567 -0.0334608822326660
13400 7040 -2578 0.0345573993598287 0.00230388390541077 0.00238017864274979 -0.0343992947311401
13600 7040 -2578 0.0346554849535442 0.00326384015846253 0.00335166792011261 -0.0343382630157471
13600 7240 -2578 0.0334278883387379 0.00357890777492523 0.00318459936475754 -0.0330835222396851
13600 7440 -2578 0.0323920864467641 0.00379181641578674 0.0028635315113 -0.0320430021133423
13600 7640 -2578 0.0315375366813695 0.00393066120338440 0.00242694228029251 -0.0311958342208862
13600 7840 -2578 0.0309020732008 0.00401889329814911 0.00193435559129715 -0.0305785037765503
13600 8040 -2578 0.0304487481313776 0.00407458125209808 0.00141515342402458 -0.0301403089141846
13600 8240 -2578 0.0301552797593937 0.00410709130764007 0.000869360964775085 -0.0298611268463135
13600 8440 -2578 0.0300411773519633 0.00412506172847748 0.000317197348237038 -0.0297550506820679
13600 8640 -2578 0.0300980486370105 0.00412995779228210 -0.000236226675748825 -0.0298120819396973
13600 8840 -2578 0.0303294983252897 0.00412344594287872 -0.000776269464492798 -0.0300377601852417
13600 9040 -2578 0.0307192638553863 0.00410061631965637 -0.00129801774573326 -0.0304165543594360
13600 9240 -2578 0.0313121548071 0.00404926112842560 -0.00178635854196548 -0.0309981517181396
13600 9440 -2578 0.0320791606614348 0.00396401332664490 -0.00220270396184921 -0.0317587899475
13600 9640 -2578 0.0330350623579539 0.00382256665134430 -0.0025179655838 -0.0327164053421
13600 9840 -2578 0.0342196638472946 0.00358337016105652 -0.00266749829816818 -0.0339304768524170
13800 9840 -2578 0.0339337793421559 0.00494567859935761 -0.00403707970333099 -0.0333259116439819
13800 9640 -2578 0.0324721846008565 0.00510620099258423 -0.00368397092914581 -0.0318571760177612
13800 9440 -2578 0.0312527498394164 0.00518875224018097 -0.00315439289379120 -0.0306558970336914
13800 9240 -2578 0.0303325952113921 0.00521417208671570 -0.00253549902677536 -0.0297733099670410
13800 9040 -2578 0.0296264396912666 0.00521864637565613 -0.00184998650932312 -0.0291039687652588
13800 8840 -2578 0.0291862097155658 0.00520733349132538 -0.0011612680304 -0.0286947104339600
13800 8640 -2578 0.0288972729372398 0.00519828328227997 -0.000438726301074028 -0.0284225188064575
13800 8440 -2578 0.0288212289188518 0.00518717038249970 0.000268198243498802 -0.0283496056365967
13800 8240 -2578 0.0289311005522501 0.00518442498016358 0.00100321228742599 -0.0284451029510498
13800 8040 -2578 0.0292442254166615 0.00517674757099152 0.00170796189641953 -0.0287316701736450
13800 7840 -2578 0.0297442429717696 0.00515908981418610 0.00240712372684479 -0.0291943981246948
13800 7640 -2578 0.0304567855990739 0.00512018159866333 0.00308184080886841 -0.0298660208206177
13800 7440 -2578 0.0314673514939319 0.00504667504405975 0.00374345620822906 -0.0308308663253784
13800 7240 -2578 0.0328019521571524 0.00489849375724793 0.00431437474155426 -0.0321510226898193
13800 7040 -2578 0.0345250341701227 0.00461336165046692 0.0047198853836 -0.0338883100891113
14000 7040 -2578 0.0337777327598345 0.00647182307815552 0.00660740762138367 -0.0324864448318481
14000 7240 -2578 0.0316262497535130 0.00655658658599854 0.00579027993679047 -0.0303948159103394
14000 7440 -2578 0.0300721327277743 0.00653441499137878 0.00487686860179901 -0.0289449780578613
14000 7640 -2578 0.028922859548 0.00646661255836487 0.00392156243133545 -0.0279151920852661
14000 7840 -2578 0.0281285468886832 0.00640248465728760 0.00299780731296539 -0.0272256586990356
14000 8040 -2578 0.0275939038527640 0.00634889085769653 0.00208655100393295 -0.0267711776885986
14000 8240 -2578 0.0272616533652952 0.00630953492164612 0.00118944613504410 -0.0264951483459473
14000 8440 -2578 0.0271409682222520 0.00630046710491181 0.000303231916248798 -0.0263979886627197
14000 8640 -2578 0.0272101302361248 0.00631490287303925 -0.000584110922574997 -0.0264606968307495
14000 8840 -2578 0.0274868390937699 0.00636057810401917 -0.00147647851729393 -0.0267004843368530
14000 9040 -2578 0.0279527745231662 0.00642512323951721 -0.00238206362247467 -0.0271002542877197
14000 9240 -2578 0.0286876813567508 0.00651237190818786 -0.00331499843692780 -0.0277413564758301
14000 9440 -2578 0.0296997899551830 0.00661115656661987 -0.00423956950283050 -0.0286404354400635
14000 9640 -2578 0.0310740026290318 0.00669779244804382 -0.00514118831157684 -0.0299087029953
14000 9840 -2578 0.0330194260573707 0.00672167528724670 -0.00594248857784271 -0.0317790694427490
14200 9840 -2578 0.0310694840322304 0.00879706396484375 -0.00839862011337280 -0.0285913332977295
14200 9640 -2578 0.0291145404042298 0.00838813114547730 -0.00691680614662171 -0.0270083970565796
14200 9440 -2578 0.0276461753135272 0.00803958714294434 -0.00549661577701569 -0.0258728495635986
14200 9240 -2578 0.0266326247852132 0.00776533029937744 -0.00422643707656860 -0.0251223211250305
14200 9040 -2578 0.0258913081701320 0.00755737973976136 -0.00302050018405914 -0.0245792704963684
14200 8840 -2578 0.0254413448975812 0.00742323220443726 -0.00191697618865967 -0.0242585704612732
14200 8640 -2578 0.0251434202938583 0.00733692872619629 -0.000822414500474930 -0.0240351106185913
14200 8440 -2578 0.0250580752196702 0.00731045130538940 0.000221477464020252 -0.0239669644126892
14200 8240 -2578 0.0251461388546598 0.00734303236198425 0.0012955747087 -0.0240153106117249
14200 8040 -2578 0.0254428691952 0.00743079792022705 0.00235485702276230 -0.0242188406486511
14200 7840 -2578 0.0259326036051516 0.00756935223388672 0.00345704115295410 -0.0245604138298
14200 7640 -2578 0.0266572438731228 0.00776168640708923 0.00461972744369507 -0.0250795204544
14200 7440 -2578 0.0277495034627649 0.00804263920402527 0.00593275018405914 -0.0258873206863403
14200 7240 -2578 0.0293519203338207 0.00840691702651977 0.00739460204505921 -0.0271375148010254
14200 7040 -2578 0.0317388561260117 0.00882210675239563 0.00899992624282837 -0.0291293975296
14400 7040 -2578 0.0280394111545345 0.0110358833618164 0.0112444301891327 -0.0231951889038
14400 7240 -2578 0.0260977692043274 0.0100091928596497 0.00883544108009339 -0.0224232821998596
14400 7440 -2578 0.0247929741960743 0.0093200614643 0.00695029471588135 -0.0218979776954651
14400 7640 -2578 0.0238857949223703 0.00882588411903381 0.00531788126087189 -0.0215474980735779
14400 7840 -2578 0.0232755100707773 0.00849940376281738 0.00393406325817108 -0.0213099544715881
14400 8040 -2578 0.0228717443818248 0.00827732490348816 0.00265594779968262 -0.0211553808479309
14400 8240 -2578 0.0226303607720601 0.00813701998329163 0.00144506048607826 -0.0210673157768250
14400 8440 -2578 0.0225510058673196 0.00808761028862000 0.000272650971233845 -0.0210490875549316
14400 8640 -2578 0.0226224234286989 0.00811592835807800 -0.000905895258188248 -0.0210973095703125
14400 8840 -2578 0.0228548155767625 0.00823283034706116 -0.00210990745496750 -0.0212149976348877
14400 9040 -2578 0.0232425175222386 0.00842357899856567 -0.00340170988178253 -0.0213948391342163
14400 9240 -2578 0.0238615209217494 0.00873025621223450 -0.00482844429397583 -0.0216752961616516
14400 9440 -2578 0.0247247602949402 0.00916173414993286 -0.00642046424579620 -0.0220470447425842
14400 9640 -2578 0.0259424386669272 0.00975937156677246 -0.00831361066627503 -0.0225528261184692
14400 9840 -2578 0.0278323956899115 0.0106396629409790 -0.0107997188587189 -0.0233410774154663
14600 9840 -2578 0.023882807106 0.0113990514259338 -0.0118209436664581 -0.0173389088249207
14600 9640 -2578 0.0225593216969 0.0104258760547638 -0.00915768421173095 -0.0177865589332581
14600 9440 -2578 0.0216022679995313 0.0097154862976 -0.00701475564956665 -0.0179739100418
14600 9240 -2578 0.0209467626192598 0.0092192986164 -0.00528167003536224 -0.0180520039939880
14600 9040 -2578 0.0204568950646726 0.00886045790863037 -0.00372610461807251 -0.0180581497879
14600 8840 -2578 0.0201726636373 0.00864781875419617 -0.00238630156993866 -0.0180681253547668
14600 8640 -2578 0.0199638500434630 0.00850651937294007 -0.001073638839 -0.0180288484306335
14600 8440 -2578 0.0198912608457114 0.00846752266311646 0.000158022253811359 -0.0179984338493347
14600 8240 -2578 0.0199201618237989 0.00851713374519348 0.00141904281353950 -0.0179516216011
14600 8040 -2578 0.0200791944374677 0.0086661532135 0.00267707395744324 -0.0179139160652161
14600 7840 -2578 0.0203516789403225 0.00891086430168152 0.00402124899291992 -0.0178498428459167
14600 7640 -2578 0.0207580008687438 0.00926197605323792 0.00547164184188843 -0.0177544134674
14600 7440 -2578 0.0213666614925115 0.00981032104682923 0.0072158305149 -0.0175557319374
14600 7240 -2578 0.0222597232561729 0.0106218443927765 0.00931940622711182 -0.0172001658897400
14600 7040 -2578 0.0235933530807438 0.0118477705707550 0.0120661782550812 -0.0164551153793335
14800 7040 -2578 0.0192563885835386 0.0109480591163635 0.0111401573562622 -0.0112617466468811
14800 7240 -2578 0.0185220523788309 0.0101545878410339 0.00893016005706787 -0.0126575702705383
14800 7440 -2578 0.0180052857209972 0.00955162957191467 0.00708471869468689 -0.0135190031967163
14800 7640 -2578 0.0176519418281330 0.00910211845588684 0.00543664211654663 -0.0141136273155212
14800 7840 -2578 0.0174142211947 0.00879586237525940 0.0040174066677 -0.0144827330055237
14800 8040 -2578 0.0172619327518390 0.00858459670066834 0.00269839493417740 -0.0147308945312500
14800 8240 -2578 0.0171753844639470 0.00844688800048828 0.00143772849798202 -0.0148858581962585
14800 8440 -2578 0.0171637678823452 0.00840146147346497 0.000212270462840796 -0.0149651607322693
14800 8640 -2578 0.0172223211052379 0.00843381567955017 -0.00101886544609070 -0.0149813554306
14800 8840 -2578 0.0173598797783290 0.00855731976509094 -0.00229039755868912 -0.0149295635566711
14800 9040 -2578 0.0175586262378 0.00874771603393555 -0.00362531681823731 -0.0147868141822815
14800 9240 -2578 0.0178763937358 0.00905501880455017 -0.00511539025783539 -0.0145403538208
14800 9440 -2578 0.0182993561546971 0.00947196236801147 -0.00674697402572632 -0.0141281292114258
14800 9640 -2578 0.0188775568598496 0.0100228161048889 -0.00863189101409912 -0.0134683246116638
14800 9840 -2578 0.0197526336999 0.0107892396755219 -0.0109883543663 -0.0123734477672577
15000 9840 -2578 0.0160007233823244 0.00945610086441040 -0.00938940564346313 -0.00885676052474976
15000 9640 -2578 0.0156461109139110 0.00909386011695862 -0.00780222527885437 -0.0100608991546631
15000 9440 -2578 0.0153304763149312 0.0087473677845 -0.00624966287708283 -0.0109287563495636
15000 9240 -2578 0.0150966475428381 0.00846625926017761 -0.00484648805713654 -0.0115214895629883
15000 9040 -2578 0.0149034629244862 0.00823921707916260 -0.00349455112171173 -0.0119170726909637
15000 8840 -2578 0.0147895650054822 0.00810133226776123 -0.00227438893604279 -0.0121622514381409
15000 8640 -2578 0.0146853721576676 0.00799533360481262 -0.00106080224227905 -0.0122725295581818
15000 8440 -2578 0.0146314680833 0.00795973076248169 9.96979559361935e-05 -0.0122765365657806
15000 8240 -2578 0.0146098832110360 0.00798312068176270 0.0012700497992 -0.0121694154148102
15000 8040 -2578 0.0146345075464926 0.00807301114845276 0.00243788444185257 -0.0119609765510559
15000 7840 -2578 0.0146892380722 0.00821019161224365 0.00364659385013580 -0.0116220744876862
15000 7640 -2578 0.0147907738567624 0.00840309629631042 0.00489666601943970 -0.0111438764934540
15000 7440 -2578 0.0149326625427100 0.00866459986495972 0.00631527317237854 -0.0103933237171173
15000 7240 -2578 0.0151467887356572 0.00898723177337646 0.00783843574905396 -0.00933597265052795
15000 7040 -2578 0.0154288931807934 0.00931608049964905 0.00948000684356689 -0.00783477558708191
15200 7040 -2578 0.0123350280641771 0.00770355743217468 0.00782442875862122 -0.00562018103218079
15200 7240 -2578 0.0122935359168469 0.00766423823738098 0.00669064761161804 -0.00690116980743408
15200 7440 -2578 0.0122459764307240 0.00756458286094666 0.0055564132986 -0.00786455545616150
15200 7640 -2578 0.0122303435122422 0.00746049860763550 0.00440733816623688 -0.00863208032798767
15200 7840 -2578 0.0122267907834 0.00737221926689148 0.00331625695323944 -0.00917318024253845
15200 8040 -2578 0.0122394608152274 0.00730641898155213 0.0022463933916 -0.00955898309135437
15200 8240 -2578 0.0122584679470621 0.0072588894596 0.00118983122324944 -0.00980629397773743
15200 8440 -2578 0.0122888080986647 0.00724891736793518 0.000146972594887018 -0.00992182234573364
15200 8640 -2578 0.0123335284747816 0.00727520296669006 -0.000910520520210266 -0.00991757524871826
15200 8840 -2578 0.0123895112062972 0.00734324991035461 -0.00197293054628372 -0.00978194712066650
15200 9040 -2578 0.0124510617431957 0.00742834035873413 -0.00306242776918411 -0.00951181303977966
15200 9240 -2578 0.0125387173312963 0.00755531875419617 -0.00421189194583893 -0.0090774635353
15200 9440 -2578 0.0126388095081214 0.00770279130935669 -0.00537791348075867 -0.00845317398071289
15200 9640 -2578 0.0127468247782962 0.00784823193931580 -0.0065562089653 -0.00760939691162109
15200 9840 -2578 0.0128687404517197 0.00797874958419800 -0.00775888719749451 -0.00646141119766235
15400 9840 -2578 0.0103568901770270 0.00663519014739990 -0.00637741757678986 -0.00475001838684082
15400 9640 -2578 0.0103926456425461 0.00666582302665710 -0.00557185130977631 -0.00570254109096527
15400 9440 -2578 0.0103906228916906 0.0066395073204 -0.00465259078979492 -0.00649906486701965
15400 9240 -2578 0.0103805291347271 0.00659208255767822 -0.0037174645214 -0.00710543032073975
15400 9040 -2578 0.0103574415409564 0.0065353702774 -0.00274744775247574 -0.00755096427345276
15400 8840 -2578 0.0103455043215477 0.00650187380981445 -0.00182488671875000 -0.00783710708618164
15400 8640 -2578 0.0103047475805895 0.00645394660758972 -0.000866520028352737 -0.00798645526123047
15400 8440 -2578 0.0102714603450931 0.00643260117721557 5.24635414555669e-05 -0.00800749878311157
15400 8240 -2578 0.0102283789037237 0.00642370475387573 0.000980647675752640 -0.00789939715194702
15400 8040 -2578 0.0101828839964644 0.00643329022026062 0.00189931097984314 -0.00766088724708557
15400 7840 -2578 0.0101310511245680 0.00644488370704651 0.00281886815547943 -0.00729079235839844
15400 7640 -2578 0.0100824849641883 0.00645653170013428 0.00372093275547028 -0.00679088651847839
15400 7440 -2578 0.0100156114549 0.00645297012901306 0.004664025527 -0.00607643533802032
15400 7240 -2578 0.00995552885858073 0.00642410331153870 0.0055707430973 -0.00517763173294067
15400 7040 -2578 0.00988483022043158 0.00632364589595795 0.00641427097511292 -0.00406937447261810
15600 7040 -2578 0.00793999225394663 0.00518727882957459 0.00525418433666229 -0.00292047295713425
15600 7240 -2578 0.00802958669083448 0.00532196142864227 0.00462799048233032 -0.00383821177005768
15600 7440 -2578 0.00811770935849092 0.00540411076641083 0.00394431016063690 -0.0045970813694
15600 7640 -2578 0.00821990749571134 0.00546566637897492 0.00319704750061035 -0.00524005808067322
15600 7840 -2578 0.00830621191208659 0.00550511855983734 0.00244549512672424 -0.00571827729701996
15600 8040 -2578 0.00838376183725299 0.00553235907173157 0.00167305076789856 -0.00607300310993195
15600 8240 -2578 0.0084451677274 0.00554697788715363 0.000884775740623474 -0.00630640806579590
15600 8440 -2578 0.00849072626508523 0.00556424223232269 9.45706881284714e-05 -0.00641289268112183
15600 8640 -2578 0.0085208175572 0.00557999600028992 -0.000704327378630638 -0.00640106295776367
15600 8840 -2578 0.00853547819048769 0.00560245265769959 -0.00150298945736885 -0.0062610266323
15600 9040 -2578 0.00852715690571492 0.00560948088073731 -0.00229559341669083 -0.00599803134441376
15600 9240 -2578 0.00850604531498733 0.00561485624504089 -0.00309439837789536 -0.00559052689838409
15600 9440 -2578 0.00846454326913137 0.00560266202259064 -0.00384989871597290 -0.00504343165111542
15600 9640 -2578 0.00840512647591343 0.00556017105197906 -0.00456037121582031 -0.004353273283
15600 9840 -2578 0.00833765926994004 0.00547881413269043 -0.00523278722858429 -0.00348187601089478
15800 9840 -2578 0.00666915543877504 0.00447493814182281 -0.00426516279792786 -0.00250218888187408
15800 9640 -2578 0.00677730481249312 0.00458972395229340 -0.00379204501438141 -0.00323827637481690
15800 9440 -2578 0.00687239258955543 0.00466849072074890 -0.00323132720279694 -0.00387214597988129
15800 9240 -2578 0.00694887012254514 0.00471839325141907 -0.00263126284074783 -0.00437009835529327
15800 9040 -2578 0.00699942572534675 0.00474499740695953 -0.00198036562156677 -0.00474958139896393
15800 8840 -2578 0.00703353975392192 0.00476487067985535 -0.00133423942565918 -0.00499864922046661
15800 8640 -2578 0.00703063933714355 0.00475658995437622 -0.000644597085833550 -0.00513679364871979
15800 8440 -2578 0.00700920863782735 0.00474391876316071 2.39239452043548e-05 -0.00515998037338257
15800 8240 -2578 0.00696138786125170 0.0047195304718 0.000702979837536812 -0.00506865943241119
15800 8040 -2578 0.0068945089323 0.00469043497276306 0.00136437609863281 -0.00486539371395111
15800 7840 -2578 0.00680656650788181 0.00464327744007111 0.00200704291105270 -0.00455487679958344
15800 7640 -2578 0.00670727429792153 0.00458079090404511 0.00261404899263382 -0.0041437460184
15800 7440 -2578 0.0065766402583 0.00448567076969147 0.00322196773147583 -0.00357055772495270
15800 7240 -2578 0.00644661352426624 0.00436801852607727 0.00377532641983032 -0.0028679519248
15800 7040 -2578 0.00632839240806280 0.00421304890823364 0.00426854790306091 -0.00201978412199020
16000 7040 -2578 0.00497318244097587 0.00334830267429352 0.00338283516216278 -0.00144110340714455
16000 7240 -2578 0.00512498820832351 0.00351645645618439 0.00304304150962830 -0.00215405118274689
16000 7440 -2578 0.0052673353794 0.0036459620428 0.00264364483976364 -0.00273202907037735
16000 7640 -2578 0.0054106826744 0.00375838858222961 0.00217782179737091 -0.00322621737289429
16000 7840 -2578 0.005526287646 0.00384114373397827 0.00168648826026917 -0.00359705870723724
16000 8040 -2578 0.00562274900226914 0.00390313332271576 0.00116175644302368 -0.00387667561435699
16000 8240 -2578 0.00569483980621150 0.00394329540634155 0.000613874834775925 -0.0040626074686
16000 8440 -2578 0.00574027793987759 0.00396947206497192 5.6372154802084e-05 -0.00414593574142456
16000 8640 -2578 0.00575945170628343 0.00397974846363068 -0.000506795035958290 -0.00413222932529450
16000 8840 -2578 0.00574963417642523 0.0039759356842 -0.00106337856674194 -0.0040149909954
16000 9040 -2578 0.0057091063258 0.00394696895027161 -0.00160433808636665 -0.00380064387226105
16000 9240 -2578 0.00564039346395486 0.00390076729774475 -0.00212590812444687 -0.00347542336463928
16000 9440 -2578 0.00554044176679785 0.00382927120113373 -0.00259839784812927 -0.0030466545124
16000 9640 -2578 0.0054124563549 0.00372689332103729 -0.00301456617355347 -0.0025125369687
16000 9840 -2578 0.00526529644589291 0.00358971227836609 -0.00338601987648010 -0.0018345721507
16200 9840 -2578 0.00411324546454592 0.00282375982093811 -0.00262088755035400 -0.00144113585829735
16200 9640 -2578 0.00430551222475415 0.00298103199863434 -0.00241387143659592 -0.00195553277349472
16200 9440 -2578 0.0044594483886 0.00310206771039963 -0.00211221022176743 -0.00240889352512360
16200 9240 -2578 0.00457684217965546 0.00318972438716888 -0.00175715672874451 -0.00277222270584106
16200 9040 -2578 0.00465916717912146 0.00324959774875641 -0.00134463081407547 -0.00305603320646286
16200 8840 -2578 0.00471220945725757 0.00329082043552399 -0.000917036415338516 -0.00324592465877533
16200 8640 -2578 0.00472818775379008 0.00330122480869293 -0.000452676765084267 -0.00335442556953430
16200 8440 -2578 0.00471671106174058 0.0032955170145 7.99963825198938e-06 -0.00337444319152832
16200 8240 -2578 0.00467303529511202 0.00326776730251312 0.000476837399125099 -0.003306243577
16200 8040 -2578 0.0046047462353 0.00322527303791046 0.000924252229452133 -0.00315415006303787
16200 7840 -2578 0.00451110463476528 0.00315933053731918 0.0013501540451 -0.00292300887727737
16200 7640 -2578 0.00439647824119447 0.00307196879005432 0.00173822997379303 -0.00262172948408127
16200 7440 -2578 0.00424283992204880 0.00294778530979157 0.00210170252132416 -0.00221274398565292
16200 7240 -2578 0.0040682070101 0.00279655538082123 0.00240039120292664 -0.00172270379114151
16200 7040 -2578 0.00386005663954860 0.00259526084518433 0.00261789244651794 -0.0011444449346
16400 7040 -2578 0.00302883337223691 0.00201387237596512 0.00202423000001907 -0.00101063584041595
16400 7240 -2578 0.00323551628687243 0.00220146384143829 0.00189161551094055 -0.0014298340156
16400 7440 -2578 0.00340095700844498 0.00234401145505905 0.00168697087478638 -0.00179644101762772
16400 7640 -2578 0.00355006925126611 0.00246712529373169 0.00141665887498856 -0.00212336310529709
16400 7840 -2578 0.00366550816305281 0.00255919154405594 0.00111090213656425 -0.00237723599767685
16400 8040 -2578 0.00375729004014169 0.00262817714357376 0.000771517683148384 -0.00257181676054001
16400 8240 -2578 0.00382351834869944 0.00267300120544434 0.000407606453657150 -0.00270325240325928
16400 8440 -2578 0.00386193744776041 0.00269890910625458 3.3332224175334e-05 -0.0027619762721
16400 8640 -2578 0.0038724499928 0.00270421592664719 -0.000344422157764435 -0.00275035607624054
16400 8840 -2578 0.00385349711271914 0.00268997840166092 -0.000714073391675949 -0.00266526257705688
16400 9040 -2578 0.0038027418264 0.00264973601675034 -0.0010634384272 -0.00251161876487732
16400 9240 -2578 0.00371943385518551 0.00258641176748276 -0.00139013942432404 -0.0022833373866
16400 9440 -2578 0.00360130941696099 0.00249639118814468 -0.00166437423467636 -0.00199160931634903
16400 9640 -2578 0.00344470388045531 0.00237452857828140 -0.00187793624258041 -0.00164432294225693
16400 9840 -2578 0.00324000348258620 0.00221400569915772 -0.00202084932947159 -0.00122962161612511
16600 9840 -2578 0.00259696592772561 0.00174715188598633 -0.00158302158617973 -0.00108873125433922
16600 9640 -2578 0.00277897472333767 0.0018878263688 -0.00149662998533249 -0.00138512247824669
16600 9440 -2578 0.00292729844552062 0.00200267605495453 -0.00134013512015343 -0.00166247785615921
16600 9240 -2578 0.00304038411156372 0.00208955384111404 -0.00113412284135818 -0.00189499811601639
16600 9040 -2578 0.00312207913429492 0.00215247849512100 -0.000880663242816925 -0.00208307192754746
16600 8840 -2578 0.00317412202434556 0.00219562769746780 -0.000606571993350983 -0.002210506742
16600 8640 -2578 0.00319452146129701 0.0022115582838 -0.000300070734262466 -0.00228568008422852
16600 8440 -2578 0.0031893942472 0.00220936017751694 3.40777833777975e-06 -0.00230032643365860
16600 8240 -2578 0.00315577987368622 0.00218568916654587 0.0003128258664 -0.00225481604433060
16600 8040 -2578 0.00309888375386094 0.0021447583394 0.000605726129174233 -0.00215304750061035
16600 7840 -2578 0.00301762347317694 0.00208196569108963 0.0008801069231 -0.00199946424007416
16600 7640 -2578 0.00291688063987024 0.00200014570808411 0.00112061368989944 -0.00180328444004059
16600 7440 -2578 0.00278144770924946 0.00188813542175293 0.00133436873078346 -0.00154589253044128
16600 7240 -2578 0.00262104122956075 0.00175226306152344 0.00149230101633072 -0.00125457287168503
16600 7040 -2578 0.00242794087181637 0.00158403105187416 0.00158631361413002 -0.000932037142515182
16800 7040 -2578 0.00199281911004024 0.00126964937472343 0.00126525840449333 -0.000870862540483475
16800 7240 -2578 0.00214957772267376 0.00140243661165237 0.00119420832729340 -0.00110770972537994
16800 7440 -2578 0.00227870538852684 0.00151038723874092 0.00107686376857758 -0.00132359021091461
16800 7640 -2578 0.00239524909217834 0.00160671975827217 0.000913853233575821 -0.00152283642315865
16800 7840 -2578 0.0024863283731 0.00168157391548157 0.000721768946886063 -0.00168348035192490
16800 8040 -2578 0.00255891101444889 0.0017392613101 0.000503627985596657 -0.00180819831418991
16800 8240 -2578 0.00261055190875340 0.00177723377037048 0.000265925291776657 -0.00189343786382675
16800 8440 -2578 0.00263871717483291 0.0017977788701 1.99562610518187e-05 -0.00193147942066193
16800 8640 -2578 0.00264449725737702 0.00180063776111603 -0.000228958594560623 -0.00192318677186966
16800 8840 -2578 0.0026256631465 0.00178574423408508 -0.000471190474033356 -0.00186655353403091
16800 9040 -2578 0.00258120740579497 0.00174927865171432 -0.000695030367612839 -0.00176629845285416
16800 9240 -2578 0.00250977620935809 0.00169323050498962 -0.000897771435260773 -0.00162090882492065
16800 9440 -2578 0.00241163495291375 0.00161768561697006 -0.00106261623144150 -0.00143910667419434
16800 9640 -2578 0.00228569376713915 0.00152057479286194 -0.00118519844198227 -0.00122812685656548
16800 9840 -2578 0.00212790916493754 0.00140024779295921 -0.00126022647571564 -0.000989411356687546
17000 9840 -2578 0.00176979313464579 0.00113334729814529 -0.00101816914343834 -0.000900704268217087
17000 9640 -2578 0.0018946819863 0.0012276795094 -0.000963788187742234 -0.00107404647064209
17000 9440 -2578 0.00200241301806443 0.00131001485538483 -0.000867308811426163 -0.00124135031747818
17000 9240 -2578 0.00208731460102613 0.00137486741089821 -0.000739248191475868 -0.00138568898296356
17000 9040 -2578 0.00215042507325186 0.00142408093571663 -0.0005760601232 -0.0015050063765
17000 8840 -2578 0.00219132463231065 0.00145784911108017 -0.000399012637138367 -0.00158663019776344
17000 8640 -2578 0.00220951903883415 0.00147203370451927 -0.000200303970396519 -0.00163556045961380
17000 8440 -2578 0.0022077691521 0.00147163026857376 -4.5378344918754e-07 -0.00164569420433044
17000 8240 -2578 0.00218336870356966 0.00145375992107391 0.0002042588596 -0.0016161906495
17000 8040 -2578 0.00214199857674849 0.0014227563858 0.000396748768091202 -0.00155154380393028
17000 7840 -2578 0.00208185455758964 0.00137515115356445 0.000574798657417297 -0.00145361732029915
17000 7640 -2578 0.00200776071546573 0.00131429284691811 0.000728704593181610 -0.00133177666282654
17000 7440 -2578 0.00190989391793487 0.00123390930199623 0.000863495396375656 -0.00117457655405998
17000 7240 -2578 0.00179525934863257 0.00113970174789429 0.000961891363620758 -0.000999482628822327
17000 7040 -2578 0.00166337105966402 0.00103087357234955 0.00102198687958717 -0.000811594978928566
17200 7040 -2578 0.00141134470259629 0.000849392660140991 0.000836341804265976 -0.000755617869615555
17200 7240 -2578 0.00151446858583683 0.000932455322027206 0.000785469244599343 -0.000898807586669922
17200 7440 -2578 0.00160275818303350 0.00100381835103035 0.000707376507997513 -0.00103004249811172
17200 7640 -2578 0.00168342642166734 0.00106880876278877 0.000601315928936005 -0.00115316516494751
17200 7840 -2578 0.00174722712946643 0.00112091822981834 0.000475812638163567 -0.00125286804842949
17200 8040 -2578 0.00179785936052721 0.00116127199792862 0.000332254642963409 -0.0013317772839
17200 8240 -2578 0.00183421269335155 0.00118857614827156 0.000175560143530369 -0.00138588281059265
17200 8440 -2578 0.0018534884102 0.00120303270936012 1.22348645669408e-05 -0.00140990301084518
17200 8640 -2578 0.00185659291348014 0.00120450355148315 -0.000152023186981678 -0.00140455393171310
17200 8840 -2578 0.00184176544313915 0.00119290745091438 -0.000311155429959297 -0.00136830335068703
17200 9040 -2578 0.00180834313921978 0.00116609148287773 -0.000458652906298637 -0.0013038904407
17200 9240 -2578 0.00175667831706628 0.00112598358154297 -0.000591119599699974 -0.00121187241673470
17200 9440 -2578 0.00168736287318950 0.00107349694347382 -0.000698379173994065 -0.00109845950436592
17200 9640 -2578 0.0016009320363 0.00100806337714195 -0.000779023399353028 -0.000969664229154587
17200 9840 -2578 0.00149551064589941 0.0009299075849 -0.000832170402050018 -0.000824329088926315
17400 9840 -2578 0.0012771958528 0.000769989690542221 -0.000686666730761528 -0.000752692022085190
17400 9640 -2578 0.00135840530146672 0.000829253085136414 -0.000645470750927925 -0.000860819055080414
17400 9440 -2578 0.00143038297519792 0.000882027388095856 -0.000579075562357903 -0.000965670449256897
17400 9240 -2578 0.0014884109012 0.000925970058679581 -0.000492114223241806 -0.00105629660105705
17400 9040 -2578 0.00153275569281693 0.000959779136419296 -0.000384087251 -0.00113165410208702
17400 8840 -2578 0.00156191392217289 0.000982527666091919 -0.000266457414031029 -0.00118453438401222
17400 8640 -2578 0.00157566363078685 0.000993137774229050 -0.000134264189869165 -0.00121590945219994
17400 8440 -2578 0.00157488024889087 0.000993053371667862 -4.36694446843831e-07 -0.00122235567355156
17400 8240 -2578 0.00155854779161303 0.0009809032092 0.000136597807854414 -0.00120346508598328
17400 8040 -2578 0.00153057592568242 0.000959290344953537 0.0002643749333 -0.00116298348784447
17400 7840 -2578 0.00148951738108023 0.000927305862665177 0.000382776990354061 -0.00110097724604607
17400 7640 -2578 0.00143886705144163 0.000886732355594635 0.000486013826012611 -0.00102367469143867
17400 7440 -2578 0.00137269254887226 0.000833888119935989 0.000576283732891083 -0.000925951847791672
17400 7240 -2578 0.00129680861067605 0.000774193790793419 0.0006446320101 -0.000816608690261841
17400 7040 -2578 0.00121075628668845 0.000706703727 0.000690029450297356 -0.000700257085442543
17600 7040 -2578 0.00104985219626781 0.0005939400767 0.000574327990293503 -0.000647694427251816
17600 7240 -2578 0.0011172890164 0.000645659289836884 0.000535108799934387 -0.000738277735352516
17600 7440 -2578 0.00117522689487924 0.0006903027333 0.0004795227245 -0.000821456628561020
17600 7640 -2578 0.00122887251964870 0.000732266921043396 0.000406134115695954 -0.000899420588970184
17600 7840 -2578 0.00127172535463493 0.000766205766081810 0.0003208224464 -0.000962957454681397
17600 8040 -2578 0.00130613914039825 0.000792448650956154 0.000223783607840538 -0.00101373217058182
17600 8240 -2578 0.0013303881989 0.000810691859722137 0.000117905016452074 -0.00104834396266937
17600 8440 -2578 0.00134330827956720 0.000820643423318863 7.99431716860272e-06 -0.00106349782538414
17600 8640 -2578 0.00134482289712926 0.000821221227884292 -0.000102690030977130 -0.00105999956464767
17600 8840 -2578 0.00133375732935801 0.000813472899913788 -0.000209635816037655 -0.00103604775667191
17600 9040 -2578 0.00131055745852843 0.000795691788315773 -0.000308616490423679 -0.000994615997314453
17600 9240 -2578 0.00127544053397912 0.000769036830186844 -0.000398651400029659 -0.000936251432418823
17600 9440 -2578 0.0012284925279 0.0007352250483 -0.000472515139341355 -0.000863203498363495
17600 9640 -2578 0.00117135678434663 0.0006934892596 -0.000529337847352028 -0.000781633422017098
17600 9840 -2578 0.00110297703125755 0.000644166586160660 -0.0005709069631 -0.000689784780740738
17800 9840 -2578 0.000958962770439128 0.0005434365518 -0.000477968379497528 -0.000629358049511909
17800 9640 -2578 0.00101238947146003 0.000580652591228485 -0.000444772598981857 -0.000699815113663674
17800 9440 -2578 0.0010596881747 0.000614101076364517 -0.000396634817 -0.000767292217016220
17800 9240 -2578 0.00109841763733173 0.000641398533582688 -0.000336061877489090 -0.000826041650295258
17800 9040 -2578 0.00112856406001489 0.000663299801826477 -0.000262126748323441 -0.000874731103420258
17800 8840 -2578 0.0011486604197 0.000678886443972587 -0.000181350523650646 -0.000908660776615143
17800 8640 -2578 0.00115822871308149 0.000685547964453697 -9.07215643376112e-05 -0.000929132572889328
17800 8440 -2578 0.00115849420591794 0.000685345975995064 -3.50174103216887e-07 -0.000934028691053390
17800 8240 -2578 0.00114800465483536 0.0006776273148 9.25323107242584e-05 -0.000922045409679413
17800 8040 -2578 0.00112915491845934 0.000663446202516556 0.000179576685339212 -0.000895838567733765
17800 7840 -2578 0.00110176485346690 0.000642570454478264 0.000260925382435322 -0.000855877601861954
17800 7640 -2578 0.00106788766472084 0.000616526984453201 0.000332132685720921 -0.000806332633256912
17800 7440 -2578 0.00102347425073712 0.000582896165966988 0.000395719749033451 -0.000742664620995522
17800 7240 -2578 0.000973568527993261 0.000545095689415932 0.000445174306273460 -0.000672774424076080
17800 7040 -2578 0.000917050412181518 0.000503519716382027 0.000481165305972099 -0.000596357665657997
18000 7040 -2578 0.000807743042998989 0.000430396427154541 0.000405965071320534 -0.000549961645960808
18000 7240 -2578 0.000852062198220399 0.000461931936860085 0.000374611554920674 -0.000610077493190765
18000 7440 -2578 0.000890849653997851 0.000490917415857315 0.000333816963553429 -0.0006641564778
18000 7640 -2578 0.000926620810771536 0.000517013403773308 0.000281441111445427 -0.000715722245454788
18000 7840 -2578 0.000955237760016348 0.000538787996649742 0.000221168973743916 -0.000757205276250839
18000 8040 -2578 0.000978135678032162 0.000556241931676865 0.000154092753380537 -0.000789754923939705
18000 8240 -2578 0.000994398534342294 0.000567751457214356 8.13461081087589e-05 -0.000812257657289505
18000 8440 -2578 0.00100254682811818 0.000573889802575111 5.91217126656557e-06 -0.000822206708669663
18000 8640 -2578 0.00100303804027338 0.000574643759012222 -6.99599499106407e-05 -0.000819033823490143
18000 8840 -2578 0.000995528232674940 0.000569208831787109 -0.0001441115266 -0.000804045826911927
18000 9040 -2578 0.000979724311674151 0.000557884923458099 -0.000212666704416275 -0.000776782000899315
18000 9240 -2578 0.0009555142998 0.000540723927378655 -0.000275638455331326 -0.000738140384912491
18000 9440 -2578 0.000924263334733767 0.000518659414172173 -0.000328005277633667 -0.000691135053277016
18000 9640 -2578 0.000886282209339580 0.0004927752608 -0.000369678984880447 -0.000637132305622101
18000 9840 -2578 0.000840989960980358 0.000462283555984497 -0.000402220235228539 -0.000576112056374550
18200 9840 -2578 0.000741565566112350 0.000396060813128948 -0.000340603788912296 -0.000526294575333595
18200 9640 -2578 0.000776973969236215 0.000419046448349953 -0.000314788987815380 -0.000573444320440292
18200 9440 -2578 0.000809086548977275 0.000440778139948845 -0.000278675414562225 -0.000618607863187790
18200 9240 -2578 0.000835264530545587 0.000458207822442055 -0.000235019011676312 -0.000657672487854958
18200 9040 -2578 0.000855600744784328 0.000472211862325668 -0.000182273702442646 -0.000689856139659882
18200 8840 -2578 0.000869600747072545 0.000482220993280411 -0.0001256537657 -0.0007123850665
18200 8640 -2578 0.000876136369656884 0.000486191040396690 -6.29125740081072e-05 -0.000726137189865112
18200 8440 -2578 0.000876838937098560 0.000486316891074181 2.2971665827572e-07 -0.000729617948174477
18200 8240 -2578 0.000869756788160732 0.000481164352059364 6.48926949054003e-05 -0.000721678124785423
18200 8040 -2578 0.000857402182050355 0.000472401374697685 0.000125668038576841 -0.000704118343472481
18200 7840 -2578 0.000839205537155298 0.000458734792351723 0.000182521421372890 -0.000678690089941025
18200 7640 -2578 0.000816505523389508 0.000442300811529160 0.000232969697713852 -0.0006454447993
18200 7440 -2578 0.000786919540458828 0.0004209720205 0.000278371877789497 -0.000603915128588677
18200 7240 -2578 0.000753617313297336 0.000396956768035889 0.0003154728707 -0.000557531386613846
18200 7040 -2578 0.000715651407052715 0.000370439788222313 0.000344101929485798 -0.000506313716530800
18400 7040 -2578 0.000638167905450800 0.000321617818415165 0.000293138631761074 -0.000466752337813377
18400 7240 -2578 0.000668298046139576 0.000342156402587891 0.000268356752038002 -0.000507522756457329
18400 7440 -2578 0.000694106144569830 0.000360152033269405 0.0002376620655 -0.000543445508956909
18400 7640 -2578 0.000718167353919838 0.0003767833172 0.000199427897751331 -0.000577950857520103
18400 7840 -2578 0.000737550263783980 0.0003908113507 0.000156544855773449 -0.000605605400919914
18400 8040 -2578 0.000752872425823223 0.000402143343269825 0.000108947202473879 -0.000626978657
18400 8240 -2578 0.000763675708171963 0.000409237883985043 5.74572415202856e-05 -0.0006420607059
18400 8440 -2578 0.000769134678 0.0004130855683 4.44429216508479e-06 -0.000648556570172310
18400 8640 -2578 0.000769088550111047 0.0004140915389 -4.8798312947154e-05 -0.000646253912925720
18400 8840 -2578 0.000763774308282203 0.000410686330437660 -0.000100478357315063 -0.000635755904555321
18400 9040 -2578 0.000752528086946019 0.000402998540699482 -0.000149216086536646 -0.000617789484381676
18400 9240 -2578 0.000736307833231856 0.000391860894680023 -0.000194267628461122 -0.000592288684964180
18400 9440 -2578 0.000714828509242745 0.000377999195039272 -0.000232430198431015 -0.000560633728146553
18400 9640 -2578 0.000689070875778333 0.0003615920248 -0.000263466366350651 -0.000524075713276863
18400 9840 -2578 0.000658584490651295 0.000341699271440506 -0.000289658411622047 -0.000482948000192642
18600 9840 -2578 0.000587595252882019 0.000297750224113464 -0.000247308642089367 -0.000441975937843323
18600 9640 -2578 0.0006120085961 0.000312564566791058 -0.000226388180196285 -0.000474915509343147
18600 9440 -2578 0.0006338520078 0.000326162024796009 -0.000199172041028738 -0.000505527686834335
18600 9240 -2578 0.0006515391234 0.000337616637051106 -0.000166832937747240 -0.000531681301712990
18600 9040 -2578 0.000665659056199732 0.000346574579 -0.000129113813519478 -0.000553550312638283
18600 8840 -2578 0.000675189746494269 0.000353046959578991 -8.84310812950135e-05 -0.000568742321729660
18600 8640 -2578 0.000680264297880463 0.000355666961491108 -4.38904024958611e-05 -0.000578459684371948
18600 8440 -2578 0.000680810718348713 0.000355630405485630 6.99613138730456e-07 -0.000580329100370407
18600 8240 -2578 0.000676317929274300 0.000352627620518208 4.65362606421113e-05 -0.000575233934283256
18600 8040 -2578 0.000668020056795631 0.000346871269226074 8.98785179108381e-05 -0.000563970348
18600 7840 -2578 0.000655793270747802 0.000338088108599186 0.000130608035296202 -0.0005464029951
18600 7640 -2578 0.000640018506686281 0.000327255968928337 0.000167275367647409 -0.000523940646052360
18600 7440 -2578 0.000620317100580948 0.000313566776394844 0.000200613726466894 -0.0004962565068
18600 7240 -2578 0.000597773335817264 0.000298305338621140 0.000228748238086700 -0.000464805761694908
18600 7040 -2578 0.000572048348253457 0.000282044869959354 0.000251291134357452 -0.000429596394658089
18800 7040 -2578 0.0005154186821 0.000248700687527657 0.000216302525937557 -0.000396436514794827
18800 7240 -2578 0.000536044518089508 0.000261635035336018 0.000196804647922516 -0.000424577942967415
18800 7440 -2578 0.000553804355861613 0.000273125220119953 0.000173264289915562 -0.000449630824565888
18800 7640 -2578 0.000570273681387589 0.000283590431571007 0.000144830400526524 -0.000473088463068008
18800 7840 -2578 0.000583602884221312 0.000293091649115086 0.000113257439911365 -0.000491659517168999
18800 8040 -2578 0.000593864772366119 0.000300067839443684 7.88499297946692e-05 -0.000506547781825066
18800 8240 -2578 0.000601100004940145 0.000304746462941170 4.21329740807414e-05 -0.000516424173593521
18800 8440 -2578 0.000604370735263776 0.000307327223718166 4.15930747170023e-06 -0.000520404904961586
18800 8640 -2578 0.000604217135111022 0.000307438567817211 -3.39756925776601e-05 -0.000519042893886566
18800 8840 -2578 0.000600374578784364 0.000305438136279583 -7.14080689251423e-05 -0.000511876401185989
18800 9040 -2578 0.0005928386701 0.000300484031140804 -0.000106606528818607 -0.000499677277565003
18800 9240 -2578 0.0005812422311 0.000293269179165363 -0.000139435095995665 -0.000481895431041718
18800 9440 -2578 0.000566349536956183 0.000284395663857460 -0.000167539940834045 -0.000460432028532028
18800 9640 -2578 0.0005486392175 0.000274254598081112 -0.000191530590891838 -0.000434862552046776
18800 9840 -2578 0.000527526605437656 0.0002615636124 -0.000211698810458183 -0.000406195829391480
19000 9840 -2578 0.000475402997743307 0.000231017345249653 -0.000182439723879099 -0.000373208316385746
19000 9640 -2578 0.000492251413916323 0.000240787543475628 -0.000165904574394226 -0.000395968241810799
19000 9440 -2578 0.000507572806558375 0.000249445085227490 -0.000144840942859650 -0.000417421610593796
19000 9240 -2578 0.000520176178331137 0.000256527937471867 -0.000120527713268995 -0.000436176276445389
19000 9040 -2578 0.000530215760892511 0.000262568736076355 -9.26346447914839e-05 -0.000451501770377159
19000 8840 -2578 0.000537010695241654 0.000266643323361874 -6.33010972887277e-05 -0.000461907842755318
19000 8640 -2578 0.000540814921261672 0.000268446910798550 -3.0890757072717e-05 -0.000468515074610710
19000 8440 -2578 0.000541234398876175 0.000268426707088947 1.39566181733881e-06 -0.000469935583233833
19000 8240 -2578 0.000538376547657408 0.0002665671814 3.45781243592501e-05 -0.0004664714334
19000 8040 -2578 0.000532713727345905 0.000263052375197411 6.61275707185268e-05 -0.000458496416687965
19000 7840 -2578 0.000524223740169137 0.000257377291440964 9.568204626441e-05 -0.000446525799274445
19000 7640 -2578 0.000513668722197423 0.000250128508329392 0.000122264641314745 -0.000431925754785538
19000 7440 -2578 0.000500171210916764 0.000241275178670883 0.000147377172797918 -0.000412614140152931
19000 7240 -2578 0.000484413066855168 0.000231590940237045 0.000169090182095766 -0.000390429885864258
19000 7040 -2578 0.000466520782573666 0.000220688028573990 0.000187177254855633 -0.0003659277386
