# amount of points in x direction: 66 (distance of 200 steps)
# amount of points in y direction: 7 (distance of 200 steps)
# abs. coordinates of point 1: P1 (, , ) (offsets not corrected)
# Offsets of the hall probe have already been corrected for all following coordinates.
#
# X (absolute in steps=10um) Y (absolute in steps=10um) Z (absolute in steps=10um) Babs(in T) Bx By Bz
6000 7840 -1978 0.000365691646215518 -0.000168593805223703 -5.19678605720401e-05 -0.0003204800651
6000 8040 -1978 0.000372480499711136 -0.000173475381880999 -3.1620811894536e-05 -0.000328051581025124
6000 8240 -1978 0.000377642302072919 -0.000177300217419863 -1.02757010930218e-05 -0.000333339641034603
6000 8440 -1978 0.000380028811150045 -0.000179340079 1.1565956491977e-05 -0.000334872148811817
6000 8640 -1978 0.000379895641476816 -0.000179711350619793 3.3313907571137e-05 -0.000332875614285469
6000 8840 -1978 0.000376826060619255 -0.000177781272739172 5.57698102593422e-05 -0.000327334943950176
6000 9040 -1978 0.000371856398524911 -0.000174525530546904 7.65245528966188e-05 -0.000319314912140369
6200 9040 -1978 0.000413722975247303 -0.000210101686894894 8.68353942036629e-05 -0.0003457798255
6200 8840 -1978 0.000418611965968901 -0.000213345580399036 6.47435456514359e-05 -0.000354469578444958
6200 8640 -1978 0.000422658778359075 -0.000216098575174809 3.8350917108357e-05 -0.000361212643265724
6200 8440 -1978 0.000422652143222207 -0.000215545544624329 1.40284221777692e-05 -0.000363300850749016
6200 8240 -1978 0.000420084653669973 -0.000213398874819279 -1.20228143502027e-05 -0.000361645528674126
6200 8040 -1978 0.000414569573681100 -0.000209318261623383 -3.6935934074223e-05 -0.000356031023919582
6200 7840 -1978 0.000405914152179044 -0.000202751496553421 -6.06148454248905e-05 -0.000346495977938175
6400 7840 -1978 0.000453059690547092 -0.0002436839084 -7.15144059807062e-05 -0.000375305144369602
6400 8040 -1978 0.000463056625092502 -0.000251209802865982 -4.45846331641078e-05 -0.0003863825367
6400 8240 -1978 0.000469758409150555 -0.000256358776569366 -1.61882924586534e-05 -0.000393307869017124
6400 8440 -1978 0.000473384403369110 -0.000259168212294579 1.2718979514204e-05 -0.000395892749249935
6400 8640 -1978 0.000473613850945973 -0.000259702116668224 4.14207711741328e-05 -0.000393856833755970
6400 8840 -1978 0.000469549593175023 -0.000256970565617084 7.11497022211551e-05 -0.000386403109490871
6400 9040 -1978 0.000462440913741560 -0.000252030174434185 9.8700948625803e-05 -0.0003749712612
6600 9040 -1978 0.000518981920873133 -0.000301757203996182 0.000112948912590742 -0.000406768869817257
6600 8840 -1978 0.0005262328802 -0.000307224528670311 8.33714603185654e-05 -0.0004191905415
6600 8640 -1978 0.000531763055897097 -0.000311123738825321 4.88682249411941e-05 -0.000428532520771027
6600 8440 -1978 0.000531786616687556 -0.000310647830545902 1.55353574361652e-05 -0.000431498879671097
6600 8240 -1978 0.000527397473 -0.000307452374935150 -1.92208565697074e-05 -0.000428147675275803
6600 8040 -1978 0.000519505162330805 -0.000301245321393013 -5.25343530997634e-05 -0.000419972632169724
6600 7840 -1978 0.000507301936452083 -0.000291678184747696 -8.40871010422706e-05 -0.000406458424329758
6800 7840 -1978 0.000570104537631743 -0.000348848243474960 -9.92607582509518e-05 -0.000439633783340454
6800 8040 -1978 0.000584752655954854 -0.000360474753975868 -6.34542916119099e-05 -0.000456241866588593
6800 8240 -1978 0.000595506836471709 -0.000368634222090244 -2.55435589514673e-05 -0.000466870350599289
6800 8440 -1978 0.000600327938946077 -0.000372679674983025 1.37184852845967e-05 -0.000470367743968964
6800 8640 -1978 0.000600615685910040 -0.000372980998933315 5.28429487869144e-05 -0.000467867907762527
6800 8840 -1978 0.000595154703954488 -0.000368985159695148 9.24563094377518e-05 -0.000457514090180397
6800 9040 -1978 0.000585290617943027 -0.000361592911779880 0.000128989096313715 -0.000441636847972870
7000 9040 -1978 0.0006621885592 -0.000432492302536964 0.000149278548985720 -0.000478698766112328
7000 8840 -1978 0.000672691563455557 -0.000440756337523460 0.000109472758650780 -0.000496301586389542
7000 8640 -1978 0.000680126382792866 -0.000446425765633583 6.26585127860308e-05 -0.000509264021039009
7000 8440 -1978 0.0006799068845 -0.0004462332623 1.76313587315381e-05 -0.000512833432435989
7000 8240 -1978 0.000674448253654518 -0.000441547882914543 -3.00057091638446e-05 -0.000508780754446983
7000 8040 -1978 0.000661533888175645 -0.000431457738041878 -7.53867057412863e-05 -0.000495782230138779
7000 7840 -1978 0.000643686453662801 -0.000417256229162216 -0.000117437710285187 -0.000475870514512062
7200 7840 -1978 0.000729849804795164 -0.000499521798133850 -0.000140178868442774 -0.0005134395709
7200 8040 -1978 0.000752167489455713 -0.000517543843626976 -9.13702786117792e-05 -0.000538103869438172
7200 8240 -1978 0.000768089354664927 -0.000530046428561211 -3.96055167168379e-05 -0.000554337634325027
7200 8440 -1978 0.000775766191733613 -0.000536386581659317 1.44017695393413e-05 -0.000560266031861305
7200 8640 -1978 0.0007764575822 -0.000537078032970429 6.84426442235708e-05 -0.0005566559776
7200 8840 -1978 0.000768252845616869 -0.0005304840399 0.000123162916779518 -0.000541920661091805
7200 9040 -1978 0.000753725873554173 -0.000518664836883545 0.000172615497797728 -0.0005191164844
7400 9040 -1978 0.000862028318767549 -0.0006230672723 0.0002018197928 -0.000560489757061005
7400 8840 -1978 0.000877288628813480 -0.000635935096859932 0.000147356345891953 -0.000586084654211998
7400 8640 -1978 0.000888736023627853 -0.0006454849658 8.19049894064665e-05 -0.000605314894795418
7400 8440 -1978 0.000888434356964599 -0.000645279454112053 1.91576270312071e-05 -0.000610355947613716
7400 8240 -1978 0.000878739051426814 -0.000637424888014793 -4.72589259594679e-05 -0.000603238662362099
7400 8040 -1978 0.0008598992527 -0.000622159451961517 -0.000109385776519775 -0.000583508710741997
7400 7840 -1978 0.000832812947129696 -0.000599540646195412 -0.000167363151252270 -0.000553279309272766
7600 7840 -1978 0.000955091105035667 -0.0007215995922 -0.000201329079121351 -0.000592163859248161
7600 8040 -1978 0.000988067043945526 -0.000749499910116196 -0.0001342140167 -0.000629741770863533
7600 8240 -1978 0.00101272449528603 -0.000769880404353142 -6.12457453012467e-05 -0.000655068434238434
7600 8440 -1978 0.00102526985615721 -0.000780253805398941 1.44293934423476e-05 -0.000664972201585770
7600 8640 -1978 0.00102599789298299 -0.000780654510378838 9.0782129123807e-05 -0.000659551981925965
7600 8840 -1978 0.0010135931162 -0.000769928974747658 0.000167046350240707 -0.0006378356316
7600 9040 -1978 0.0009915192893 -0.000750556454539299 0.000236176198482513 -0.000603190603256226
7800 9040 -1978 0.00114931425241444 -0.000908697520732879 0.000279615837693214 -0.000645875137925148
7800 8840 -1978 0.00117354121651758 -0.0009304776895 0.000202762107789516 -0.000685842852830887
7800 8640 -1978 0.00119082652161548 -0.000945968359470367 0.000109838602840900 -0.000714945556521416
7800 8440 -1978 0.00118950660931754 -0.000945355869531632 2.08883339054883e-05 -0.000721625612735748
7800 8240 -1978 0.00117485404943897 -0.000933193966388702 -7.34380646049977e-05 -0.000710097068428993
7800 8040 -1978 0.00114481435745814 -0.0009080091784 -0.000161216301381588 -0.000678390884518624
7800 7840 -1978 0.00110351636196541 -0.000872028805732727 -0.000243146084427834 -0.000630794980764389
8000 7840 -1978 0.00128524071602874 -0.00105917370486259 -0.000296716638922691 -0.0006647962073
8000 8040 -1978 0.00133772213484044 -0.00110586527085304 -0.000201398707628250 -0.000725407489418983
8000 8240 -1978 0.00137577373032533 -0.00113861964607239 -9.66415554136038e-05 -0.000766237665772438
8000 8440 -1978 0.00139585979666851 -0.00115531598091126 1.34218012536876e-05 -0.000783197565913200
8000 8640 -1978 0.00139724880223269 -0.00115583862042427 0.0001236194559 -0.000775290443539619
8000 8840 -1978 0.00137876713326045 -0.00113860143995285 0.000233728533565998 -0.000741590548276901
8000 9040 -1978 0.00134438841709560 -0.00110664368391037 0.000332111526668072 -0.000687196006894112
8200 9040 -1978 0.00158823345314794 -0.00135631320357323 0.000399814783573151 -0.000722988241434097
8200 8840 -1978 0.00162576332717078 -0.00139240594172478 0.000288904453396797 -0.000787955221652985
8200 8640 -1978 0.00165235402661355 -0.00141795776438713 0.000152774228334427 -0.000834383746623993
8200 8440 -1978 0.00165047587207689 -0.00141759693646431 2.10267418399453e-05 -0.000845020945310593
8200 8240 -1978 0.00162737426704040 -0.00139825493931770 -0.000117340618580580 -0.000824567810535431
8200 8040 -1978 0.00158065347941881 -0.00135747743773460 -0.000245512338161469 -0.000771650257468223
8200 7840 -1978 0.00151501437817509 -0.00129754775285721 -0.000363606853783131 -0.0006925062282
8400 7840 -1978 0.00181189879569661 -0.00160554116773605 -0.000452674978256226 -0.000707381188750267
8400 8040 -1978 0.00189433748855338 -0.00168256159305573 -0.000311859008073807 -0.000812604773163796
8400 8240 -1978 0.00195424530537372 -0.00173571748971939 -0.0001557559444 -0.000884363949537277
8400 8440 -1978 0.0019855779321 -0.00176269149541855 9.69650786468992e-06 -0.000914152958393097
8400 8640 -1978 0.00198880979079240 -0.00176351300859451 0.000175654574722052 -0.000902558590173722
8400 8840 -1978 0.00195956531398898 -0.00173467913961411 0.0003400499407 -0.000845965245485306
8400 9040 -1978 0.00190619345394553 -0.00168225249242783 0.0004857305814 -0.000753519654273987
8600 9040 -1978 0.00233171617954974 -0.00211292240619659 0.000602535486459732 -0.000780647317886353
8600 8840 -1978 0.00238788460621131 -0.00217004569387436 0.000433104839086533 -0.000897576000452042
8600 8640 -1978 0.00242925056829819 -0.00221161861658096 0.000223794615089893 -0.000979815592050553
8600 8440 -1978 0.00242547381992348 -0.00221072637844086 2.08106850646436e-05 -0.000997505901813507
8600 8240 -1978 0.00238998064914007 -0.00218076287603378 -0.000194475953042507 -0.000958602609872818
8600 8040 -1978 0.00231732161345791 -0.00211539238929749 -0.000392317184329033 -0.000860771128416062
8600 7840 -1978 0.00221538815711537 -0.00201798506021500 -0.000571113784790039 -0.000713446830391884
8800 7840 -1978 0.00278058225325753 -0.00258001459932327 -0.000738167068481445 -0.000728298565387726
8800 8040 -1978 0.00290363755849040 -0.00269963720703125 -0.000513911667466164 -0.000937551538944244
8800 8240 -1978 0.00299263371701528 -0.00277984825992584 -0.000264189940750599 -0.00107632198238373
8800 8440 -1978 0.00303864500988299 -0.00281918310785294 4.58609578781761e-08 -0.00113402436399460
8800 8640 -1978 0.00304350843213967 -0.00282011623334885 0.000265999502837658 -0.00111316318273544
8800 8840 -1978 0.00300168027839094 -0.00277732157897949 0.000528398048639298 -0.00100866592454910
8800 9040 -1978 0.00292466975611317 -0.00269823552131653 0.000760441323161125 -0.000833596775293350
9000 9040 -1978 0.00377532120651588 -0.00350311086177826 0.000991280182123184 -0.000999296534061432
9000 8840 -1978 0.00383931997225933 -0.00357203229999542 0.000702826720595360 -0.00121941293001175
9000 8640 -1978 0.00389200376038322 -0.00362534195709228 0.000351984023749828 -0.00137138477897644
9000 8440 -1978 0.00388383613139003 -0.00362227721309662 1.65616094609722e-05 -0.00140141008591652
9000 8240 -1978 0.00383925075366281 -0.00358566936969757 -0.000338383031249046 -0.001329717772
9000 8040 -1978 0.00374639569213989 -0.00350334836578369 -0.0006719984517 -0.00114530883049965
9000 7840 -1978 0.00361696836927826 -0.00337614936828613 -0.000977994405269623 -0.000852996231317520
9200 7840 -1978 0.0048213317932 -0.00445022299575806 -0.00131632139563560 -0.00130692441678047
9200 8040 -1978 0.00492907727257430 -0.00455778563213349 -0.000902699140787124 -0.00164553258991242
9200 8240 -1978 0.00501415812855306 -0.00463095010948181 -0.000464427656650543 -0.0018653563261
9200 8440 -1978 0.00506267384283675 -0.00467020864677429 -1.74440759933787e-05 -0.00195420348596573
9200 8640 -1978 0.00507206128643567 -0.00467395156955719 0.000431030162930489 -0.00192202898454666
9200 8840 -1978 0.00503605962141939 -0.00463610258388519 0.0008868284707 -0.00175581682682037
9200 9040 -1978 0.00497532643471967 -0.00456732714843750 0.00131113797807693 -0.00147384615755081
9400 9040 -1978 0.00647077805394918 -0.00580928033542633 0.00169415783643723 -0.00229232511138916
9400 8840 -1978 0.00649039569106637 -0.00584629516601563 0.0011720623908 -0.00256369207096100
9400 8640 -1978 0.00652822404659833 -0.00588533238887787 0.000571663043260574 -0.00276654536199570
9400 8440 -1978 0.00651141796529445 -0.00587588524818420 1.37743664065783e-05 -0.00280564696311951
9400 8240 -1978 0.00647559898762291 -0.005848317667 -0.000577401944518089 -0.00271992706537247
9400 8040 -1978 0.00640318370763364 -0.00578794255924225 -0.00114429157209396 -0.00248888601398468
9400 7840 -1978 0.00632329747529742 -0.00570282230091095 -0.00170300074291229 -0.00213460519027710
9600 7840 -1978 0.0079894805021 -0.00703823945236206 -0.00210656922388077 -0.00313977252149582
9600 8040 -1978 0.0081022665336 -0.00713770530319214 -0.00143421375656128 -0.00355568796253204
9600 8240 -1978 0.00819418309794207 -0.00720449561691284 -0.000742581222891808 -0.00383264691925049
9600 8440 -1978 0.00824612208942815 -0.00724095710563660 -3.45726558100432e-05 -0.0039455025711
9600 8640 -1978 0.00826012474879308 -0.00724954092979431 0.000670479120254517 -0.00390150409221649
9600 8840 -1978 0.00822706510169412 -0.00722172510147095 0.00139386950635910 -0.00368643709945679
9600 9040 -1978 0.00817369520376454 -0.00716697710418701 0.00208464996814728 -0.00333115567016602
9800 9040 -1978 0.0102375049107456 -0.00875297569465637 0.0025596097083 -0.00465225512313843
9800 8840 -1978 0.0102847051317119 -0.0087818695774 0.00176847094869614 -0.00505209922504425
9800 8640 -1978 0.0103433012250145 -0.00881273350524902 0.000863959140777588 -0.00534534874343872
9800 8440 -1978 0.0103236498586 -0.00879734229278565 2.08251021510805e-05 -0.00540240656185150
9800 8240 -1978 0.0102779635284435 -0.00877274022865295 -0.000875433523178101 -0.00528291390419006
9800 8040 -1978 0.0101688948418405 -0.00871424325561524 -0.00173614204645157 -0.00494456496334076
9800 7840 -1978 0.0100202989003967 -0.0086167008686 -0.00258061233329773 -0.00441580749797821
10000 7840 -1978 0.0127159288679408 -0.0105981446685791 -0.00319736636161804 -0.00625696947193146
10000 8040 -1978 0.0128841538393165 -0.0106467934036255 -0.00216150091981888 -0.00692680628204346
10000 8240 -1978 0.0130001481084 -0.0106670556926727 -0.00110696449422836 -0.00734795232009888
10000 8440 -1978 0.0130616234079275 -0.0106842243041992 -4.93960691802204e-05 -0.00751374495506287
10000 8640 -1978 0.0130777013803 -0.0107005976810455 0.00100721534371376 -0.00745056519317627
10000 8840 -1978 0.0130274566446834 -0.0107065599212647 0.00210333543586731 -0.00711773101806641
10000 9040 -1978 0.0129480624609152 -0.0107049869823456 0.0031532058835 -0.00656598722267151
10200 9040 -1978 0.0166648193846384 -0.0130677367820740 0.00394314509105682 -0.00955986795043945
10200 8840 -1978 0.0166441597181240 -0.0129355772552490 0.00269250810623169 -0.010121892807
10200 8640 -1978 0.0166830994035674 -0.0128662756881714 0.00130794533824921 -0.0105393482513428
10200 8440 -1978 0.0166531941700119 -0.0128309179153442 4.31346208676696e-05 -0.0106157694454193
10200 8240 -1978 0.0166486113946685 -0.0128744860420227 -0.0013092615242 -0.0104744756793976
10200 8040 -1978 0.0165882017820267 -0.0129630261611938 -0.00262982756423950 -0.0100096213417
10200 7840 -1978 0.0164936453811839 -0.0130778629913330 -0.00398675824642181 -0.00922832080841065
10400 7840 -1978 0.0219713113858399 -0.0158927198562622 -0.00492419556808472 -0.0143483221244812
10400 8040 -1978 0.0217697692538895 -0.0154449182624817 -0.00321834120655060 -0.0150006544227600
10400 8240 -1978 0.0216356956374175 -0.0151511608772278 -0.00161397746896744 -0.0153605782585144
10400 8440 -1978 0.0215718866666198 -0.0150297069778442 -5.27508911230916e-05 -0.0154737455101
10400 8640 -1978 0.0216030137973926 -0.0150704598922729 0.00150566873216629 -0.0154049940185547
10400 8840 -1978 0.0217068006345 -0.0152732906341553 0.00315662510728836 -0.0150977832717896
10400 9040 -1978 0.0219141370288390 -0.0156278667907715 0.00486980515766144 -0.0145699752578735
10600 9040 -1978 0.0287186296763846 -0.0174269046363831 0.00572846712112427 -0.0220966359062195
10600 8840 -1978 0.0278877615404543 -0.0168108368949890 0.00378004440689087 -0.0219279756622314
10600 8640 -1978 0.0274786624828453 -0.0164313112792969 0.00182484479141235 -0.0219490968742371
10600 8440 -1978 0.0273695003741156 -0.0163579142875671 0.000122146869614720 -0.0219433467597961
10600 8240 -1978 0.0276517273171224 -0.0165708774986267 -0.00169673352766037 -0.0220711780166626
10600 8040 -1978 0.0282797103030937 -0.0171162380332947 -0.00356562770652771 -0.0222275214424133
10600 7840 -1978 0.0293767448395 -0.0180300761260986 -0.00568538974094391 -0.0224843452491760
10800 7840 -1978 0.0354212612977548 -0.0171635553665161 -0.00535757979106903 -0.0305178293762207
10800 8040 -1978 0.0337099992737957 -0.0162900875473 -0.00337103913593292 -0.0293211070175171
10800 8240 -1978 0.0327230341343957 -0.0157552652931213 -0.00160372713136673 -0.0286361959228516
10800 8440 -1978 0.0323300851987547 -0.0155532872886658 6.28424260166939e-05 -0.0283430011520386
10800 8640 -1978 0.0324362399921543 -0.0156105579872131 0.00172622846269608 -0.0283794341354370
10800 8840 -1978 0.0330782904351304 -0.0159683198165894 0.00356043768501282 -0.0287500106506348
10800 9040 -1978 0.0343544649548962 -0.0166035722770691 0.00557740687561035 -0.0295543530654907
11000 9040 -1978 0.0363289135337768 -0.0131471836853 0.00434702260684967 -0.0335858019561768
11000 8840 -1978 0.0353404168513820 -0.0129541503829956 0.00301688200569153 -0.0327419222717285
11000 8640 -1978 0.0347346886269982 -0.0127479673423767 0.00155239877963066 -0.0322734644851685
11000 8440 -1978 0.0346123488484 -0.0127159350795746 0.0002661401751 -0.0321902291564942
11000 8240 -1978 0.0349365211005993 -0.0127633725929260 -0.00109868717789650 -0.0325028913726807
11000 8040 -1978 0.0357443974862637 -0.0129498710327148 -0.00245338409471512 -0.0332280895080566
11000 7840 -1978 0.0370713133981680 -0.0131968136672974 -0.00386564637565613 -0.0344305423812866
11200 7840 -1978 0.0367344001517776 -0.00907923386001587 -0.00247104062938690 -0.0355088386917114
11200 8040 -1978 0.0359080574360372 -0.00922491710662842 -0.0016053274405 -0.0346655985107422
11200 8240 -1978 0.0353668240764910 -0.00928308764076233 -0.000694649922728539 -0.0341197719421387
11200 8440 -1978 0.0351402540831 -0.00931759021759033 0.000236416468262672 -0.0338819406967163
11200 8640 -1978 0.0352109586042911 -0.00933811973381042 0.00117420629119873 -0.0339300566253662
11200 8840 -1978 0.0356032000708131 -0.00935999066543579 0.002146769701 -0.0342836668090820
11200 9040 -1978 0.0362819398489 -0.00931516304588318 0.00306644109153748 -0.0349311908416748
11400 9040 -1978 0.0357988354664210 -0.00632882940578461 0.00216614530086517 -0.0351687631607
11400 8840 -1978 0.0353859340601463 -0.00649933329582214 0.00163862635803223 -0.0347458535690308
11400 8640 -1978 0.0351030614160892 -0.0065465421009 0.000966015563011169 -0.0344737336425781
11400 8440 -1978 0.0350464183025570 -0.00654985126113892 0.000335951305925846 -0.0344272859954834
11400 8240 -1978 0.0351883367609693 -0.00646024734115601 -0.000334577706396580 -0.0345880128326416
11400 8040 -1978 0.0355426562894 -0.00630805474472046 -0.000948171052694321 -0.0349648020401
11400 7840 -1978 0.0360715848638401 -0.00603838881969452 -0.00150233476233482 -0.0355316523818970
11600 7840 -1978 0.0354883405331102 -0.00397072997379303 -0.000876729569435120 -0.0352542599334717
11600 8040 -1978 0.0351346204352 -0.00422185651016235 -0.000530348721027374 -0.0348760663909912
11600 8240 -1978 0.0348933327524937 -0.00437558082008362 -0.000127193759396672 -0.0346171292419434
11600 8440 -1978 0.0347904156951321 -0.00445138351917267 0.000304800156831741 -0.0345032473220825
11600 8640 -1978 0.0348246400102350 -0.00445360088157654 0.0007444976828 -0.0345306942062378
11600 8840 -1978 0.0350065104056725 -0.00438784835815430 0.00118164254426956 -0.0347101736984253
11600 9040 -1978 0.0353066162481951 -0.00422683278751373 0.00155666355776787 -0.0350181072311401
11800 9040 -1978 0.0349192309829621 -0.00276022579431534 0.00115722796225548 -0.0347916080322266
11800 8840 -1978 0.0347216274788361 -0.0029030846219 0.000941734614372253 -0.0345868048171997
11800 8640 -1978 0.0345774429462 -0.00296374469375610 0.000637203634023666 -0.0344445572204590
11800 8440 -1978 0.0345476327990402 -0.00297154795122147 0.000350447910785675 -0.0344179617385864
11800 8240 -1978 0.0346158713358752 -0.00290105087518692 4.07129814177752e-05 -0.0344939422225952
11800 8040 -1978 0.0347852327761418 -0.00277144795084000 -0.000230383201658726 -0.0346738867034912
11800 7840 -1978 0.0350347730622175 -0.002562484591 -0.000462615195631981 -0.0349387316894531
12000 7840 -1978 0.0347120117858817 -0.00157381578302383 -0.000179483287870884 -0.0346757613754272
12000 8040 -1978 0.0345291078680716 -0.00172147015142441 -3.77149045020342e-05 -0.0344861334838867
12000 8240 -1978 0.0344010982307508 -0.00181630847597122 0.000135257758885622 -0.0343529095993
12000 8440 -1978 0.0343479715600215 -0.00186424167394638 0.000326184801578522 -0.0342957921142578
12000 8640 -1978 0.0343685823460414 -0.00186315164327621 0.000520703658819199 -0.0343138094406128
12000 8840 -1978 0.0344686092585496 -0.00181727970695496 0.000713895360112191 -0.0344133760147
12000 9040 -1978 0.0346336873159866 -0.0017150213418 0.000871620512962341 -0.0345800436325
12200 9040 -1978 0.0344495554149 -0.000934769683599472 0.000665958612322808 -0.0344304643402100
12200 8840 -1978 0.0343257799132484 -0.00100601950621605 0.000586394325017929 -0.0343060232772827
12200 8640 -1978 0.0342364476590431 -0.00103613120651245 0.000461480938196182 -0.0342175130233765
12200 8440 -1978 0.0342160617843438 -0.0010417482717 0.000347988938927651 -0.0341984066467285
12200 8240 -1978 0.0342555931938191 -0.00100696600413322 0.0002222390846 -0.0342402638473511
12200 8040 -1978 0.0343565629756593 -0.000944261368513107 0.000115081684663892 -0.0343437681884766
12200 7840 -1978 0.0345033341495257 -0.000845334540843963 2.58247576914728e-05 -0.0344927925033569
12400 7840 -1978 0.0343966720865669 -0.000264905033349991 0.000185911842733622 -0.0343950319671631
12400 8040 -1978 0.0342686019334 -0.000313913430929184 0.000225596107721329 -0.0342662978515625
12400 8240 -1978 0.0341794078356908 -0.000344793619930744 0.0002756628406 -0.0341762048492432
12400 8440 -1978 0.0341436175314396 -0.0003604268735 0.000331409769415855 -0.0341403086166382
12400 8640 -1978 0.0341611033895279 -0.000359325127720833 0.000390670264124870 -0.0341568704223633
12400 8840 -1978 0.0342343726600926 -0.000344984561085701 0.000449898696899414 -0.0342297010726929
12400 9040 -1978 0.0343530105239648 -0.000309806540489197 0.000498192288398743 -0.0343480007629395
12600 9040 -1978 0.0343451643103670 0.000240852133393288 0.000355929439 -0.0343426235198975
12600 8840 -1978 0.0342342242388292 0.000231209552884102 0.000358068936884403 -0.0342314930191
12600 8640 -1978 0.0341537011237918 0.0002358232665 0.000343033755898476 -0.0341510561218262
12600 8440 -1978 0.0341341127908374 0.000232956809878349 0.000341106476962566 -0.0341314360122681
12600 8240 -1978 0.0341672673789381 0.000237458740472794 0.0003327119162 -0.0341648222045899
12600 8040 -1978 0.0342529794397772 0.000239569881677628 0.000328680404841900 -0.0342509111480713
12600 7840 -1978 0.0343806483060137 0.000245157960355282 0.000326159493565559 -0.0343779325866699
12800 7840 -1978 0.0344571306473211 0.000750170735478401 0.000462892653226852 -0.0344457433471680
12800 8040 -1978 0.0343173641610469 0.000789402328372002 0.000426615742683411 -0.0343057146072388
12800 8240 -1978 0.0342209237973472 0.000817979477882385 0.000381999231636524 -0.0342090136032105
12800 8440 -1978 0.0341826507698547 0.000831191006660461 0.000332860709428787 -0.0341708530273437
12800 8640 -1978 0.0342022031418864 0.000831367019653320 0.000285318539142609 -0.0341909616012573
12800 8840 -1978 0.0342839421258137 0.000812640804529190 0.000245196525156498 -0.0342731804428101
12800 9040 -1978 0.0344134735771988 0.000785209909081459 0.000211718021243811 -0.034403817276
13000 9040 -1978 0.0345691501991979 0.00138896718239784 5.36472302079201e-05 -0.0345411933441162
13000 8840 -1978 0.0344199028441484 0.00143761226224899 0.000135502793133259 -0.0343896511001587
13000 8640 -1978 0.0343150807469725 0.00147966906714439 0.000228930140554905 -0.0342826264266968
13000 8440 -1978 0.0342879612307483 0.00147947170495987 0.0003345548827 -0.0342542415466309
13000 8240 -1978 0.0343344825787629 0.00145643900203705 0.000440655127048492 -0.0343005187759400
13000 8040 -1978 0.0344514292940370 0.00139930770373344 0.000537986349225044 -0.0344184272232
13000 7840 -1978 0.0346256491839 0.00131451225137711 0.000618296807646751 -0.0345951636505127
13200 7840 -1978 0.0348917228615891 0.00201250511503220 0.0008135812211 -0.0348243764572144
13200 8040 -1978 0.0346619757185 0.00214763610744476 0.000678224367141724 -0.0345881582946777
13200 8240 -1978 0.0345052666812749 0.00223909485721588 0.000514058609366417 -0.0344282628479
13200 8440 -1978 0.0344415371436773 0.00228259204053879 0.000335711060047150 -0.0343643634033203
13200 8640 -1978 0.0344721644714645 0.00228164838123322 0.0001577613984 -0.0343959944610596
13200 8840 -1978 0.0345999120595432 0.00222599419832230 -8.0768243499333e-06 -0.0345279283370972
13200 9040 -1978 0.0348083406388839 0.00213054448461533 -0.000143229048281908 -0.0347420127639770
13400 9040 -1978 0.0351221931585145 0.00311137373971939 -0.000407537299036980 -0.0349815733337402
13400 8840 -1978 0.0348489283761435 0.00322320117473602 -0.000198450117111206 -0.0346987295455933
13400 8640 -1978 0.0346627760283555 0.00330825542354584 6.02592772990465e-05 -0.0345045418014526
13400 8440 -1978 0.0346161861865519 0.00330908120441437 0.000328861507713795 -0.0344560905761719
13400 8240 -1978 0.0347016875138156 0.00325960320091248 0.000609731325268745 -0.0345428581085205
13400 8040 -1978 0.0349183516137267 0.00313669943094254 0.000864308449268341 -0.0347666829757690
13400 7840 -1978 0.0352463658815540 0.00294952443885803 0.00108014211535454 -0.0351057576675415
13600 7840 -1978 0.0356636575921 0.00426919540596008 0.00146460119247437 -0.0353778503875732
13600 8040 -1978 0.0351892609075785 0.00450538475704193 0.00113649746966362 -0.0348811405334473
13600 8240 -1978 0.0348742726147 0.00465828090381622 0.000754698835611343 -0.0345529015197754
13600 8440 -1978 0.0347490033216996 0.00472971680736542 0.000346712674558163 -0.0344240529022217
13600 8640 -1978 0.0348039528077682 0.00472964551544190 -6.11638928875327e-05 -0.0344809113616943
13600 8840 -1978 0.0350522275207422 0.00464113499355316 -0.000452282049179077 -0.0347408156814575
13600 9040 -1978 0.0354669332220658 0.00448071722126007 -0.000784136473894119 -0.0351740196075440
13800 9040 -1978 0.0357195373742 0.00643930491828919 -0.0013521579945 -0.0351083532943726
13800 8840 -1978 0.0351467508418956 0.00656961830711365 -0.000858901901245117 -0.0345166538467407
13800 8640 -1978 0.0347605545965151 0.00667337273216248 -0.000264833969533443 -0.0341132685012817
13800 8440 -1978 0.0346703115645123 0.00666697812271118 0.000323204012453556 -0.0340211002731323
13800 8240 -1978 0.0348416169719507 0.00660976949882507 0.000943013559818268 -0.0341955861511231
13800 8040 -1978 0.0352948603132262 0.00645729887962341 0.00151875690293312 -0.0346658886108398
13800 7840 -1978 0.0360121281317659 0.00620644613838196 0.00204061337804794 -0.0354154919509888
14000 7840 -1978 0.0359146064627128 0.00904154237937927 0.00291511471509933 -0.0346352420425415
14000 8040 -1978 0.0348701785610819 0.0092085580902 0.00210510994148254 -0.0335671484222412
14000 8240 -1978 0.0342238837442540 0.00929984201431274 0.00124780883479118 -0.0329129412612915
14000 8440 -1978 0.0339753366890592 0.00934305230331421 0.0003690524078 -0.0326634425964355
14000 8640 -1978 0.0340856957046619 0.00935627437019348 -0.000508425899386406 -0.0327726171417236
14000 8840 -1978 0.0345927918108550 0.00931640018081665 -0.0013940210886 -0.0332864591140747
14000 9040 -1978 0.0354701879660476 0.00923535279464722 -0.00221258078575134 -0.0341724935684204
14200 9040 -1978 0.0337861855954368 0.0129510946922302 -0.00350288238143921 -0.0310081489028931
14200 8840 -1978 0.0327969415494244 0.0127460972995758 -0.00226421158981323 -0.0301332776718140
14200 8640 -1978 0.0321229799583963 0.0126516521759 -0.000929529726028442 -0.0295119285736
14200 8440 -1978 0.0319831546966500 0.0126024806709290 0.0002947791993 -0.0293941112518311
14200 8240 -1978 0.0322387058795973 0.0126670989837646 0.00159361665797234 -0.0296041927490234
14200 8040 -1978 0.0329986000405880 0.0127964945697784 0.00287049788999558 -0.0302824899444580
14200 7840 -1978 0.0343065415428841 0.0129827280197144 0.00419230917549133 -0.0314771680679321
14400 7840 -1978 0.0301071751521429 0.0171193588829 0.00562262402057648 -0.0241194102973938
14400 8040 -1978 0.0290215353618499 0.0163313189735413 0.00371103082942963 -0.0237013704338
14400 8240 -1978 0.0283778995218634 0.0158606146659851 0.0019892359457 -0.0234475803451538
14400 8440 -1978 0.0281421907431975 0.0156797922401428 0.000355987776875496 -0.0233663032798767
14400 8640 -1978 0.0282620173001683 0.0157459200477600 -0.00127518392038345 -0.0234351000671387
14400 8840 -1978 0.0287984388704399 0.0160680678825378 -0.00304703059053421 -0.0237035835914612
14400 9040 -1978 0.0297338255225651 0.0166721010665894 -0.00498913740348816 -0.0241072925491333
14600 9040 -1978 0.0247695185313603 0.0180321975288391 -0.005586510499 -0.0160362028236389
14600 8840 -1978 0.0241920031278810 0.0173598679924 -0.00356547425651550 -0.0164672215232849
14600 8640 -1978 0.0237471669932453 0.0169270502090454 -0.00154932166838646 -0.0165831186485290
14600 8440 -1978 0.0236585770384705 0.0168376105041504 0.000182276682853699 -0.0166187452774
14600 8240 -1978 0.0237701955576916 0.0170473213310242 0.00202605187463760 -0.0164418021812439
14600 8040 -1978 0.024186603457 0.0176042475929260 0.00391496350574493 -0.0161169725837708
14600 7840 -1978 0.0249181959399554 0.0185541139183 0.0060499650402 -0.0154938461532593
14800 7840 -1978 0.0199891817339117 0.0166344953269958 0.00526594035053253 -0.00975394003486634
14800 8040 -1978 0.0196128626123108 0.0161305056037903 0.0035037032814 -0.0105919557800293
14800 8240 -1978 0.0193895378993678 0.0157986224403381 0.0018401845622 -0.0110886622428894
14800 8440 -1978 0.019321654214 0.0156714974136353 0.0002330783782 -0.0112999424533844
14800 8640 -1978 0.0193960243332982 0.0157305613937378 -0.00137782173085213 -0.0112631297035217
14800 8840 -1978 0.0196526905488741 0.0160016435852 -0.00311733307456970 -0.0109753306503296
14800 9040 -1978 0.0200456603372 0.0164313118057251 -0.00493815404415131 -0.0103663636054993
15000 9040 -1978 0.0159610193538506 0.0137750161590576 -0.00402681961727142 -0.00698500335121155
15000 8840 -1978 0.0158312219795149 0.0136580198860168 -0.00270444445991516 -0.00753417864799500
15000 8640 -1978 0.0156677648196 0.0135135606689453 -0.00124188792848587 -0.00783081153106689
15000 8440 -1978 0.0156208706928184 0.0134804912452698 7.96246890127659e-05 -0.00789195841407776
15000 8240 -1978 0.0156003575588 0.0134966402969360 0.00147394783878326 -0.0076837057743
15000 8040 -1978 0.0156644484242770 0.0136042779998779 0.00283625373411179 -0.00722830900764465
15000 7840 -1978 0.0157568030503197 0.0137222943267822 0.00423443290138245 -0.00648407637596131
15200 7840 -1978 0.0124609992754558 0.0111118368568420 0.00337741365242004 -0.00451603715896606
15200 8040 -1978 0.0124808979028 0.0111585542678833 0.00230609513282776 -0.00509348243331909
15200 8240 -1978 0.0124903237269762 0.0111654682674408 0.00122453246855736 -0.00546269396972656
15200 8440 -1978 0.0125210198427 0.0111844838657379 0.000122152893111110 -0.00562788794136047
15200 8640 -1978 0.0125621731611893 0.0112057079963684 -0.000975995593786240 -0.00559412195968628
15200 8840 -1978 0.0126355436549653 0.0112471237697601 -0.00211616695117951 -0.00535541309165955
15200 9040 -1978 0.0127033218055487 0.0112622023887634 -0.00323576507425308 -0.00490694518184662
15400 9040 -1978 0.0101680473560156 0.00918074598503113 -0.00262076350641251 -0.00349781200695038
15400 8840 -1978 0.0101724357904205 0.00924463142204285 -0.00179540623569489 -0.00384560725402832
15400 8640 -1978 0.0101213925498604 0.00923729615402222 -0.000847614494562149 -0.00404927027034759
15400 8440 -1978 0.0100957676340528 0.00922970670127869 2.97194438297302e-05 -0.00409101476192474
15400 8240 -1978 0.0100422587466336 0.00918085879898071 0.000961188328266144 -0.00395412628936768
15400 8040 -1978 0.00999860030569022 0.00912094979286194 0.00184649950027466 -0.00365756194114685
15400 7840 -1978 0.009938207071 0.00900991814041138 0.00270874810647965 -0.00320187735319138
15600 7840 -1978 0.00797801784406577 0.0073488738346 0.00220115904617310 -0.00219009426736832
15600 8040 -1978 0.00802734197735110 0.00745635469818115 0.00151210821151733 -0.00256020480537415
15600 8240 -1978 0.00806827146519433 0.00752187586593628 0.000795007220864296 -0.00280818709659576
15600 8440 -1978 0.00810404359105139 0.00756069598007202 6.65975080877543e-05 -0.00291654331302643
15600 8640 -1978 0.00813139540311138 0.00757079636955261 -0.0006633682177 -0.00289181191301346
15600 8840 -1978 0.00816090402443100 0.00755967409515381 -0.00141576086306572 -0.00272858527183533
15600 9040 -1978 0.00817104076641738 0.00750272946739197 -0.00213473756122589 -0.00243248420953751
15800 9040 -1978 0.00652584298815014 0.00609148340129852 -0.00174734841156006 -0.00155817028594017
15800 8840 -1978 0.00653505898653400 0.00615773555946350 -0.00120407575201988 -0.00182726168918610
15800 8640 -1978 0.00650685234454350 0.00616857684421539 -0.000573423821687698 -0.00198971663093567
15800 8440 -1978 0.00649085710767970 0.00616743864154816 6.75145312472159e-06 -0.00202358959722519
15800 8240 -1978 0.00644836645223394 0.00612319099044800 0.000622991050958633 -0.00192331121969223
15800 8040 -1978 0.00640890657824917 0.00606068574714661 0.00120907469773293 -0.00169700526618958
15800 7840 -1978 0.00636681747142576 0.00596339283275604 0.00178014363145828 -0.00134487537932396
16000 7840 -1978 0.00495317801645978 0.0046830401659 0.00138268937015533 -0.000831005907297134
16000 8040 -1978 0.00501409891126300 0.00478882857322693 0.000953392185688019 -0.00113989127922058
16000 8240 -1978 0.00506366859833576 0.00485781982707977 0.000500473747134209 -0.00133850859475136
16000 8440 -1978 0.00509974242749241 0.00489672382164001 3.12208321392536e-05 -0.00142459091424942
16000 8640 -1978 0.00511571840245058 0.00490094100093842 -0.000435076542973518 -0.00140072753143311
16000 8840 -1978 0.00511836476188551 0.00487519223499298 -0.000912705487728119 -0.00126383572912216
16000 9040 -1978 0.0050984473115 0.00480688827323914 -0.00136271173238754 -0.00101536885976791
16200 9040 -1978 0.00391208580557353 0.00368531720829010 -0.00102440697622299 -0.000821037387371063
16200 8840 -1978 0.00397482993215698 0.00377934102249146 -0.000722107177972794 -0.000997044031858444
16200 8640 -1978 0.00399022319175946 0.00381640779304504 -0.000353115348219871 -0.00110992073607445
16200 8440 -1978 0.00398604626523815 0.00382162213611603 -2.93568833710924e-06 -0.00113316717338562
16200 8240 -1978 0.00394054395582047 0.00377470362472534 0.000368338909864426 -0.00106949785447121
16200 8040 -1978 0.00387121310314079 0.00369191064739227 0.000713339381575584 -0.000920540049076081
16200 7840 -1978 0.00376823487057542 0.0035577960596 0.00103027363729477 -0.000693334221720695
16400 7840 -1978 0.00291129950266044 0.00271883754634857 0.000779681311488152 -0.000689571553349495
16400 8040 -1978 0.00301500006409329 0.00284130602788925 0.000548111497759819 -0.000846468407630921
16400 8240 -1978 0.00308530004766807 0.00291984640502930 0.000289118621647358 -0.000953930698633194
16400 8440 -1978 0.00312282073417319 0.00295846638536453 1.57081075496972e-05 -0.000999693004846573
16400 8640 -1978 0.00312870398893200 0.00295784164285660 -0.000257508395731449 -0.000986462539672852
16400 8840 -1978 0.00310275829039555 0.00291835508966446 -0.000531095782876015 -0.000910081156969070
16400 9040 -1978 0.00303727579192775 0.00283192195701599 -0.000772787667989731 -0.000779389477849007
16600 9040 -1978 0.00242247746714403 0.0022180027647 -0.000604229472875595 -0.000764088834762573
16600 8840 -1978 0.00248423875408660 0.00229291107273102 -0.000431536213278771 -0.000853116519927979
16600 8640 -1978 0.00251009911234154 0.00232836781549454 -0.0002127511388 -0.000913066740512848
16600 8440 -1978 0.00251006478565006 0.00233326336669922 -3.27376746204391e-06 -0.000925468808889389
16600 8240 -1978 0.00247508588946943 0.00229823635768890 0.000219314682781696 -0.000892252079010010
16600 8040 -1978 0.00241347753465063 0.00223182365751267 0.000423127997636795 -0.000815187198877335
16600 7840 -1978 0.00232146917494348 0.00212799175453186 0.000606752198457718 -0.000702154895544052
16800 7840 -1978 0.00190405248017553 0.00170339986515045 0.000484963845133781 -0.000699038493633270
16800 8040 -1978 0.00197593336686971 0.00178212505435944 0.000340492484688759 -0.000782617946028710
16800 8240 -1978 0.00202625883529081 0.00183504451847076 0.000179122429788113 -0.000840459470033646
16800 8440 -1978 0.00205244282539949 0.00186091578149796 8.99034253286663e-06 -0.0008655211575
16800 8640 -1978 0.00205434676806283 0.00185963524484634 -0.000161326766490936 -0.000857820561885834
16800 8840 -1978 0.00203207951717298 0.00183129692411423 -0.000331240109860897 -0.000816102561473846
16800 9040 -1978 0.00198323556703140 0.00177375610685349 -0.000481174465179443 -0.000745307803392410
17000 9040 -1978 0.00165448793608549 0.0014393025043 -0.000391659371256828 -0.000716022754549980
17000 8840 -1978 0.0016952687566 0.00148594143795967 -0.000278352796852589 -0.000766955646514893
17000 8640 -1978 0.00171416073281452 0.00150900747227669 -0.000137467386066914 -0.000801553965449333
17000 8440 -1978 0.00171480853359046 0.00151208576464653 -2.29406357770495e-06 -0.000808817582368851
17000 8240 -1978 0.00169237001195543 0.00149000040221214 0.000141437681734562 -0.000790034637570381
17000 8040 -1978 0.00165237420921865 0.00144872996735573 0.000273360283374786 -0.000746187754154206
17000 7840 -1978 0.00159362068917151 0.00138584442639351 0.000394050995171070 -0.000681153418183327
17200 7840 -1978 0.00135546799758732 0.00114240659379959 0.000324422446191311 -0.000653342526197433
17200 8040 -1978 0.00140109242295647 0.0011901413753 0.000226908673882484 -0.000703682533264160
17200 8240 -1978 0.00143290565695894 0.00122230994534493 0.000118835940837860 -0.000738314744949341
17200 8440 -1978 0.00144950952536959 0.00123814734506607 6.03634826809867e-06 -0.000753422222971916
17200 8640 -1978 0.00145010861742600 0.00123763331937790 -0.000106548069387674 -0.000748235521316528
17200 8840 -1978 0.00143524589038031 0.00122024983024597 -0.000219767083048820 -0.0007228467698
17200 9040 -1978 0.0014036853904 0.00118486672759056 -0.000320980067431927 -0.000680760573148727
17400 9040 -1978 0.00120446676174142 0.000984880089521408 -0.000266539555490017 -0.000639942671179772
17400 8840 -1978 0.00123038555288781 0.00101294545984268 -0.000188482719272375 -0.000672506036162376
17400 8640 -1978 0.00124295708398648 0.00102709981703758 -9.27443068474532e-05 -0.000693903533339500
17400 8440 -1978 0.00124368963669108 0.00102874228501320 -1.34212997366103e-06 -0.000698895516395569
17400 8240 -1978 0.00122973866693546 0.00101545660543442 9.57934620827437e-05 -0.000686970657348633
17400 8040 -1978 0.00120452705811769 0.000990309604883194 0.000185928687632084 -0.000659785658717156
17400 7840 -1978 0.0011674249172 0.0009521722157 0.000269536413669586 -0.000619663594961166
17600 7840 -1978 0.00101604680654777 0.000801047471880913 0.000226087511599064 -0.000582630083322525
17600 8040 -1978 0.00104490292346216 0.000830058001279831 0.000157285797148943 -0.000615039605259895
17600 8240 -1978 0.00106470009077206 0.000849414867639542 8.2877085134387e-05 -0.000636562687158585
17600 8440 -1978 0.00107502772685491 0.000859289281845093 4.59247258620962e-06 -0.000645829030632973
17600 8640 -1978 0.00107525651883856 0.000858886771678925 -7.3357454508543e-05 -0.000642732233047485
17600 8840 -1978 0.00106544712032011 0.000848442092895508 -0.000151614495515823 -0.000626409737348557
17600 9040 -1978 0.00104504757529592 0.000826982232570648 -0.000222574960410595 -0.000598963617920876
17800 9040 -1978 0.000913974698593182 0.000699838434815407 -0.000187445113360882 -0.000557171647071838
17800 8840 -1978 0.000930874720889654 0.000716845397233963 -0.000131956644982100 -0.000579075142025948
17800 8640 -1978 0.000939151398041154 0.000725055740714073 -6.44991559833288e-05 -0.000593395012736320
17800 8440 -1978 0.000939951219128051 0.000726603669047356 -2.0938686513432e-07 -0.000596469970941544
17800 8240 -1978 0.0009313431868 0.000718451185822487 6.79794807434082e-05 -0.000588691788196564
17800 8040 -1978 0.000914922297597422 0.000702625883340836 0.000131404849112034 -0.0005711036427
17800 7840 -1978 0.000891435539051143 0.000679456898212433 0.000190783284485340 -0.000544607548713684
18000 7840 -1978 0.000788060303859637 0.000580414586782456 0.000162082357764244 -0.000507809031248093
18000 8040 -1978 0.0008067507889 0.000598561903238297 0.000112674439966679 -0.000529022116065025
18000 8240 -1978 0.000819720492929028 0.000610830220341682 5.91870285719633e-05 -0.000543378656148911
18000 8440 -1978 0.000826183153765541 0.000616917400717735 4.18184449938781e-06 -0.000549521643280983
18000 8640 -1978 0.000826045634863051 0.000616478156924248 -5.14564153552055e-05 -0.000547474440813065
18000 8840 -1978 0.000819228368648132 0.000609890850782394 -0.000107102232471108 -0.000536240220785141
18000 9040 -1978 0.000805829675099162 0.000596691315889358 -0.0001582641409 -0.000517915359377861
18200 9040 -1978 0.000714514125421416 0.0005123514117 -0.000134198075771332 -0.000479487735867500
18200 8840 -1978 0.000726108767535032 0.000523071872234345 -9.41246333122254e-05 -0.000494742672681809
18200 8640 -1978 0.0007318003321 0.000528184084057808 -4.5643985286355e-05 -0.0005044072175
18200 8440 -1978 0.000732841674554926 0.000528992856740952 3.86549014849152e-07 -0.0005070811547
18200 8240 -1978 0.000727053179538785 0.0005238037697 4.92754065170884e-05 -0.000501757964730263
18200 8040 -1978 0.000716622350282731 0.000514475609183311 9.53274097591639e-05 -0.000489702755689621
18200 7840 -1978 0.000700668847433698 0.000499006821393967 0.000138137176275253 -0.000472054636836052
18400 7840 -1978 0.0006272828428 0.000432784570813179 0.000118943165570498 -0.0004382166171
18400 8040 -1978 0.000639543057627608 0.000444284533858299 8.23816097676754e-05 -0.000452681793212891
18400 8240 -1978 0.000648288616484100 0.000452173718571663 4.38327989131212e-05 -0.000462598405480385
18400 8440 -1978 0.000652569911745333 0.000455766852259636 3.73248089586559e-06 -0.0004669676361
18400 8640 -1978 0.000651982916854494 0.000455422590970993 -3.63588657304645e-05 -0.000465057394742966
18400 8840 -1978 0.0006472649976 0.000451595385432243 -7.67537078857422e-05 -0.000457466475486755
18400 9040 -1978 0.000638034672239918 0.000443122120141983 -0.000114524097084999 -0.0004446123687
18600 9040 -1978 0.000572346682121505 0.000385867172479630 -9.76949104964733e-05 -0.000411253019928932
18600 8840 -1978 0.000580494229415756 0.000392940748929977 -6.79949160069227e-05 -0.000421743110775948
18600 8640 -1978 0.0005842566738 0.000395605959653854 -3.21871948502958e-05 -0.000428765007257462
18600 8440 -1978 0.000585025790061281 0.000396087390482426 1.31310765542867e-06 -0.0004305441091
18600 8240 -1978 0.000581529712754918 0.000392721842825413 3.70942179113626e-05 -0.000427232595920563
18600 8040 -1978 0.0005744947955 0.000386586667299271 7.04387246519327e-05 -0.000419255742430687
18600 7840 -1978 0.0005641845209 0.000377568507552147 0.000102488081261516 -0.000406647445321083
18800 7840 -1978 0.000509915445324677 0.000331610684514046 8.90559113919735e-05 -0.000377093594014645
18800 8040 -1978 0.000518170573541896 0.000338775788545609 6.19884220957756e-05 -0.000387155193567276
18800 8240 -1978 0.000523898025688395 0.000343520522356033 3.30765954628587e-05 -0.000394094910562039
18800 8440 -1978 0.000526560942160989 0.000346253837347031 3.77109380980619e-06 -0.000396711792588234
18800 8640 -1978 0.000526126778856096 0.000346016052126884 -2.58261411525309e-05 -0.000395538035094738
18800 8840 -1978 0.000522825932030255 0.000343355009496212 -5.55710114240646e-05 -0.000390365579843521
18800 9040 -1978 0.000515943403677196 0.000337752047598362 -8.3434161528945e-05 -0.000380998544394970
19000 9040 -1978 0.000467520998574324 0.000298019259810448 -7.21310891211033e-05 -0.0003530323984
19000 8840 -1978 0.000473301601386733 0.000302786316573620 -4.94453390464187e-05 -0.0003605126149
19000 8640 -1978 0.0004764079127 0.000304732020974159 -2.29973798915744e-05 -0.000365402497589588
19000 8440 -1978 0.000476977767840250 0.000305298839151859 2.12983253294442e-06 -0.000366346023559570
19000 8240 -1978 0.000474837680958676 0.000302894126355648 2.87554229535162e-05 -0.000364557481825352
19000 8040 -1978 0.000470245519013989 0.000299012226045132 5.36664939895272e-05 -0.000358946297168732
19000 7840 -1978 0.000463051093413547 0.000293029506087303 7.75743929296732e-05 -0.000350078758895397
