# amount of points in x direction: 66 (distance of 200 steps)
# amount of points in y direction: 15 (distance of 200 steps)
# abs. coordinates of point 1: P1 (, , ) (offsets not corrected)
# Offsets of the hall probe have already been corrected for all following coordinates.
#
# X (absolute in steps=10um) Y (absolute in steps=10um) Z (absolute in steps=10um) Babs(in T) Bx By Bz
6000 7040 -5378 0.000456201808617981 0.000205672389984131 -0.000145898260891438 -0.000379992895781994
6000 7240 -5378 0.000473031539561267 0.000213554906785488 -0.000128598011583090 -0.000401821115672588
6000 7440 -5378 0.0004886789965 0.000220323500514030 -0.000108527817636728 -0.000422476543188095
6000 7640 -5378 0.000501771674099068 0.000226481608629227 -8.5534830391407e-05 -0.000439428239464760
6000 7840 -5378 0.000512225891229698 0.0002310851618 -6.05681980252266e-05 -0.0004532321099
6000 8040 -5378 0.000519956204724003 0.000234702327191830 -3.39410073012114e-05 -0.000462757544755936
6000 8240 -5378 0.000524413676066868 0.000236621304392815 -6.44429660006426e-06 -0.000467951421618462
6000 8440 -5378 0.000526241626413631 0.000236731225132942 2.18251670412719e-05 -0.000469480818033218
6000 8640 -5378 0.000524385036188013 0.000235817649126053 4.92233008891344e-05 -0.000465750251412392
6000 8840 -5378 0.000519172992586714 0.000233374856770039 7.68405235111713e-05 -0.000457460465550423
6000 9040 -5378 0.000511009673440591 0.000228863801777363 0.000101955379292369 -0.000445451763033867
6000 9240 -5378 0.000499970716525589 0.000223420150160789 0.000125574977636337 -0.000429284379959106
6000 9440 -5378 0.000486320258913909 0.0002171081233 0.0001467189829 -0.000409734719514847
6000 9640 -5378 0.000470207604121425 0.000209253517925739 0.000165046426832676 -0.000387475997149944
6000 9840 -5378 0.000452068969773655 0.000200335575878620 0.000179928250432014 -0.000363186612665653
6200 9840 -5378 0.000498678953933127 0.000224581010997295 0.000206570137441158 -0.000394427239060402
6200 9640 -5378 0.000520157381293975 0.000235118317 0.000189924499124289 -0.000423386547684669
6200 9440 -5378 0.000539658779511279 0.000244164006948471 0.000168754896849394 -0.000450838137984276
6200 9240 -5378 0.000556004864270546 0.000252479289531708 0.000144853089213371 -0.0004737246195
6200 9040 -5378 0.000569225495144640 0.000258768123626709 0.000117622354298830 -0.000493259116411209
6200 8840 -5378 0.000579069575797882 0.000263908792197704 8.82730071991682e-05 -0.000507917744636536
6200 8640 -5378 0.0005850763716 0.000267340969085693 5.65003900825977e-05 -0.000517271974682808
6200 8440 -5378 0.000587160167751012 0.000268634574770927 2.40416986048222e-05 -0.000521550117015838
6200 8240 -5378 0.000585188642851394 0.000267971263825893 -8.90889989864081e-06 -0.000520151690363884
6200 8040 -5378 0.000579355204036239 0.000265633427679539 -4.08642126843333e-05 -0.000513146359086036
6200 7840 -5378 0.000569789165232951 0.000261462146937847 -7.1603116363287e-05 -0.000501297311782837
6200 7640 -5378 0.000557133651163566 0.000255699004173279 -0.000100049977749586 -0.000484583258271217
6200 7440 -5378 0.000541305719518930 0.000248142745435238 -0.000126286432087421 -0.000464076712012291
6200 7240 -5378 0.0005226390304 0.000239458559632301 -0.000149727690160275 -0.000439719597458839
6200 7040 -5378 0.000501869415769894 0.0002294084748 -0.000169387796849012 -0.000412979946792126
6400 7040 -5378 0.000554742328021737 0.000258415505349636 -0.000196911513656378 -0.000449616304039955
6400 7240 -5378 0.000579558655860500 0.0002703029766 -0.000175309711068869 -0.000481769671082497
6400 7440 -5378 0.000601909809821994 0.000281054113149643 -0.000149195176422596 -0.000510986997
6400 7640 -5378 0.000621301201231925 0.000290357735276222 -0.000118823492258787 -0.000536272827863693
6400 7840 -5378 0.000636851497677939 0.000297978746473789 -8.52222871333361e-05 -0.0005563523302
6400 8040 -5378 0.000648387669354131 0.000303266965627670 -4.90875343233347e-05 -0.000570960275053978
6400 8240 -5378 0.000655770390453053 0.000306383313059807 -1.17470980528742e-05 -0.000579584978818893
6400 8440 -5378 0.000657856588249504 0.000306866192638874 2.66005002260208e-05 -0.000581509036421776
6400 8640 -5378 0.0006558276302 0.000305623748123646 6.46297346502542e-05 -0.000576594243884087
6400 8840 -5378 0.000648585605122451 0.0003017506498 0.000101814384490252 -0.000565019113898277
6400 9040 -5378 0.000637129429237856 0.000295332226991654 0.000135963739722967 -0.000547854174137116
6400 9240 -5378 0.000621151519740770 0.000287520545780659 0.000167625186562538 -0.000524452541589737
6400 9440 -5378 0.000601587245989175 0.000277388113975525 0.000195308411628008 -0.000496807480931282
6400 9640 -5378 0.0005783403681 0.000265572446227074 0.000218819974839687 -0.000464750569462776
6400 9840 -5378 0.000552311516276072 0.000252768165230751 0.000237723079323769 -0.000429883308291435
6600 9840 -5378 0.000614544305246322 0.000286599615871906 0.000275059865713119 -0.0004689707818
6600 9640 -5378 0.000645357115715413 0.000302458244144917 0.000253993807554245 -0.000510366376399994
6600 9440 -5378 0.000673521183111232 0.000317468129992485 0.000227241929590702 -0.000548822262644768
6600 9240 -5378 0.0006970623081 0.000329425270676613 0.0001955565325 -0.000582359948873520
6600 9040 -5378 0.000716315010790987 0.000339184646010399 0.000158522648811340 -0.000610770761013031
6600 8840 -5378 0.000730255131753773 0.000347553123354912 0.000118580150127411 -0.000631234362721443
6600 8640 -5378 0.0007385847192 0.000351959754526615 7.47979227602482e-05 -0.000645046622157097
6600 8440 -5378 0.0007415849466 0.0003536187188 3.0142941173166e-05 -0.000651147784948349
6600 8240 -5378 0.000738451212010226 0.000352503058671951 -1.53291398454458e-05 -0.0006487765448
6600 8040 -5378 0.000729433479712013 0.000348788276135922 -5.956837426126e-05 -0.000637651197433472
6600 7840 -5378 0.000715288673648227 0.000342496450841427 -0.000101183629319072 -0.000619859943747520
6600 7640 -5378 0.000696599154071383 0.000332813611626625 -0.0001401993623 -0.000595738126516342
6600 7440 -5378 0.000673006957737261 0.000321288765430450 -0.000175523976713419 -0.000564802068114281
6600 7240 -5378 0.000645687783261581 0.000307673962652683 -0.0002054992069 -0.000528933836579323
6600 7040 -5378 0.000615560337463054 0.000292045709311962 -0.000230481054782868 -0.000490351947069168
6800 7040 -5378 0.000686465339232891 0.0003335343945 -0.000270657023727894 -0.0005355379008
6800 7240 -5378 0.000723031472182698 0.000352770348072052 -0.000242780970811844 -0.000582374340295792
6800 7440 -5378 0.000756159319483699 0.000369483206212521 -0.0002085183385 -0.000626120187640190
6800 7640 -5378 0.000784802592 0.000384337531864643 -0.000167697335422039 -0.000663383278131485
6800 7840 -5378 0.000808242476590067 0.000396244928538799 -0.000121746162086725 -0.000693812470674515
6800 8040 -5378 0.000825507713761967 0.000404694823980332 -7.19338254332542e-05 -0.000715863802671432
6800 8240 -5378 0.000836475619757901 0.000409763098955154 -1.99878985062242e-05 -0.000728976629853249
6800 8440 -5378 0.000840295936432701 0.000411050041794777 3.36816845312715e-05 -0.000732120664954186
6800 8640 -5378 0.000837378047686399 0.000408583722233772 8.64472793936729e-05 -0.000725846159219742
6800 8840 -5378 0.000827012376998794 0.0004032563613 0.000138186600118875 -0.000708741751074791
6800 9040 -5378 0.000810462212794235 0.000393231086671352 0.000185153148680925 -0.000684001089334488
6800 9240 -5378 0.000786936583716391 0.000380894571542740 0.000228698072731495 -0.000649527292490006
6800 9440 -5378 0.000758765306133946 0.000365542514741421 0.000265269135236740 -0.000609579663038254
6800 9640 -5378 0.000724472272929392 0.000347533269226551 0.000296047711849213 -0.000562367493271828
6800 9840 -5378 0.000686965090943751 0.000327644311249256 0.000319629775822163 -0.0005122540301
7000 9840 -5378 0.000771649478158958 0.000377821862220764 0.000373468742311001 -0.000559655837178230
7000 9640 -5378 0.000817158068347983 0.000402349151730538 0.000347449051976204 -0.000620740690231323
7000 9440 -5378 0.000858497304594726 0.000424405311226845 0.000311839887917042 -0.000677976080179215
7000 9240 -5378 0.000893265931231983 0.000443644885420799 0.000269293185949326 -0.000727019827961922
7000 9040 -5378 0.000921469490735318 0.000459360255122185 0.000218657931327820 -0.000768214576840401
7000 8840 -5378 0.000941708589749206 0.000471175280570984 0.0001625757969 -0.000798935633778572
7000 8640 -5378 0.000954211336431772 0.0004783769828 0.000101546450749040 -0.000819432681083679
7000 8440 -5378 0.000957976581813562 0.000480953583717346 3.83598950281739e-05 -0.000827645019531250
7000 8240 -5378 0.0009531933573 0.000479106587290764 -2.58014060556889e-05 -0.000823624587059021
7000 8040 -5378 0.000939547717499014 0.000472897793292999 -8.7585057169199e-05 -0.000807070788383484
7000 7840 -5378 0.000918325156018371 0.000462129359245300 -0.000146413124412298 -0.000779847598075867
7000 7640 -5378 0.000889796526727396 0.000447749190211296 -0.000199983670562506 -0.000742563616871834
7000 7440 -5378 0.000854362185023897 0.000429476824998856 -0.000247522673785687 -0.000695696728944779
7000 7240 -5378 0.000813769951079893 0.000407571179151535 -0.000288133822739124 -0.000642835539698601
7000 7040 -5378 0.000768947900459227 0.000383592528045177 -0.000319627383828163 -0.000584787124991417
7200 7040 -5378 0.000866227933244117 0.000444558615565300 -0.000379331156253815 -0.000639360877156258
7200 7240 -5378 0.000921129301075804 0.000475139205098152 -0.000344049032688141 -0.000710233113646507
7200 7440 -5378 0.0009708034065 0.000501655605673790 -0.000297769153654575 -0.000776120354175568
7200 7640 -5378 0.00101407465676516 0.000525466836214066 -0.000241418802499771 -0.000833144237756729
7200 7840 -5378 0.00104950729946681 0.000543956903696060 -0.000177444876432419 -0.000879848170280456
7200 8040 -5378 0.00107579029498426 0.000557893843173981 -0.000107278462737799 -0.000913554096221924
7200 8240 -5378 0.00109262305153550 0.000565549883365631 -3.34097210541368e-05 -0.000934317436456680
7200 8440 -5378 0.00109900525496185 0.000567181645393371 4.31613406836987e-05 -0.000940256728649139
7200 8640 -5378 0.00109476066146119 0.000563806592583656 0.000118258117049932 -0.000930933966398239
7200 8840 -5378 0.00107942505038117 0.000555295037627220 0.000191325765788555 -0.000905757888078690
7200 9040 -5378 0.00105513250662112 0.000540682358980179 0.000258055537819862 -0.000868599472045899
7200 9240 -5378 0.00102008923809787 0.0005211979475 0.0003182694078 -0.000817149379968643
7200 9440 -5378 0.000978123577293464 0.000497947142720223 0.000368636080622673 -0.0007568895663
7200 9640 -5378 0.000927203858886183 0.0004698888961 0.000409134051322937 -0.000686718707561493
7200 9840 -5378 0.0008716281162 0.000438781389951706 0.000438168083429337 -0.000612581711053848
7400 9840 -5378 0.0009905530977 0.000513626501798630 0.000517838312864304 -0.000670340439081192
7400 9640 -5378 0.00105865542477709 0.000552201720118523 0.000485342802166939 -0.000761752540588379
7400 9440 -5378 0.00112064942274279 0.000587173231482506 0.000438075031399727 -0.000848051154375076
7400 9240 -5378 0.00117266376348252 0.000616863156676292 0.000378775575041771 -0.000922531916379929
7400 9040 -5378 0.00121461834796303 0.000641193431377411 0.000307770950138569 -0.000984890303611755
7400 8840 -5378 0.00124519502389452 0.000659371940374375 0.0002276998322 -0.0010314988296
7400 8640 -5378 0.0012636531175 0.000669804927945137 0.000140008270680904 -0.00106234563302994
7400 8440 -5378 0.00126886673738689 0.000673999055624008 4.94688457921147e-05 -0.00107391848087311
7400 8240 -5378 0.00126107959704571 0.000671197744011879 -4.25586747303605e-05 -0.00106682360219955
7400 8040 -5378 0.00124073401975244 0.000661587885737419 -0.000131399504989386 -0.001041311594
7400 7840 -5378 0.00120781254597057 0.000644770078778267 -0.000215309195220470 -0.000998107045888901
7400 7640 -5378 0.00116433919495654 0.0006214641323 -0.000291298394024372 -0.000940595578670502
7400 7440 -5378 0.00111109253871403 0.000592204789996147 -0.000357968901753426 -0.000869297636985779
7400 7240 -5378 0.00104937139724573 0.000557710522651672 -0.000412479094266892 -0.000787673486590385
7400 7040 -5378 0.000981744321437160 0.000519591824173927 -0.000452942659854889 -0.0006987885102
7600 7040 -5378 0.00112048625601276 0.000611508230447769 -0.000544304362058640 -0.000765047591686249
7600 7240 -5378 0.00120381001518092 0.000660601856470108 -0.000497989389777184 -0.000874285675287247
7600 7440 -5378 0.001280013588 0.0007033549292 -0.000434939373373985 -0.000977012983798981
7600 7640 -5378 0.00134600745253696 0.000740593101620674 -0.000355497705876827 -0.0010663959167
7600 7840 -5378 0.00139991669852371 0.000769556554198265 -0.000263360955834389 -0.00113924637579918
7600 8040 -5378 0.00144042709421480 0.000791405515551567 -0.000161816197663546 -0.00119257998442650
7600 8240 -5378 0.00146601915165185 0.000803429932951927 -5.50614982247353e-05 -0.0012250227456
7600 8440 -5378 0.00147567221431346 0.000806792558312416 5.60543923676014e-05 -0.00123421493721008
7600 8640 -5378 0.00146953203607250 0.000801919686436653 0.000165424337625504 -0.00122015692305565
7600 8840 -5378 0.00144729499695904 0.000788790851593018 0.000271542806982994 -0.00118264079713821
7600 9040 -5378 0.00141059895405509 0.000766270395278931 0.0003675080372 -0.00112586941885948
7600 9240 -5378 0.00135823879084440 0.000736241801977158 0.000453748741984367 -0.00104713585758209
7600 9440 -5378 0.00129429038364055 0.000698869975447655 0.000523855518579483 -0.000955077074289322
7600 9640 -5378 0.00121739454681254 0.000655165826916695 0.000578938172698021 -0.000847081938743591
7600 9840 -5378 0.00113318429243043 0.0006055839163 0.000615201488971710 -0.000734265910029411
7800 9840 -5378 0.00130714217298112 0.000720834824681282 0.0007364356867 -0.0008040579468
7800 9640 -5378 0.00141114452344097 0.000782757448196411 0.000696008889913559 -0.000945554738521576
7800 9440 -5378 0.0015061098065 0.0008383444426 0.000631194862 -0.00108067865204811
7800 9240 -5378 0.001585262804 0.000884452944040298 0.000547104920029640 -0.00119675252723694
7800 9040 -5378 0.00164911160531431 0.000922020039319992 0.000443937289476395 -0.00129319192171097
7800 8840 -5378 0.00169451022926618 0.000949398929834366 0.000326729660868645 -0.00136501073908806
7800 8640 -5378 0.00172227771725484 0.000966108963012696 0.000198404608339071 -0.00141192111301422
7800 8440 -5378 0.00172959372668520 0.000972141325235367 6.59122283756733e-05 -0.00142902384018898
7800 8240 -5378 0.00171738213624559 0.000967946350812912 -6.94428748041391e-05 -0.00141692967104912
7800 8040 -5378 0.00168581417311696 0.000952991400957107 -0.000199668353527784 -0.00137619379615784
7800 7840 -5378 0.00163625857098811 0.000926198111057282 -0.000323016301333904 -0.00130963087344170
7800 7640 -5378 0.00156983341737163 0.000890019539117813 -0.000432696762919426 -0.00121871936702728
7800 7440 -5378 0.00148798689107519 0.000844130270957947 -0.000528859384179115 -0.00110550172615051
7800 7240 -5378 0.00139331905251352 0.000788853251338005 -0.000605040771961212 -0.000975973141193390
7800 7040 -5378 0.00128925574085940 0.000726239603281021 -0.000658886210918427 -0.000837191978931427
8000 7040 -5378 0.00149747592382808 0.000870908649682999 -0.000803005329012871 -0.000916042961835861
8000 7240 -5378 0.00162640093371723 0.000950360470771790 -0.000740819660663605 -0.00109243138051033
8000 7440 -5378 0.00174374326454377 0.00101909719562530 -0.000650395542740822 -0.00125671951556206
8000 7640 -5378 0.00184533748201517 0.00107726465201378 -0.000534274149179459 -0.00139987381124496
8000 7840 -5378 0.0019273633589 0.00112276133871078 -0.000398508161 -0.00151503390693665
8000 8040 -5378 0.00198827498282511 0.00115525960087776 -0.000248074209570885 -0.00159927986049652
8000 8240 -5378 0.00202760011296156 0.00117363676357269 -8.93294656276703e-05 -0.00165099959039688
8000 8440 -5378 0.00204243477538325 0.00117960818457603 7.53969313949347e-05 -0.00166549753808975
8000 8640 -5378 0.00203377806979063 0.00117151138734818 0.000237025182962418 -0.00164541989421844
8000 8840 -5378 0.00200059298194758 0.00115137128782272 0.0003936522724 -0.00158800325107574
8000 9040 -5378 0.00194575082378866 0.00111807538056374 0.000535980459451675 -0.00149959479141235
8000 9240 -5378 0.00186661245047432 0.00107141972923279 0.000662385455727577 -0.00137766271328926
8000 9440 -5378 0.00176949214534231 0.00101429414963722 0.000764798850059509 -0.00123208862257004
8000 9640 -5378 0.00165171019113316 0.000945046063899994 0.000841687984466553 -0.00106141218638420
8000 9840 -5378 0.00152123789959697 0.000865935567855835 0.000888266785144806 -0.000880448147296906
8200 9840 -5378 0.00179034510697139 0.00105042274475098 0.00108066098308563 -0.000966585453987122
8200 9640 -5378 0.00195223705642431 0.00115001313924789 0.00102758194828033 -0.00119730154132843
8200 9440 -5378 0.00209854833358388 0.00123617843508720 0.000934030712127685 -0.00141518846917152
8200 9240 -5378 0.00221780220823444 0.00130683838558197 0.000808488898992539 -0.00159911405754089
8200 9040 -5378 0.00231287080448039 0.00136263628625870 0.000654360668778419 -0.00175057274913788
8200 8840 -5378 0.00238081398973554 0.0014035189681 0.000478764080524445 -0.00186263932561874
8200 8640 -5378 0.0024207672696 0.00142778306651115 0.000286822101771832 -0.00193346596765518
8200 8440 -5378 0.00243150227677982 0.00143671780729294 8.9107787579298e-05 -0.00195972615718842
8200 8240 -5378 0.00241322393119490 0.00142998681163788 -0.000113100177168846 -0.00194070767784119
8200 8040 -5378 0.00236642345222272 0.00140835680437088 -0.000308335507094860 -0.00187655058193207
8200 7840 -5378 0.00229166877505563 0.00136945866131783 -0.000491965691089630 -0.00177019613218307
8200 7640 -5378 0.00219222604334115 0.00131482058286667 -0.000656833533167839 -0.00162653769636154
8200 7440 -5378 0.00206712870086066 0.00124341336798668 -0.000800424726247787 -0.00144458003497124
8200 7240 -5378 0.00192158432551302 0.00115695836424828 -0.000912420650482178 -0.00123332943439484
8200 7040 -5378 0.00175942443475703 0.00105529442453384 -0.000986784445285797 -0.00100395578145981
8400 7040 -5378 0.0020994737334 0.00129521800804138 -0.00122623181176186 -0.00110747027707100
8400 7240 -5378 0.0023001103846 0.00142342593359947 -0.00113419981765747 -0.00140639865136147
8400 7440 -5378 0.00247913788457538 0.00152958803963661 -0.000995872361183167 -0.00167748749828339
8400 7640 -5378 0.00263105302141128 0.0016155965743 -0.000818161842823028 -0.001908650568
8400 7840 -5378 0.00275239818189906 0.00168100160455704 -0.000610583930373192 -0.00209215597438812
8400 8040 -5378 0.00284165465344318 0.00172666371393204 -0.000383558673083782 -0.00222407651233673
8400 8240 -5378 0.00289813267793604 0.00175173027896881 -0.000144855630189180 -0.0023041906166
8400 8440 -5378 0.00291968755443570 0.00175966278171539 0.000103172675967217 -0.00232759974861145
8400 8640 -5378 0.00290743991101859 0.0017484105792 0.000346505427241325 -0.00229688605976105
8400 8840 -5378 0.00285963118617499 0.00171956232595444 0.000582657708644867 -0.00220950622892380
8400 9040 -5378 0.00278038878692858 0.00167194861602783 0.000798604134917259 -0.00207301255846024
8400 9240 -5378 0.00266448216521068 0.0016054406569 0.000991944855213166 -0.00188104342794418
8400 9440 -5378 0.00251961048021161 0.00152059153795242 0.00114868494915962 -0.00164842010259628
8400 9640 -5378 0.00234139591807297 0.00141562637639046 0.00126528509807587 -0.00137039234018326
8400 9840 -5378 0.00213924709112234 0.00129063602709770 0.00133051930546761 -0.00106778543877602
8600 9840 -5378 0.00260145836734697 0.00160629841494560 0.00165789610242844 -0.00119930270719528
8600 9640 -5378 0.00284731171586684 0.00175734968614578 0.00157361010169983 -0.00159468803358078
8600 9440 -5378 0.00306168169376607 0.00188220616197586 0.00142296835947037 -0.00195126500177383
8600 9240 -5378 0.00323470918372289 0.00198109711027145 0.00122245195436478 -0.00224529912948608
8600 9040 -5378 0.00336954406772263 0.00205720186233520 0.000981635459899902 -0.00248155990171433
8600 8840 -5378 0.00346348547061453 0.00211146528577805 0.000713019657850265 -0.00265110127449036
8600 8640 -5378 0.0035177867336 0.0021432492609 0.000423547196149826 -0.00275730300569534
8600 8440 -5378 0.00353310978982733 0.00215686365652084 0.000123696188718081 -0.00279567521524429
8600 8240 -5378 0.00350830506766122 0.00214965215682983 -0.000180354245960712 -0.00276662321138382
8600 8040 -5378 0.00344317678634220 0.00212235940408707 -0.000475578571796417 -0.00266915203714371
8600 7840 -5378 0.00333845817339750 0.0020709318571 -0.000757695104956627 -0.00250648007106781
8600 7640 -5378 0.00319655556697074 0.00199745765399933 -0.00101231676459312 -0.00228104877567291
8600 7440 -5378 0.00301539518074711 0.00189854833841324 -0.00123870568752289 -0.00198834763479233
8600 7240 -5378 0.00279918662025666 0.00177146865749359 -0.00141877036499977 -0.00163872706985474
8600 7040 -5378 0.00255269942094101 0.00161388616514206 -0.00153936288666725 -0.00124102532315254
8800 7040 -5378 0.00317670796129734 0.00204539919328690 -0.00195596229982376 -0.00144327938652039
8800 7240 -5378 0.00346608249054373 0.00222901383638382 -0.00178836950874329 -0.00196136678075790
8800 7440 -5378 0.00371584786862367 0.00236949872446060 -0.00155278082609177 -0.00240448424625397
8800 7640 -5378 0.00392284156045849 0.00247843478822708 -0.0012645038042 -0.00276556282424927
8800 7840 -5378 0.00408541579658467 0.00255697823572159 -0.000939605761051178 -0.00304473517894745
8800 8040 -5378 0.00420308797527976 0.00261090485668182 -0.000590618532538414 -0.00324041573047638
8800 8240 -5378 0.00427707600897844 0.00263872650289535 -0.000228191908180714 -0.00335833228397369
8800 8440 -5378 0.00430469651965154 0.00264545700931549 0.000144162630110979 -0.00339256585502624
8800 8640 -5378 0.00428860080384399 0.0026307565937 0.000510584978342056 -0.00334806404495239
8800 8840 -5378 0.00422705950268771 0.00259605424499512 0.000869837476015091 -0.00322078026866913
8800 9040 -5378 0.00412220664633491 0.00253753782224655 0.00120417267084122 -0.00301690509033203
8800 9240 -5378 0.00396868269928294 0.00245499759435654 0.00150953548312187 -0.00272894976377487
8800 9440 -5378 0.00377286624983378 0.00234653903245926 0.00176920241308212 -0.00236647457742691
8800 9640 -5378 0.00352564394442026 0.00220640836858749 0.00197291800117493 -0.00191598432207108
8800 9840 -5378 0.00323575598323937 0.00203081929588318 0.002096460289 -0.00139669038343430
9000 9840 -5378 0.00411984452092402 0.00259952470493317 0.00268397349166870 -0.00173468092584610
9000 9640 -5378 0.00442940122833228 0.00278244594764710 0.00248724904918671 -0.00238628196477890
9000 9440 -5378 0.0046938931994 0.0029256669116 0.00220547967529297 -0.00293378815889359
9000 9240 -5378 0.00490752991903160 0.00303723157405853 0.00186335801887512 -0.00337414549446106
9000 9040 -5378 0.00507128798964103 0.00312121429395676 0.00147711436295509 -0.00371404312896729
9000 8840 -5378 0.00518474630697359 0.00318016022872925 0.00106186816048622 -0.00395466813278198
9000 8640 -5378 0.00524950136693860 0.00321464137458801 0.000623428946733475 -0.00410296845626831
9000 8440 -5378 0.00526867483115186 0.0032313625555 0.0001740670166 -0.00415769663333893
9000 8240 -5378 0.00523932129426276 0.00322664760684967 -0.000281105146884918 -0.00411845468044281
9000 8040 -5378 0.00516117775069233 0.00320166532993317 -0.000725973426461220 -0.00398246529769898
9000 7840 -5378 0.00503423970051639 0.00315143047571182 -0.00115511653852463 -0.00375229314899445
9000 7640 -5378 0.00486010700096969 0.0030745409646 -0.00155850709819794 -0.00342604375934601
9000 7440 -5378 0.00463644260304987 0.00296871149921417 -0.00193290537977219 -0.00299199844932556
9000 7240 -5378 0.00436629154833035 0.00282570775508881 -0.00225508040523529 -0.0024487382059
9000 7040 -5378 0.00405313849276666 0.00263523539686203 -0.0025037079091 -0.00179172407484055
9200 7040 -5378 0.00524343320066585 0.00340229973411560 -0.00319097552299499 -0.00239489452314377
9200 7240 -5378 0.0055409470198 0.00356720147514343 -0.00282837844324112 -0.00315830754613876
9200 7440 -5378 0.00580986612797707 0.00369239292621613 -0.00240048502302170 -0.00379027573108673
9200 7640 -5378 0.00603788479578513 0.00378723046398163 -0.0019228575983 -0.00429113754749298
9200 7840 -5378 0.00621569115358419 0.00385268088531494 -0.00141123820281029 -0.00466935197067261
9200 8040 -5378 0.00634510329403978 0.0038953571043 -0.0008836642332 -0.00493002059364319
9200 8240 -5378 0.00642474930152243 0.00391307549095154 -0.000346186915934086 -0.00508377763938904
9200 8440 -5378 0.00645460834558571 0.00391488779735565 0.000203101527094841 -0.00512781212997437
9200 8640 -5378 0.00643653226287734 0.0038976407938 0.0007433234632 -0.00506801874923706
9200 8840 -5378 0.00636918130517925 0.00386431271457672 0.00127991887545586 -0.00489857767772675
9200 9040 -5378 0.00625476162434909 0.00380884673404694 0.00179252788925171 -0.0046260945692
9200 9240 -5378 0.00608800010156689 0.0037322837038 0.00228099941539764 -0.00423389212512970
9200 9440 -5378 0.00587447813143571 0.00363009015083313 0.0027256513586 -0.00372864097023010
9200 9640 -5378 0.00561095552814044 0.00349740395927429 0.00312003728961945 -0.00308409382009506
9200 9840 -5378 0.00531563131998850 0.00332868681812286 0.00343668544673920 -0.00231556650114060
9400 9840 -5378 0.00681368286449066 0.00418781218051910 0.00432516410636902 -0.00319099942016602
9400 9640 -5378 0.00708452552897836 0.00433455378246307 0.00386704212474823 -0.00405417601299286
9400 9440 -5378 0.00733533742488123 0.00444742467021942 0.00334031238365173 -0.00478224864673615
9400 9240 -5378 0.00754249696766853 0.00453446122169495 0.00276829406261444 -0.00535418244934082
9400 9040 -5378 0.00770290175843360 0.00459766623497009 0.00216187534475327 -0.00578976039028168
9400 8840 -5378 0.00781267034138128 0.00464286193847656 0.0015364210112 -0.00609275300216675
9400 8640 -5378 0.00787565993149747 0.00466933121776581 0.000894831104516983 -0.0062789703741
9400 8440 -5378 0.00789505546805020 0.00468719033241272 0.000244284524857998 -0.00634803582572937
9400 8240 -5378 0.00786760159947811 0.00469208646774292 -0.000409305421888828 -0.00630211357688904
9400 8040 -5378 0.00779372231076321 0.00468583834171295 -0.00105635970258713 -0.00613746146297455
9400 7840 -5378 0.00766967471759196 0.00465965336227417 -0.00169656484889984 -0.00585070911216736
9400 7640 -5378 0.00749667042315100 0.00461108675861359 -0.00231280753946304 -0.00544030261611938
9400 7440 -5378 0.00727687557414636 0.00454162650394440 -0.00292186967945099 -0.00487730762386322
9400 7240 -5378 0.00701660621817608 0.0044406764183 -0.0034874254198 -0.00416516682529450
9400 7040 -5378 0.00673622892551238 0.00430294116401672 -0.00399840282154083 -0.00329752207374573
9600 7040 -5378 0.0085127057772 0.00530670902156830 -0.0049072799654 -0.00449711233234406
9600 7240 -5378 0.00880626358304310 0.00543052948856354 -0.00424180025291443 -0.00548331636714935
9600 7440 -5378 0.00906067973133354 0.00550051183319092 -0.00352574619483948 -0.0062778636837
9600 7640 -5378 0.00926679703608096 0.00553979884338379 -0.00277780876255035 -0.00689023078727722
9600 7840 -5378 0.00942114561194616 0.00555542694759369 -0.0020147563548 -0.00733764512252808
9600 8040 -5378 0.00952981846861191 0.00555931693267822 -0.00124892037963867 -0.00763882406997681
9600 8240 -5378 0.00959259970937433 0.00554634588813782 -0.000486697702288628 -0.00781155860137940
9600 8440 -5378 0.00961507220898396 0.00553530457305908 0.000283562793254852 -0.00785682765579224
9600 8640 -5378 0.00959914719137777 0.00551861905956268 0.00104490430688858 -0.00778446370697021
9600 8840 -5378 0.00954397766191954 0.005502005414 0.00181171105623245 -0.00758544971847534
9600 9040 -5378 0.00944783359331377 0.00547102264118195 0.00256072528409958 -0.00726444470596314
9600 9240 -5378 0.00930521149108656 0.00543294038963318 0.00330706482887268 -0.0067925498867
9600 9440 -5378 0.00911629981494158 0.00537274670028687 0.00402356832408905 -0.0061689208393
9600 9640 -5378 0.00887495341137221 0.00528614338016510 0.00470971324062347 -0.00535095237731934
9600 9840 -5378 0.00859437219298033 0.00515209558963776 0.0053203457899 -0.00436039735603333
9800 9840 -5378 0.0107735953296480 0.00626843403625488 0.00647288343811035 -0.00590622339248657
9800 9640 -5378 0.0110583695039404 0.00636587744808197 0.00567146119976044 -0.00704313987541199
9800 9440 -5378 0.0112678436479987 0.00640136612892151 0.0047940749464 -0.00793661590385437
9800 9240 -5378 0.0114171146375838 0.00641343222999572 0.00390015018177032 -0.00860335228729248
9800 9040 -5378 0.0115199703835116 0.00641042911434174 0.00299830545902252 -0.00909038011169434
9800 8840 -5378 0.0115866818103630 0.00641368848228455 0.00210794307756424 -0.00941660084152222
9800 8640 -5378 0.0116209240612794 0.00641247929573059 0.00122161143875122 -0.00961394391632080
9800 8440 -5378 0.0116340534615418 0.00642698521995544 0.000334947355866432 -0.00969218918228149
9800 8240 -5378 0.0116228595401955 0.00645089023208618 -0.000556563081622124 -0.00965231607818603
9800 8040 -5378 0.0115834525957293 0.00648812419509888 -0.00144334850454330 -0.00948682862854004
9800 7840 -5378 0.0115086274413603 0.00652252007865906 -0.00233901042079926 -0.00918881209182739
9800 7640 -5378 0.0113923133951637 0.00655178148841858 -0.00323637360334396 -0.00873979419326782
9800 7440 -5378 0.0112307652531514 0.00657524817276001 -0.00416151348495483 -0.00809864398002624
9800 7240 -5378 0.0110040126628471 0.00656238751983643 -0.00508078697967529 -0.00722466665077209
9800 7040 -5378 0.0106966972356304 0.0064795936985 -0.00595201310253143 -0.00608643127059937
10000 7040 -5378 0.0135017549293577 0.00789805303192139 -0.00715457441711426 -0.0082893153305
10000 7240 -5378 0.0137363353375548 0.00785356838607788 -0.00600415682411194 -0.00953721515655518
10000 7440 -5378 0.0138609398606943 0.00774186421012878 -0.00485656868743897 -0.0104211300678253
10000 7640 -5378 0.0139227033662433 0.00761975739669800 -0.00374174856185913 -0.0110356666812897
10000 7840 -5378 0.0139485784454620 0.00750723440551758 -0.00266966040515900 -0.0114490561447144
10000 8040 -5378 0.0139590015748470 0.00741675393295288 -0.00163349541187286 -0.0117120062885284
10000 8240 -5378 0.0139576587307654 0.0073436226387 -0.000630064959168434 -0.0118528759765625
10000 8440 -5378 0.0139539304545120 0.00730678629875183 0.000377690356969833 -0.0118819923839569
10000 8640 -5378 0.0139506013154805 0.00729683519744873 0.00137431725192070 -0.0118105506649
10000 8840 -5378 0.0139488675025378 0.00732192214965820 0.00239745282649994 -0.0116286182823181
10000 9040 -5378 0.0139402709120581 0.00736505362892151 0.00342849120807648 -0.0113283973350525
10000 9240 -5378 0.0139196762434358 0.00743480072784424 0.00450559323692322 -0.0108711587142944
10000 9440 -5378 0.0138708713874339 0.0075092068901 0.00560702389907837 -0.0102259399185181
10000 9640 -5378 0.0137664500855536 0.00758224575996399 0.00674376912307739 -0.00930163401794434
10000 9840 -5378 0.0135575597515506 0.00759416750907898 0.00783952725028992 -0.00803992873573303
10200 9840 -5378 0.0171994271705925 0.0091247680149 0.00942507320594788 -0.0111232593574524
10200 9640 -5378 0.0171214128611479 0.00887440478515625 0.00789852572441101 -0.0123285528602600
10200 9440 -5378 0.0169687486157258 0.00861478277015686 0.00643228041553497 -0.0131282610054
10200 9240 -5378 0.0168205815972562 0.00840476510429382 0.00509255631446838 -0.0136517401237488
10200 9040 -5378 0.0166965110837286 0.00824379650497437 0.00384006276988983 -0.0140016976623535
10200 8840 -5378 0.0166098478176693 0.00814319288825989 0.00267196587085724 -0.0142280024070740
10200 8640 -5378 0.0165523796476256 0.00808213695716858 0.00154081942534447 -0.0143629866333
10200 8440 -5378 0.0165430883434453 0.00808507591438293 0.000436082848072052 -0.0144261966972351
10200 8240 -5378 0.0165713401586 0.00813965905189514 -0.000670061496019363 -0.0144189806709290
10200 8040 -5378 0.0166387851723587 0.00825713050079346 -0.00178605483007431 -0.0143346086959839
10200 7840 -5378 0.0167326355442101 0.00841983788108826 -0.00294106803035736 -0.0141579141769409
10200 7640 -5378 0.0168501894741 0.00863452043914795 -0.0041446853981 -0.0138630769577
10200 7440 -5378 0.01700452143 0.00892183777046204 -0.00548238767242432 -0.0133969884033203
10200 7240 -5378 0.0171422757907723 0.0092493051567 -0.00692929089927673 -0.0126607039451599
10200 7040 -5378 0.0171925859254322 0.00957210630035400 -0.00848403110694885 -0.0114880246124268
10400 7040 -5378 0.0219132494112718 0.0113197517261505 -0.00971373491859436 -0.0160526777458191
10400 7240 -5378 0.0211796763152 0.0105300903491974 -0.00770208289337158 -0.0166846434173584
10400 7440 -5378 0.0205632381087200 0.00990226948738098 -0.00598792604732513 -0.0169982898483276
10400 7640 -5378 0.0200866736628966 0.00943313136291504 -0.00448285261821747 -0.0171579288940430
10400 7840 -5378 0.0197365576465 0.00909138342666626 -0.00313269075632095 -0.0172357344360352
10400 8040 -5378 0.0194982120367773 0.00885449551773072 -0.0018813346033 -0.0172698859596252
10400 8240 -5378 0.0193489448227723 0.00869500908279419 -0.000701066633939743 -0.0172710324211121
10400 8440 -5378 0.0192925848381914 0.00862633643341065 0.0004729360224 -0.0172501505241394
10400 8640 -5378 0.0193225367805591 0.00863075117301941 0.00164077127099037 -0.0172096667518616
10400 8840 -5378 0.0194518308741369 0.00872418918037415 0.0028606212902 -0.0171486397323608
10400 9040 -5378 0.0196698743731426 0.0088882893505 0.00413616397953034 -0.0170528502006531
10400 9240 -5378 0.0200047883709671 0.00915446507072449 0.0055358934679 -0.0169039969367981
10400 9440 -5378 0.0204630333057784 0.00952184936904908 0.00709248227691651 -0.0166663376846314
10400 9640 -5378 0.0210874909113351 0.0100402805156708 0.00892035882377624 -0.0162572398948669
10400 9840 -5378 0.0218340372701101 0.0106792937984467 0.0110387210273743 -0.0155198843536377
10600 9840 -5378 0.0269974880502277 0.0116876197185516 0.0120863595561981 -0.0211228831596374
10600 9640 -5378 0.0252420537679296 0.0106589097385406 0.00947634707641602 -0.0208269436798
10600 9440 -5378 0.0240281541370720 0.00993837805747986 0.00741701806259156 -0.0205807841415405
10600 9240 -5378 0.0232081027369805 0.00945444962692261 0.00573221459865570 -0.0204057046585
10600 9040 -5378 0.0226446419790868 0.00912312448501587 0.00426138635063171 -0.0202830645942688
10600 8840 -5378 0.0222868736090440 0.00892126914024353 0.00294555647993088 -0.0202097723236
10600 8640 -5378 0.0220745438535356 0.00880607462692261 0.00171244500494003 -0.0201693174247742
10600 8440 -5378 0.0220220940405797 0.00879336828422547 0.0005186247127 -0.0201834676322937
10600 8240 -5378 0.0221070029525230 0.00886861881828308 -0.000670769036769867 -0.0202390031547546
10600 8040 -5378 0.0223412087147811 0.00904940836906433 -0.00187651095962524 -0.0203400226554871
10600 7840 -5378 0.0227260363130686 0.0093291948986 -0.00314049657773972 -0.0204826081123352
10600 7640 -5378 0.0232989569265338 0.00973642782211304 -0.00452065214443207 -0.0206793288345337
10600 7440 -5378 0.0241679114177468 0.0103435607109 -0.00612190850925445 -0.0209674144897461
10600 7240 -5378 0.0253988349864 0.0112066677474976 -0.0080057369728 -0.0213403676033
10600 7040 -5378 0.0271833868902451 0.0124727270069122 -0.0103563802661896 -0.0218205611228943
10800 7040 -5378 0.0313867836776489 0.0119531915607452 -0.0098071593647 -0.0273144075164795
10800 7240 -5378 0.0289328935703547 0.0107520296821594 -0.00760118130683899 -0.0257629235687256
10800 7440 -5378 0.0272992077714170 0.00993892693519592 -0.00583013551902771 -0.0247470754318237
10800 7640 -5378 0.0261823455175892 0.00937859121131897 -0.00432175261783600 -0.0240594191513
10800 7840 -5378 0.0254207218177835 0.00899047144889831 -0.00298926741504669 -0.0235887304649353
10800 8040 -5378 0.0249241399486238 0.00872877658653259 -0.00176590178108215 -0.0232788058624268
10800 8240 -5378 0.0246280731576892 0.00855989954185486 -0.000612341055154800 -0.0230843990402222
10800 8440 -5378 0.0245246801108427 0.00849165570068360 0.000532656964778900 -0.0230012460289
10800 8640 -5378 0.0245954469878857 0.00850449819946289 0.00167473180818558 -0.0230173303298950
10800 8840 -5378 0.0248622689458272 0.00861205313873291 0.00287188260889053 -0.0231452771224976
10800 9040 -5378 0.0253242780046225 0.00880267555618286 0.00413467638778687 -0.0233822640533447
10800 9240 -5378 0.0260594309344940 0.00912182339859009 0.00554876799869537 -0.0237706347656250
10800 9440 -5378 0.0271296448218406 0.00958194660186768 0.00716403706741333 -0.0243491229743957
10800 9640 -5378 0.0287441680555488 0.0102749891700745 0.00914518328094482 -0.0252400387840271
10800 9840 -5378 0.0311698393096 0.0112852369098663 0.0116777105884552 -0.0266051383361816
11000 9840 -5378 0.0333348969864 0.0094278765583 0.00977853240203858 -0.0304408429183960
11000 9640 -5378 0.0310597738661998 0.00890709566688538 0.00797329931259155 -0.0286640406494141
11000 9440 -5378 0.0294373881819610 0.00849208633041382 0.00640837533378601 -0.0274479633255
11000 9240 -5378 0.0283080007029596 0.00818714228057861 0.00503533892726898 -0.0266270976943970
11000 9040 -5378 0.0275224372989262 0.00796829220962524 0.00379920925331116 -0.0260683118591309
11000 8840 -5378 0.0270174246201269 0.00783185226058960 0.00266667754602432 -0.0257191419219971
11000 8640 -5378 0.0267213540117943 0.00775531634902954 0.00159387425661087 -0.0255220023384
11000 8440 -5378 0.0266385861487830 0.0077452502346 0.000548013408780098 -0.0254817157135
11000 8240 -5378 0.0267506683189636 0.00779634315681458 -0.000497459702014923 -0.0255847966957
11000 8040 -5378 0.0270694025167333 0.00791941441726685 -0.00154461554479599 -0.0258391182250977
11000 7840 -5378 0.0275992825502224 0.00810538184738159 -0.00263419104814529 -0.0262507495498657
11000 7640 -5378 0.0283910931252740 0.00836699393653870 -0.00378656760597229 -0.0268637496643
11000 7440 -5378 0.0295594140809835 0.00872651834297180 -0.00507526393222809 -0.0277820669403
11000 7240 -5378 0.0311997432201975 0.00919047919654846 -0.00650996350669861 -0.0290972517471314
11000 7040 -5378 0.0335095346221351 0.00976162517547607 -0.00814227282714844 -0.0310021351776123
11200 7040 -5378 0.0342348406592506 0.00723381339645386 -0.00612672472476959 -0.0328949292449951
11200 7240 -5378 0.0324431650996965 0.00722808028602600 -0.0051397247591 -0.0312087587738
11200 7440 -5378 0.0310510229476 0.00712480925178528 -0.00413133298015594 -0.0299398824234
11200 7640 -5378 0.0300058403052577 0.00700151214408875 -0.00314390037155151 -0.0290074067535400
11200 7840 -5378 0.0292510013263710 0.00688960823822021 -0.00219108835744858 -0.0283434914703369
11200 8040 -5378 0.0287325428127999 0.00679787522506714 -0.00126869110703468 -0.0278881748123169
11200 8240 -5378 0.0284269111882523 0.00673227409172058 -0.000372453054666519 -0.0276158620071411
11200 8440 -5378 0.0283202159690903 0.00670428608322144 0.000528845914 -0.0275103266601562
11200 8640 -5378 0.0284010832064 0.00670541213035583 0.00142752058982849 -0.0275612256698608
11200 8840 -5378 0.0286901076682634 0.00674265344047547 0.00235604212141037 -0.0277873022232
11200 9040 -5378 0.0291718100399932 0.00680207909011841 0.00330026273059845 -0.0281762713623
11200 9240 -5378 0.0299132887326275 0.00689597318649292 0.00429611302947998 -0.0287893918762207
11200 9440 -5378 0.0309268559210254 0.00700269986343384 0.00532906470203400 -0.0296484091415405
11200 9640 -5378 0.0323196373840601 0.00710879756736755 0.00640769342231751 -0.0308724166564941
11200 9840 -5378 0.0341058749161934 0.00714792224502563 0.00743987365722656 -0.0325108347396851
11400 9840 -5378 0.0342858711780208 0.00519661676692963 0.00543631104373932 -0.0334502130737305
11400 9640 -5378 0.0329675274912138 0.00540623706054688 0.0049208692255 -0.0321494247360230
11400 9440 -5378 0.0318652316706811 0.00550241552925110 0.00425258624267578 -0.0310971368942261
11400 9240 -5378 0.0310089483454308 0.00553893879127502 0.00351894337081909 -0.0303075496749878
11400 9040 -5378 0.0303680234027735 0.0055475874691 0.00276277151441574 -0.0297286398773193
11400 8840 -5378 0.0299325484789977 0.00554900207996368 0.00201294037866592 -0.0293444337005615
11400 8640 -5378 0.0296677039172198 0.00554728216075897 0.0012640778222 -0.0291168840255737
11400 8440 -5378 0.0295894239086837 0.00555113192462921 0.000518701664328575 -0.0290594199905396
11400 8240 -5378 0.0296844912977422 0.00556026403045654 -0.000226332056879997 -0.0291580350189209
11400 8040 -5378 0.0299613521199386 0.00557636562061310 -0.000962689259767532 -0.0294230099258423
11400 7840 -5378 0.0304078390603685 0.0055894237957 -0.0016939603033 -0.0298403985366821
11400 7640 -5378 0.0310481449991360 0.00558650282573700 -0.00241819870424271 -0.0304469685974121
11400 7440 -5378 0.0319348471346687 0.00554257535362244 -0.003145552567 -0.0312907622909546
11400 7240 -5378 0.0330377613059 0.00542399558734894 -0.00380839953136444 -0.0323661866302490
11400 7040 -5378 0.0343660708533878 0.00516919787216186 -0.00435368995189667 -0.0336985494537354
11600 7040 -5378 0.0343007929536378 0.00365207907485962 -0.00297083619737625 -0.0339756664581299
11600 7240 -5378 0.0333250779581988 0.00396752728366852 -0.00269249090909958 -0.0329778816757202
11600 7440 -5378 0.0324697018046723 0.0041674554882 -0.00227939739799500 -0.0321211648559570
11600 7640 -5378 0.0317618380627479 0.00429047293376922 -0.00178098108577728 -0.0314203098449707
11600 7840 -5378 0.0312173494609 0.00436134087181091 -0.00123973308706284 -0.0308871247177124
11600 8040 -5378 0.0308314060661606 0.00439848610305786 -0.000673705315470696 -0.0305089856109619
11600 8240 -5378 0.0305916624129364 0.00441249635982514 -0.000100671579360962 -0.0302715992736816
11600 8440 -5378 0.0305102951740364 0.00441631076526642 0.000487711101174355 -0.0301850368347168
11600 8640 -5378 0.0305791900768 0.00440867417144775 0.00107281313586235 -0.0302408632125855
11600 8840 -5378 0.0308065669876330 0.00438869960212707 0.00166029660081863 -0.0304466361618
11600 9040 -5378 0.0311778039807184 0.00434923447895050 0.00222971922349930 -0.0307920899963379
11600 9240 -5378 0.0317189698717670 0.00428480282974243 0.00278051372671127 -0.0313049877471924
11600 9440 -5378 0.0324102481211924 0.00417677571296692 0.00327641659736633 -0.0319731764526367
11600 9640 -5378 0.0332732611809610 0.00399842965126038 0.0036809708395 -0.0328264995117188
11600 9840 -5378 0.0342494688985 0.00371812987899780 0.00391843874263763 -0.0338196871566772
11800 9840 -5378 0.0341558883952611 0.00264044154739380 0.00281261116313934 -0.0339372208251953
11800 9640 -5378 0.0334204626776160 0.00290021716403961 0.00271379143667221 -0.0331836014022827
11800 9440 -5378 0.0327438528769290 0.00308696731472015 0.00247772780895233 -0.0325037490692139
11800 9240 -5378 0.0321815232117322 0.00321324652671814 0.00214963354635239 -0.0319494602661133
11800 9040 -5378 0.0317344225128818 0.0032972677145 0.00176322186326981 -0.0315129815139771
11800 8840 -5378 0.0314164324587776 0.00334989147472382 0.00134664019632339 -0.0312084000778198
11800 8640 -5378 0.0312201082454 0.00337967254066467 0.000912847289562226 -0.0310234074249268
11800 8440 -5378 0.0311574560558324 0.0033875231018 0.000469139065027237 -0.0309692396545410
11800 8240 -5378 0.0312266273231129 0.00337703019618988 2.04762265433674e-05 -0.0310436733093262
11800 8040 -5378 0.0314285694428461 0.00334700651741028 -0.000409730251669884 -0.0312471951751709
11800 7840 -5378 0.0317518925310345 0.00329293003559112 -0.000820649331450463 -0.0315692507934570
11800 7640 -5378 0.0321930269793418 0.0032026773715 -0.00120300919771194 -0.0320116833953857
11800 7440 -5378 0.0327690291651113 0.00305911146974564 -0.0015441608684 -0.0325883425903320
11800 7240 -5378 0.0334386314532744 0.00285259748029709 -0.00180051696872711 -0.0332680462265
11800 7040 -5378 0.0341761495224255 0.00256443816947937 -0.00193670444869995 -0.0340232591400146
12000 7040 -5378 0.0340557803059 0.00177758227205276 -0.00116450927829742 -0.0339896424255371
12000 7240 -5378 0.0334824263945539 0.00200131091022492 -0.00110361721301079 -0.0334045506591797
12000 7440 -5378 0.0329476336144555 0.00217216569232941 -0.000953946220397949 -0.0328617948532105
12000 7640 -5378 0.0324791104917946 0.00229779431438446 -0.000736336555361748 -0.0323893588714600
12000 7840 -5378 0.0321009026350912 0.00238474754476547 -0.000474497588753700 -0.0320082199478149
12000 8040 -5378 0.0318246563751159 0.00244126553058624 -0.000184704962581396 -0.0317300444564819
12000 8240 -5378 0.031653304999 0.0024729328289 0.000120037163913250 -0.0315562451782226
12000 8440 -5378 0.0315929846912788 0.00248490342617035 0.000437257615685463 -0.0314917989578247
12000 8640 -5378 0.0316440180364301 0.00247791438865662 0.000752723144054413 -0.0315378119964600
12000 8840 -5378 0.0318153996459 0.00245071651554108 0.00106294744873047 -0.0317029898300171
12000 9040 -5378 0.0320855984895381 0.00240096952724457 0.00135319170069695 -0.0319664444732666
12000 9240 -5378 0.0324649253178 0.00232405664157867 0.00161379396557808 -0.0323409087753296
12000 9440 -5378 0.0329293355369477 0.00221220038843155 0.0018240314517 -0.0328042713317871
12000 9640 -5378 0.0334770932098147 0.00205608162927628 0.00196257252359390 -0.0333552235031128
12000 9840 -5378 0.0340571246639702 0.00185112676095963 0.00200101966714859 -0.0339475241165161
12200 9840 -5378 0.0339812211427692 0.00124787913274765 0.00137956308293343 -0.0339302485656738
12200 9640 -5378 0.0335029706946247 0.00138675657153130 0.00136777425456047 -0.0334463024139404
12200 9440 -5378 0.0330400050009526 0.00149720351171494 0.0012914340837 -0.0329797710723877
12200 9240 -5378 0.0326355080597373 0.0015772836101 0.00116428798437119 -0.0325774745864868
12200 9040 -5378 0.0323045020564162 0.00163383428144455 0.00100037680387497 -0.0322469046859741
12200 8840 -5378 0.0320632098059539 0.00167065489196777 0.0008167124958 -0.0320094719314575
12200 8640 -5378 0.0319116259925462 0.0016914993968 0.000619844139933586 -0.0318598035888672
12200 8440 -5378 0.0318591470250834 0.0016957843337 0.000414965633332729 -0.0318120307769775
12200 8240 -5378 0.0319121262895358 0.00168384498739243 0.000208939604431391 -0.0318672126083374
12200 8040 -5378 0.0320625943850505 0.00165723683118820 1.41485920699488e-05 -0.0320191717529297
12200 7840 -5378 0.0323009325757410 0.00161490037775040 -0.000167442786842585 -0.0322605880203247
12200 7640 -5378 0.0326247206410274 0.00155017916345596 -0.000326794328629971 -0.0325860375137329
12200 7440 -5378 0.0330313006900878 0.00145596791124344 -0.000457909748911858 -0.0329953169174194
12200 7240 -5378 0.0334857732162 0.00133287726545334 -0.000541970285177231 -0.0334548459014893
12200 7040 -5378 0.0339615265043770 0.00117918275332451 -0.000565015377640724 -0.0339357923660278
12400 7040 -5378 0.0339004506585457 0.000695856914997101 -7.43858835697174e-05 -0.0338930304641724
12400 7240 -5378 0.0334750484666852 0.000777107333779335 -7.18490585833788e-05 -0.0334655025024414
12400 7440 -5378 0.0330657916419639 0.000843645717144013 -3.78550832793117e-05 -0.0330555847930908
12400 7640 -5378 0.0326992301830372 0.000895281537532806 2.03051138706505e-05 -0.0326864323654175
12400 7840 -5378 0.0323968814640282 0.000933495613098144 9.75083228051662e-05 -0.0323835277252197
12400 8040 -5378 0.0321736420464822 0.000959824460268021 0.000185892633318901 -0.0321588721694946
12400 8240 -5378 0.0320344668208 0.000976624892950058 0.000282948592782021 -0.0320181809463501
12400 8440 -5378 0.0319875195429802 0.000985599503517151 0.000386157601058483 -0.0319699997253418
12400 8640 -5378 0.0320343232482645 0.000985658706426620 0.000488944964170456 -0.0320151430282593
12400 8840 -5378 0.0321790804896990 0.000975802050828934 0.000590626263022423 -0.0321584442367554
12400 9040 -5378 0.0324039556270365 0.0009576403141 0.000684034891724586 -0.0323829238204956
12400 9240 -5378 0.0327104428979576 0.000928532943725586 0.000766697447896004 -0.0326882712326
12400 9440 -5378 0.0330793900443957 0.0008871238408 0.000830980298757553 -0.0330569500885
12400 9640 -5378 0.0335020752199 0.000830468964815140 0.000869156896352768 -0.0334806336517334
12400 9840 -5378 0.0339346720357635 0.000758537311315537 0.000874267573118210 -0.0339157107543945
12600 9840 -5378 0.0339250666326415 0.000328106862187386 0.000427457221388817 -0.0339209360961914
12600 9640 -5378 0.0334996457597211 0.000332278647482395 0.000421372929215431 -0.0334953153915405
12600 9440 -5378 0.0330814601521853 0.000334550042748451 0.000413247031450272 -0.0330776319503784
12600 9240 -5378 0.0327146332648452 0.0003340867756 0.000401975035071373 -0.0327110254592895
12600 9040 -5378 0.0324098363914617 0.000332758180975914 0.000390615179717541 -0.0324053910217285
12600 8840 -5378 0.0321833663039546 0.000330147650420666 0.000379472043812275 -0.0321792943191528
12600 8640 -5378 0.0320393131690278 0.000327296716630459 0.0003704211061 -0.0320354998931885
12600 8440 -5378 0.0319902746492453 0.000323317396819592 0.000360362565994263 -0.0319864081192
12600 8240 -5378 0.0320336859957255 0.000317690686345100 0.0003522714318 -0.0320304594650269
12600 8040 -5378 0.0321703713877987 0.000312006792426109 0.000347088522076607 -0.0321664979782105
12600 7840 -5378 0.0323875869092329 0.000307421589493752 0.000345298607647419 -0.0323841615524292
12600 7640 -5378 0.0326813368674349 0.000300976104378700 0.000345862021982670 -0.0326786716766357
12600 7440 -5378 0.0330467152144409 0.000291450021922588 0.000347905574738979 -0.0330435985488892
12600 7240 -5378 0.0334522435339957 0.0002808487246 0.000354123350083828 -0.0334484333648682
12600 7040 -5378 0.0338729167866631 0.000269054277360439 0.000363141844689846 -0.0338707854690552
12800 7040 -5378 0.0338825142585640 -0.000151468436598778 0.000794830664753914 -0.0338724706497192
12800 7240 -5378 0.0334262337392627 -0.000211343756616116 0.000772073223233223 -0.0334166476287842
12800 7440 -5378 0.0329909812456 -0.000257129420042038 0.000726881343960762 -0.0329814486846924
12800 7640 -5378 0.0326043400449 -0.000292291012942791 0.0006632622019 -0.0325961439514160
12800 7840 -5378 0.0322903722828153 -0.000316489751756191 0.000587530692458153 -0.0322836513214111
12800 8040 -5378 0.0320578627830894 -0.000332112752079964 0.000504054589986801 -0.0320522369461
12800 8240 -5378 0.0319161920427756 -0.000338048315882683 0.000417562063694000 -0.0319115423202515
12800 8440 -5378 0.0318703662988854 -0.000336546344339848 0.0003302001692 -0.0318665436477661
12800 8640 -5378 0.0319225396379164 -0.000327554079711437 0.000245911085426807 -0.0319196710586548
12800 8840 -5378 0.0320762203459389 -0.000311924075663090 0.000165915740758181 -0.0320743607635498
12800 9040 -5378 0.0323145373272650 -0.000287801122367382 9.51181140840054e-05 -0.0323131156921387
12800 9240 -5378 0.0326398653860320 -0.000254853208422661 3.71140045970678e-05 -0.0326387006454468
12800 9440 -5378 0.0330321765817596 -0.000211833218157291 -3.37099729749025e-06 -0.0330313608932495
12800 9640 -5378 0.0334854555312 -0.000158551824629307 -2.24921011403203e-05 -0.0334853648757935
12800 9840 -5378 0.0339513926228217 -9.49535813480616e-05 -1.38258892203885e-05 -0.0339518788757324
13000 9840 -5378 0.0340026412953 -0.0005606257646 -0.000500711351990700 -0.0339941015243530
13000 9640 -5378 0.0334518270458310 -0.000692652129888535 -0.0005070678519 -0.0334398723373413
13000 9440 -5378 0.0329262721781542 -0.000801187686562538 -0.000453000293731690 -0.0329140703201294
13000 9240 -5378 0.0324771990088447 -0.000885047901630402 -0.000353804879 -0.0324639468231201
13000 9040 -5378 0.0321113051159466 -0.000947496351242065 -0.0002193218826 -0.0320966326599121
13000 8840 -5378 0.0318428465959721 -0.000991729846477509 -6.19773765951395e-05 -0.0318279158325195
13000 8640 -5378 0.0316716467644978 -0.00101742131114006 0.0001135361129 -0.0316550130462646
13000 8440 -5378 0.0316098931264613 -0.00103170078587532 0.0002966905806 -0.0315915688247681
13000 8240 -5378 0.0316575759501945 -0.00103068645238876 0.000484388522148133 -0.0316371349716187
13000 8040 -5378 0.0318139293018171 -0.00101534969472885 0.000667152765631676 -0.0317907188186645
13000 7840 -5378 0.0320695840702823 -0.000980036965131760 0.000842075871944428 -0.0320431658401489
13000 7640 -5378 0.0324193414691836 -0.000926255138158798 0.00100032476043701 -0.0323910091094971
13000 7440 -5378 0.0328645045043367 -0.000850791654348373 0.00113325448513031 -0.0328341758956909
13000 7240 -5378 0.0333736095561 -0.000747669952154160 0.00122746415066719 -0.0333424738998413
13000 7040 -5378 0.0339196888296555 -0.000616252309918404 0.00126894549489021 -0.0338898158264160
13200 7040 -5378 0.0339626436244507 -0.0011810108242 0.00183733473014832 -0.0338924473876953
13200 7240 -5378 0.0332760833714 -0.0013860610392 0.00175942884588242 -0.0332006170043945
13200 7440 -5378 0.0326538880122310 -0.00154127192711830 0.00160053685212135 -0.0325777396850586
13200 7640 -5378 0.0321252847583254 -0.00165392743015289 0.00138251692605019 -0.0320526842575
13200 7840 -5378 0.0317102347372617 -0.00173130582618713 0.0011259912157 -0.0316425950164795
13200 8040 -5378 0.0314134140253310 -0.00177999922847748 0.000846633231639862 -0.0313515467529297
13200 8240 -5378 0.0312360986307895 -0.00180304820871353 0.000556626668453217 -0.0311790481185913
13200 8440 -5378 0.0311815350810818 -0.00180500654745102 0.0002592134875 -0.0311281847610474
13200 8640 -5378 0.0312507819797449 -0.00178802914619446 -3.23062812462449e-05 -0.0311994246749878
13200 8840 -5378 0.0314488757583226 -0.00175224518632889 -0.000315326566398144 -0.0313984395446777
13200 9040 -5378 0.0317579884892 -0.0016921035223 -0.000573333546280861 -0.0317076947631836
13200 9240 -5378 0.0321895693973816 -0.00160483687233925 -0.000799734333515167 -0.0321390672378540
13200 9440 -5378 0.0327265912127609 -0.00148550198483467 -0.000974508046150208 -0.0326776907043457
13200 9640 -5378 0.0333688869090997 -0.00132643280506134 -0.00107992094469070 -0.0333253144760132
13200 9840 -5378 0.0340618006610997 -0.00112245362567902 -0.001089672302 -0.0340266249313355
13400 9840 -5378 0.0340984708080900 -0.0018477803626 -0.00184955376291275 -0.0339981095123291
13400 9640 -5378 0.0331940191270941 -0.00211411159658432 -0.0017951015048 -0.0330795985946655
13400 9440 -5378 0.0323893976658 -0.00231331476593018 -0.00160629319429398 -0.0322667240066528
13400 9240 -5378 0.0317319228763300 -0.00245568471765518 -0.00132704918599129 -0.0316083642730713
13400 9040 -5378 0.0312178198203274 -0.00255645013093948 -0.000985144644737243 -0.0310973953247
13400 8840 -5378 0.0308524435572915 -0.00262337833929062 -0.000607500615477562 -0.0307349686660767
13400 8640 -5378 0.0306260200587572 -0.00266187862205505 -0.000203636352896690 -0.0305092899932861
13400 8440 -5378 0.0305418879239 -0.00268218067312241 0.000211175659537315 -0.0304230120010376
13400 8240 -5378 0.0306019716772421 -0.0026820821886 0.000633823386788368 -0.0304774650726318
13400 8040 -5378 0.0308057571653523 -0.00265950603389740 0.00104617565989494 -0.0306728853607178
13400 7840 -5378 0.0311501017387547 -0.00260647035694122 0.00144576533412933 -0.0310068709030151
13400 7640 -5378 0.0316369536402950 -0.00251938962507248 0.00181925131797790 -0.0314842260742187
13400 7440 -5378 0.0322844487903 -0.00238546152591705 0.00215373885202408 -0.0321216512832642
13400 7240 -5378 0.0330712447559689 -0.00218990854549408 0.00241377948999405 -0.0329094445800781
13400 7040 -5378 0.0339754080571441 -0.001916782413 0.00256217632484436 -0.0338243928298950
13600 7040 -5378 0.0338743815352 -0.00292683830118179 0.00352373569488525 -0.0335640427627563
13600 7240 -5378 0.0326809249330539 -0.00324177737331390 0.00324357196712494 -0.0323563327255249
13600 7440 -5378 0.0316906943823572 -0.00344454595947266 0.00283492400503159 -0.0313752092895508
13600 7640 -5378 0.0309106690356369 -0.00357108369636536 0.00234787021017075 -0.0306137930831909
13600 7840 -5378 0.0303313184387421 -0.0036444967184 0.00182067772626877 -0.0300561156387329
13600 8040 -5378 0.0299330560637611 -0.00368452408504486 0.00127425766062737 -0.0296778325042725
13600 8240 -5378 0.0297012857654559 -0.00369664317607880 0.000721936964273453 -0.0294614355010986
13600 8440 -5378 0.0296340822777110 -0.00369124199104309 0.000161262787580490 -0.0294027131271362
13600 8640 -5378 0.0297271744326488 -0.0036706682043 -0.000391712283492088 -0.0294970787734985
13600 8840 -5378 0.0299887675608297 -0.00363662975406647 -0.000940485383510590 -0.0297520850677490
13600 9040 -5378 0.0304087867120443 -0.00357753974533081 -0.00146462474393845 -0.0301620575561523
13600 9240 -5378 0.0310159975433469 -0.00348612935256958 -0.00195873581457138 -0.0307575672683716
13600 9440 -5378 0.0318099728422402 -0.00334862214756012 -0.00238907785177231 -0.0315428820648193
13600 9640 -5378 0.0328294939412561 -0.00314053152942657 -0.00272084701728821 -0.0325649635162354
13600 9840 -5378 0.0340318200219269 -0.00283276002931595 -0.00288227804517746 -0.0337908275222778
13800 9840 -5378 0.0336962055766370 -0.00419054765224457 -0.00430374715709686 -0.0331552508544922
13800 9640 -5378 0.0321345764570440 -0.00446655322074890 -0.00391767645168304 -0.0315819524993897
13800 9440 -5378 0.0308888748922425 -0.00461967311382294 -0.00335106468582153 -0.0303580674591
13800 9240 -5378 0.0299535758701963 -0.00470481776618958 -0.00270509452867508 -0.0294565433654785
13800 9040 -5378 0.0292623811745449 -0.00475260275459290 -0.00201827633523941 -0.0288032338409424
13800 8840 -5378 0.0287923324947 -0.00477987107849121 -0.00132030556368828 -0.0283614140930176
13800 8640 -5378 0.0285038558886470 -0.00479397850036621 -0.000611630522131920 -0.0280910022125244
13800 8440 -5378 0.0283909604114955 -0.00480957210922241 9.47035071402788e-05 -0.0279803095169
13800 8240 -5378 0.0284626902115412 -0.00482850028514862 0.000808138255238533 -0.0280387619781494
13800 8040 -5378 0.0287118937426557 -0.00484307678794861 0.00151990452671051 -0.0282594423141479
13800 7840 -5378 0.0291483659460901 -0.00484101047515869 0.00222757103824615 -0.0286564938583374
13800 7640 -5378 0.0297944011783677 -0.00481990130329132 0.00293263284349442 -0.0292554858779907
13800 7440 -5378 0.0307079638497865 -0.00476038989925384 0.00363433984756470 -0.0301182553558350
13800 7240 -5378 0.0319159669782517 -0.00462027926826477 0.00427760998439789 -0.0312900028839111
13800 7040 -5378 0.0334860803054 -0.00433819725704193 0.00480399001026154 -0.0328525197296143
14000 7040 -5378 0.0324812201499164 -0.00628837502956390 0.00645552864456177 -0.0312069014739990
14000 7240 -5378 0.0305983200728923 -0.00636333552837372 0.0055211644783 -0.0294176536865234
14000 7440 -5378 0.0292327269398432 -0.00631814800548554 0.00455486816883087 -0.0281759916610718
14000 7640 -5378 0.0282400072737454 -0.00623506585979462 0.00359746138668060 -0.0273070052566528
14000 7840 -5378 0.0275523659463389 -0.00615122450733185 0.0026716064763 -0.0267222863159180
14000 8040 -5378 0.0270985874538660 -0.00608031815433502 0.00177626286029816 -0.0263477411727905
14000 8240 -5378 0.0268446865696 -0.00602247797966004 0.000904349555969238 -0.0261444909744263
14000 8440 -5378 0.0267725688223148 -0.00598725066757202 3.4854945152998e-05 -0.0260949223175
14000 8640 -5378 0.0268818423199284 -0.00597819394779205 -0.000828704141139984 -0.0261954992065430
14000 8840 -5378 0.0271800011528581 -0.00599678043842316 -0.00171424505662918 -0.0264544025039673
14000 9040 -5378 0.0276715161319514 -0.00602747243404388 -0.00260642424297333 -0.0268798058242798
14000 9240 -5378 0.0284046166758855 -0.00607032725524902 -0.00352909036159515 -0.0275230786819458
14000 9440 -5378 0.0294262595355573 -0.00611012149906158 -0.00446220844459534 -0.0284346631851196
14000 9640 -5378 0.0308580428626465 -0.00612484107589722 -0.00540224059104920 -0.0297570309753418
14000 9840 -5378 0.0327863707202240 -0.0060331459732 -0.00623188357734680 -0.0316216454467773
14200 9840 -5378 0.0308933220465540 -0.00831514340782166 -0.00862099148368836 -0.0284760559616
14200 9640 -5378 0.0288243750029952 -0.00797684673118591 -0.00706188679504395 -0.0267803450241
14200 9440 -5378 0.0273627008235 -0.00766501625633240 -0.00562996029853821 -0.0256572123489380
14200 9240 -5378 0.0263501042932420 -0.00743286059188843 -0.00435634794044495 -0.0249028923072815
14200 9040 -5378 0.0256399694197468 -0.00726389159584045 -0.00318620968008041 -0.0243813438377380
14200 8840 -5378 0.0251685580889157 -0.00715359324645996 -0.00209851388502121 -0.0240398009300232
14200 8640 -5378 0.0248864326469841 -0.00709014277076721 -0.00105496250295639 -0.0238317321968
14200 8440 -5378 0.0247781436177612 -0.00708708725547791 -4.3031312957406e-05 -0.0237430302619934
14200 8240 -5378 0.0248385950229822 -0.00714491862678528 0.0009748890686 -0.0237688327102661
14200 8040 -5378 0.0250721946573956 -0.00725601978111267 0.0020031646552 -0.0239152627754211
14200 7840 -5378 0.025492885278 -0.00741342424201966 0.00306015093564987 -0.0241979442291260
14200 7640 -5378 0.0261384715873145 -0.00763711468696594 0.00419036962509155 -0.0246441345977783
14200 7440 -5378 0.0270920393950743 -0.00794593900489807 0.00544267799186706 -0.0253203088302612
14200 7240 -5378 0.0284529911560996 -0.00832826859664917 0.00681770927429199 -0.0263387829666138
14200 7040 -5378 0.0304370743648763 -0.00875321296882629 0.00836075276374817 -0.0279270063629150
14400 7040 -5378 0.0272560597307726 -0.0111012204189301 0.0100083068447113 -0.0227922978782654
14400 7240 -5378 0.0255571211472490 -0.0100312712287903 0.00788294044303894 -0.0221458443794250
14400 7440 -5378 0.0244044161570447 -0.00929259053039551 0.00616487003231049 -0.0217075520057678
14400 7640 -5378 0.0235997975454267 -0.00877414568138123 0.00468520732116699 -0.0214012533302307
14400 7840 -5378 0.0230532432936279 -0.00841446062088013 0.00337692302513123 -0.0211957536010742
14400 8040 -5378 0.0227011429921784 -0.00817196291732788 0.00217238035202026 -0.0210678408660889
14400 8240 -5378 0.0225080715918912 -0.00801497158241272 0.00103258197402954 -0.0210068623771667
14400 8440 -5378 0.0224610726762587 -0.00794351703262329 -9.14843332022429e-05 -0.0210093301544189
14400 8640 -5378 0.0225551675422 -0.00795482083511352 -0.00121611253857613 -0.0210702579917908
14400 8840 -5378 0.0228000726567129 -0.00805634087944031 -0.00239413382339478 -0.0211949985809326
14400 9040 -5378 0.0232051108964448 -0.00823406793403626 -0.00363248678874970 -0.0213887582893372
14400 9240 -5378 0.0238201259586373 -0.00852246467971802 -0.00501081325435639 -0.0216712844772339
14400 9440 -5378 0.0246971057018874 -0.00894127000045777 -0.0065740386734 -0.0220620913009644
14400 9640 -5378 0.0259866215234497 -0.00957696212005615 -0.00848234412384033 -0.0226181632461548
14400 9840 -5378 0.0278572983329595 -0.0104673090419769 -0.0108721276435852 -0.0234130907859802
14600 9840 -5378 0.0240832232227537 -0.0113919283924103 -0.0118454510650635 -0.0176040412788391
14600 9640 -5378 0.0226502890034675 -0.0103101019763946 -0.00915747624588013 -0.0179688068046570
14600 9440 -5378 0.0216724034247908 -0.00956309712791443 -0.00706080663871765 -0.0181200840797424
14600 9240 -5378 0.0209965934985657 -0.00906469814872742 -0.00536204558181763 -0.0181648692893982
14600 9040 -5378 0.0205266543044452 -0.00873238857078552 -0.00388715266418457 -0.0181646200561523
14600 8840 -5378 0.0202149543165613 -0.00852247384071350 -0.00257331962347031 -0.0181491283264160
14600 8640 -5378 0.0200293002611316 -0.00840576494216919 -0.0013433494718 -0.0181303978500366
14600 8440 -5378 0.0199486667202680 -0.00838497945213318 -0.000156648493975401 -0.0181001901855469
14600 8240 -5378 0.0199735901454475 -0.00846539722442627 0.00102944111752510 -0.0180615998306274
14600 8040 -5378 0.0201090255571311 -0.0086375098114 0.00223108960962296 -0.0180219428596497
14600 7840 -5378 0.0203662754956771 -0.00890552049827576 0.00348642438125610 -0.0179810735778809
14600 7640 -5378 0.0207603950980412 -0.00930772902679443 0.00486023849868775 -0.0179094892311
14600 7440 -5378 0.0213386658697491 -0.00990347764587403 0.00644156230545044 -0.0177698077278137
14600 7240 -5378 0.0221744924333945 -0.0107633548984528 0.00831476061439514 -0.0175133745994568
14600 7040 -5378 0.0234027185404265 -0.0120358891677856 0.0106498549308777 -0.0170122492446899
14800 7040 -5378 0.0194128732771733 -0.0112136664161682 0.0100803883953 -0.0122270939369202
14800 7240 -5378 0.0187111271246778 -0.0103426774654388 0.00803845672035217 -0.0133601193885803
14800 7440 -5378 0.0182145309371503 -0.00967505162429810 0.00631085789489746 -0.0140832717819214
14800 7640 -5378 0.0178627488795586 -0.0091825531063 0.00480002927589417 -0.0145506476440430
14800 7840 -5378 0.0176204662977988 -0.00883018107414246 0.00344529750537872 -0.0148535879325867
14800 8040 -5378 0.0174643936077718 -0.00858802396583557 0.00219197836732864 -0.015048065876
14800 8240 -5378 0.0173854677514851 -0.00843173708724976 0.00100226376008987 -0.0151708854713440
14800 8440 -5378 0.0173776772811788 -0.00836235307121277 -0.000173278621256351 -0.0152323453903198
14800 8640 -5378 0.0174362994585512 -0.00837712914466858 -0.0013509515345 -0.0152324343261719
14800 8840 -5378 0.0175683024195312 -0.0084827755146 -0.00258373891162872 -0.015165992733
14800 9040 -5378 0.0177799879673706 -0.00866610969543457 -0.0038826876688 -0.0150316749343872
14800 9240 -5378 0.0180956013951158 -0.00895875618934631 -0.00532218035411835 -0.0147941132164
14800 9440 -5378 0.0185352973784573 -0.00937300218391419 -0.00694142474174500 -0.0144062699317932
14800 9640 -5378 0.0191648309574357 -0.00996932375907898 -0.00887090746498108 -0.0137544230003357
14800 9840 -5378 0.0200459133850925 -0.0107431027812958 -0.0111810878944397 -0.0127055467910767
15000 9840 -5378 0.0162816703747351 -0.00931137921524048 -0.00969283112716675 -0.00918912574958801
15000 9640 -5378 0.0158831579428 -0.00894792147064209 -0.00799177240371704 -0.0104089186096191
15000 9440 -5378 0.0155655836167491 -0.00861028362274170 -0.00641189454746246 -0.0112711758880615
15000 9240 -5378 0.0153238661291810 -0.00834530446434021 -0.00499083605957031 -0.0118443877029419
15000 9040 -5378 0.0151472696452 -0.00815044478607178 -0.00368766759872437 -0.0122233847675323
15000 8840 -5378 0.0150242011055417 -0.00801988307762146 -0.0024782977395 -0.0124607037792206
15000 8640 -5378 0.0149472172967606 -0.0079462895832 -0.00132414284777641 -0.0125904704914
15000 8440 -5378 0.0149035198588467 -0.00793471523094177 -0.000200307772517204 -0.0126140691528320
15000 8240 -5378 0.0148927898914864 -0.00798925413703919 0.000924453226327896 -0.0125343422660828
15000 8040 -5378 0.0149205997451565 -0.00810597864341736 0.00205350462722778 -0.0123570415992737
15000 7840 -5378 0.0149916746674287 -0.00827981189918518 0.00321699450683594 -0.0120772832908630
15000 7640 -5378 0.0151032652388385 -0.00851954734992981 0.00444750743007660 -0.0116509918670654
15000 7440 -5378 0.0152611868383880 -0.00883613549041748 0.00579289385128021 -0.0110120233440399
15000 7240 -5378 0.0154781504552355 -0.00921269296264649 0.00726307097434997 -0.0100978743324280
15000 7040 -5378 0.0157659495944131 -0.00961501382637024 0.00885624311828613 -0.00881138100051880
15200 7040 -5378 0.0127135949355929 -0.00798781111526489 0.00749608856582642 -0.0064528308506
15200 7240 -5378 0.0126652394909747 -0.0078876378231 0.00631302685546875 -0.0076382291069
15200 7440 -5378 0.0126258413663145 -0.00773764018058777 0.00514154544925690 -0.00855003614997864
15200 7640 -5378 0.0125978615020866 -0.00758533379554749 0.0040048149662 -0.00922644245719910
15200 7840 -5378 0.0125831306798501 -0.00745406185722351 0.00291444434595108 -0.00970927340888977
15200 8040 -5378 0.0125784795642811 -0.0073510817604 0.00186206343984604 -0.0100350925140381
15200 8240 -5378 0.0125865336243461 -0.00727809539604187 0.000840410125494003 -0.0102342652435303
15200 8440 -5378 0.0126074694610834 -0.00724047353553772 -0.000187841927796602 -0.0103195180587769
15200 8640 -5378 0.0126362302039879 -0.00724141464233399 -0.00121081185674667 -0.0102842837028503
15200 8840 -5378 0.0126765584990887 -0.00728316596412659 -0.00226711786365509 -0.0101248455562592
15200 9040 -5378 0.0127314289920714 -0.0073497978115 -0.00334179457473755 -0.00984404350662231
15200 9240 -5378 0.0128049325745727 -0.00745040608596802 -0.00447424643135071 -0.00940454304695129
15200 9440 -5378 0.0128948402833962 -0.00756951384353638 -0.0056473363018 -0.00877994380187988
15200 9640 -5378 0.0130029302922134 -0.0077015912075 -0.0068840897541 -0.00789753108978271
15200 9840 -5378 0.0131097497030281 -0.00778646998786926 -0.00810871517944336 -0.00674475813293457
15400 9840 -5378 0.0105452087774962 -0.0064326997776 -0.00670414789199829 -0.0049880979166
15400 9640 -5378 0.0105784873856939 -0.00648901206588745 -0.00581897373294830 -0.00599626023769379
15400 9440 -5378 0.0105924574565463 -0.0064874081726 -0.00486573362541199 -0.0068138357582
15400 9240 -5378 0.0105940430401459 -0.00646597242164612 -0.00390599498939514 -0.00742753205299378
15400 9040 -5378 0.0105902576850594 -0.00644003347015381 -0.00295539153146744 -0.00787039046096802
15400 8840 -5378 0.0105837577662822 -0.00641998418235779 -0.00202349684906006 -0.00816718995666504
15400 8640 -5378 0.0105747515005514 -0.00640841802978516 -0.00110244284772873 -0.00833908913993835
15400 8440 -5378 0.0105557183247950 -0.00641167711639404 -0.000193248816460371 -0.0083832818737
15400 8240 -5378 0.0105265607825900 -0.00643346436882019 0.000727249732375145 -0.00830000758743286
15400 8040 -5378 0.0104921408784 -0.00647049743652344 0.0016354724965 -0.00809581461715698
15400 7840 -5378 0.0104580693924432 -0.00651772298431396 0.00254361226701736 -0.00777323229408264
15400 7640 -5378 0.0104152134347112 -0.00656713925552368 0.00346876475238800 -0.00730158320617676
15400 7440 -5378 0.0103616364221886 -0.00660909823417664 0.00441369493865967 -0.00664771873092651
15400 7240 -5378 0.0103027244188295 -0.00662084951972962 0.00535002486038208 -0.00580597474288940
15400 7040 -5378 0.0102410803045525 -0.00657353448677063 0.00624294560527801 -0.00476382202911377
15600 7040 -5378 0.00824969240717671 -0.0054014617958 0.00515810621452332 -0.0035035169382
15600 7240 -5378 0.00834960246295618 -0.00550132137489319 0.00447954356193543 -0.00440315544605255
15600 7440 -5378 0.00845154143673005 -0.00555396678924561 0.00374561473846436 -0.00515327089691162
15600 7640 -5378 0.00854451053069721 -0.00557623336029053 0.00297823304462433 -0.00574842671108246
15600 7840 -5378 0.00862378961403877 -0.00558105140399933 0.00219660830783844 -0.00619652902126312
15600 8040 -5378 0.0086861830921 -0.00557532190513611 0.00141173717641830 -0.00650930028343201
15600 8240 -5378 0.00873244011914647 -0.00556296896362305 0.000631120158672333 -0.00670162380409241
15600 8440 -5378 0.00876463580376722 -0.00555208630657196 -0.000163725620448589 -0.00677985046577454
15600 8640 -5378 0.00877564904395045 -0.00554260009098053 -0.000954261460065842 -0.00673655107879639
15600 8840 -5378 0.00876748881053784 -0.00553572070026398 -0.0017538604741 -0.00656874095535278
15600 9040 -5378 0.00874514774678337 -0.0055225981245 -0.00254305599212646 -0.00628596655082703
15600 9240 -5378 0.00870560801597430 -0.00550328956317902 -0.00333392090988159 -0.00586456588077545
15600 9440 -5378 0.00864977357435866 -0.00546679460144043 -0.00410515992832184 -0.00529909441661835
15600 9640 -5378 0.00857482634241109 -0.00540549168205261 -0.0048496314001 -0.00455941353607178
15600 9840 -5378 0.00848936687814002 -0.00529655233764649 -0.00552329553794861 -0.00367677398777008
15800 9840 -5378 0.00679554017886522 -0.00432278274536133 -0.00451055545997620 -0.00267278874158859
15800 9640 -5378 0.00690794901382326 -0.00444728606414795 -0.00399971551513672 -0.00345596325778961
15800 9440 -5378 0.00702014745026199 -0.00454114863395691 -0.00342461642837524 -0.00411538193893433
15800 9240 -5378 0.00710881528347754 -0.0046089705944 -0.00280515943193436 -0.00462871969223022
15800 9040 -5378 0.00717543945346141 -0.00465702326869965 -0.00215768985128403 -0.00501374462032318
15800 8840 -5378 0.00721790216316745 -0.00468969299888611 -0.00150012965917587 -0.00527723648738861
15800 8640 -5378 0.00724040533861681 -0.00471073863983154 -0.000829680460572243 -0.00543544306087494
15800 8440 -5378 0.00723494956896264 -0.00472143006992340 -0.000152752237796783 -0.00547991159152985
15800 8240 -5378 0.00720261992308746 -0.00472595015239716 0.000523264072537422 -0.00541025610733032
15800 8040 -5378 0.00714733561261057 -0.00472030539798737 0.00119196760797501 -0.00523277152156830
15800 7840 -5378 0.00707630340566372 -0.00470260651206970 0.00184642808198929 -0.00495523006725311
15800 7640 -5378 0.00698036762941315 -0.00466704289245606 0.00248893223714829 -0.00455464226531983
15800 7440 -5378 0.0068604821957 -0.00460847120189667 0.00311209714508057 -0.00401843682765961
15800 7240 -5378 0.0067306613364 -0.00452114483547211 0.00369263061046600 -0.00335045229434967
15800 7040 -5378 0.00660989855411700 -0.00440499672794342 0.00421502308177948 -0.0025532899928
16000 7040 -5378 0.00522638180613666 -0.00350663626861572 0.00338512203311920 -0.00188662732315063
16000 7240 -5378 0.00538143935145592 -0.00364863334751129 0.00300624559164047 -0.00257169379901886
16000 7440 -5378 0.00553199398899857 -0.00375992113399506 0.00256325879621506 -0.00314586163187027
16000 7640 -5378 0.00566325751236048 -0.00384218826389313 0.00207086327886581 -0.00360855589771271
16000 7840 -5378 0.00577115723317193 -0.00389985772991180 0.00154494267964363 -0.00396369921016693
16000 8040 -5378 0.00585278582018904 -0.00393538939189911 0.000998086416244507 -0.00421534427928925
16000 8240 -5378 0.00591030533685915 -0.00395178431606293 0.000440306243538857 -0.00437264749336243
16000 8440 -5378 0.0059412571395 -0.00395346775722504 -0.000127963424682617 -0.00443314451217651
16000 8640 -5378 0.00594278642465477 -0.00394075583267212 -0.000692462418794632 -0.00439415883445740
16000 8840 -5378 0.00591404167586076 -0.00391369023799896 -0.00125695890188217 -0.00425202920341492
16000 9040 -5378 0.00586009685152463 -0.0038679090538 -0.00179916308879852 -0.00401790157699585
16000 9240 -5378 0.0057764512449 -0.00380321740722656 -0.00232083037424088 -0.00367650278282166
16000 9440 -5378 0.00566477695025730 -0.00371472586345673 -0.00280425055408478 -0.0032292944231
16000 9640 -5378 0.00552208051342414 -0.00359928781318664 -0.00324069074153900 -0.00265212201118469
16000 9840 -5378 0.00536602326236325 -0.00345256747531891 -0.00360551543426514 -0.00196777949619293
16200 9840 -5378 0.00418873813249727 -0.00269203485679626 -0.00281540417575836 -0.00153982121038437
16200 9640 -5378 0.00438798657702296 -0.00286108229446411 -0.00258506965255737 -0.00209428966379166
16200 9440 -5378 0.00455388211898348 -0.0029936912117 -0.00227125143337250 -0.00257252157592773
16200 9240 -5378 0.00467985020562394 -0.00309454421615601 -0.0018987640233 -0.00295312999439239
16200 9040 -5378 0.00477202044414702 -0.00316930329704285 -0.00148454135084152 -0.00324370490074158
16200 8840 -5378 0.00483357730685886 -0.00322182747077942 -0.00104486143684387 -0.00344800191402435
16200 8640 -5378 0.00486720247723389 -0.00325387866687775 -0.000585507711172104 -0.00357199024295807
16200 8440 -5378 0.0048696383063 -0.00326714514446259 -0.000116659194260836 -0.00360907343769073
16200 8240 -5378 0.00483939734282547 -0.00326119078731537 0.000359948425590992 -0.00355715367126465
16200 8040 -5378 0.00478218993393157 -0.00323723280906677 0.000821405109643936 -0.00342241340255737
16200 7840 -5378 0.00470189160826739 -0.00319402261447907 0.00126531562256813 -0.00321039754343033
16200 7640 -5378 0.00459324523636029 -0.00312627180051804 0.00168501202058792 -0.00291291278982163
16200 7440 -5378 0.00445147932672874 -0.00302716571044922 0.00207482462978363 -0.0025191799283
16200 7240 -5378 0.00428292086871857 -0.00289430423116684 0.00240934096765518 -0.0020398045473
16200 7040 -5378 0.00408991879032020 -0.00272037320995331 0.00267047294855118 -0.00148291449117661
16400 7040 -5378 0.00322371651596603 -0.0021059669137 0.00209508880853653 -0.00125181052207947
16400 7240 -5378 0.00341940626858543 -0.00227886503696442 0.00191907413578034 -0.0016781739583
16400 7440 -5378 0.00358563379317042 -0.00241346708393097 0.0016737113204 -0.00205673491907120
16400 7640 -5378 0.00372202809457642 -0.00251591638517380 0.00137368706417084 -0.00237409157037735
16400 7840 -5378 0.00382916411048999 -0.00258967707061768 0.00103644288754463 -0.00262375921249390
16400 8040 -5378 0.00390805854784713 -0.00263864857864380 0.000673651483893395 -0.00280297145366669
16400 8240 -5378 0.00396149261593858 -0.00266565741539001 0.000296803540825844 -0.00291535295867920
16400 8440 -5378 0.0039886764717 -0.00267302076768875 -9.24067296385765e-05 -0.00295898548841476
16400 8640 -5378 0.00398523518611724 -0.0026602126584 -0.000476913280725479 -0.00292884286451340
16400 8840 -5378 0.003951358959 -0.00262763616228104 -0.000855157758474350 -0.00282464944791794
16400 9040 -5378 0.00389028067202402 -0.00257363074016571 -0.0012094571278 -0.0026546404066
16400 9240 -5378 0.00379583784278457 -0.00249633993148804 -0.00153613292002678 -0.00241207178258896
16400 9440 -5378 0.00366922647657510 -0.00239411138105392 -0.00181901386833191 -0.00210362349939346
16400 9640 -5378 0.00349907884777305 -0.00225898373842239 -0.00204406047296524 -0.00172056268215179
16400 9840 -5378 0.00328875921395496 -0.00208826814842224 -0.00218799083232880 -0.00129142147469521
16600 9840 -5378 0.00262714420195856 -0.0016343383274 -0.00171760833978653 -0.00113197379064560
16600 9640 -5378 0.00281842598636835 -0.00178516404533386 -0.00162203512477875 -0.00145814718222618
16600 9440 -5378 0.00297550452568554 -0.0019088842535 -0.00145813756608963 -0.00175582175827026
16600 9240 -5378 0.00309415133737881 -0.00200527392387390 -0.0012406080532 -0.00200375971078873
16600 9040 -5378 0.00318225681315561 -0.00207837627363205 -0.000983579504489899 -0.00219970701742172
16600 8840 -5378 0.00324032074721465 -0.0021297685275 -0.0006997687838 -0.00233967914581299
16600 8640 -5378 0.0032733577359 -0.00216165771055222 -0.000395268560528755 -0.00242614981937408
16600 8440 -5378 0.0032784363917 -0.00217373945999146 -8.11977692395449e-05 -0.00245293197202682
16600 8240 -5378 0.00325473476288879 -0.00216637133455276 0.000236595430076122 -0.00241756995725632
16600 8040 -5378 0.00320588427276524 -0.00213876666688919 0.000545273456692695 -0.00232509096002579
16600 7840 -5378 0.00313658287792712 -0.00209242800569534 0.000835977753162384 -0.00218200873756409
16600 7640 -5378 0.00303917004626674 -0.00202196950817108 0.00110485728597641 -0.00198176942873001
16600 7440 -5378 0.00291352410805082 -0.00192553086709976 0.0013406016407 -0.00172688269424438
16600 7240 -5378 0.00276109448446509 -0.00180143391942978 0.00152731969547272 -0.0014301421976
16600 7040 -5378 0.00258111343108502 -0.00164683542203903 0.00165374687385559 -0.00110252482533455
16800 7040 -5378 0.00210716601886110 -0.00130906077456474 0.00132004347085953 -0.000991964593410492
16800 7240 -5378 0.00225835462357119 -0.00143523585677147 0.00122506294465065 -0.00124079427361488
16800 7440 -5378 0.00238812864876923 -0.00153977762436867 0.00108159278964996 -0.00147044535851479
16800 7640 -5378 0.00249593452766532 -0.00162373996496201 0.0008966182022 -0.00167012643623352
16800 7840 -5378 0.00258111218701907 -0.00168688046121597 0.000681575183272362 -0.00183085490989685
16800 8040 -5378 0.00264455938038097 -0.00173106136894226 0.000444465465188026 -0.00194912008762360
16800 8240 -5378 0.00268620534506452 -0.00175559163093567 0.000194798551470041 -0.00202383366775513
16800 8440 -5378 0.00270605471619800 -0.001762841475 -6.37734514474869e-05 -0.002052000216
16800 8640 -5378 0.00270179367651198 -0.00175249217414856 -0.000319188900887966 -0.00203139821195602
16800 8840 -5378 0.00267211447079170 -0.00172417380762100 -0.000567917949557304 -0.00196079435682297
16800 9040 -5378 0.00262099562388042 -0.00167828614139557 -0.000796676152348519 -0.00184886921167374
16800 9240 -5378 0.00254266855308652 -0.00161326056337357 -0.001001501405 -0.00169140769767761
16800 9440 -5378 0.00243854494594238 -0.00152898361635208 -0.00117081353712082 -0.00149562509679794
16800 9640 -5378 0.00230242012147318 -0.00142321892666817 -0.00129622811627388 -0.00126308312201500
16800 9840 -5378 0.00214022530871632 -0.00129739954638481 -0.00136797424006462 -0.00101321111798286
17000 9840 -5378 0.00177163924485872 -0.00104154163122177 -0.00110307792663574 -0.000915015309810638
17000 9640 -5378 0.00190374721113837 -0.00114177575898170 -0.00104581723308563 -0.00110789179539680
17000 9440 -5378 0.00201694813065865 -0.00122895316791534 -0.000946619386672974 -0.00128879525303841
17000 9240 -5378 0.00210507939735494 -0.00129955420494080 -0.000811788966178894 -0.00144343923044205
17000 9040 -5378 0.00217227461899323 -0.00135539445757866 -0.000647903964996338 -0.00156890829443932
17000 8840 -5378 0.00221770761004410 -0.00139535128331184 -0.0004636118046 -0.00166010662651062
17000 8640 -5378 0.00224350294623599 -0.00141999571514130 -0.0002637867431 -0.00171690200901032
17000 8440 -5378 0.00224842273935887 -0.00142927435898781 -5.55306807234883e-05 -0.00173475899171829
17000 8240 -5378 0.00223126262816509 -0.00142249124193192 0.000155648375 -0.0017119652934
17000 8040 -5378 0.00219567761806996 -0.00140066790127754 0.000359883325994015 -0.00165208004379273
17000 7840 -5378 0.00214315314722589 -0.00136389471507072 0.000550865218043327 -0.00155877117896080
17000 7640 -5378 0.00207174528045432 -0.00131057501363754 0.000723192331314087 -0.00143240739512444
17000 7440 -5378 0.00197970278789300 -0.00123965371274948 0.000872014082431793 -0.00127322202229500
17000 7240 -5378 0.00187073310812420 -0.0011531796596 0.000987868031024933 -0.00109273241233826
17000 7040 -5378 0.00174580470832652 -0.00105194206643105 0.00106444190764427 -0.000899008005380630
17200 7040 -5378 0.0014671160982 -0.000854895494461060 0.000867808182477951 -0.0008177184472
17200 7240 -5378 0.00156760914717412 -0.000934057584285736 0.000804563224315643 -0.000968350220918655
17200 7440 -5378 0.00165612774247907 -0.00100297977948189 0.000711275757312775 -0.00110960130977631
17200 7640 -5378 0.00173182752958298 -0.00106068285751343 0.000591131484270096 -0.00123480445265770
17200 7840 -5378 0.00179209201907230 -0.00110540470647812 0.000450068029642105 -0.00133670285677910
17200 8040 -5378 0.00183649228453017 -0.00113687309813499 0.000293866128265858 -0.0014118535974
17200 8240 -5378 0.00186626851156597 -0.00115526598381996 0.000128563561588526 -0.00146009359908104
17200 8440 -5378 0.00188012348287013 -0.00116092966699600 -4.37595210447908e-05 -0.00147835019707680
17200 8640 -5378 0.00187610873376092 -0.00115315696787834 -0.000212925861120224 -0.00146447108745575
17200 8840 -5378 0.00185439795659669 -0.0011326417191 -0.000377127243697643 -0.00141896836209297
17200 9040 -5378 0.00181662210311718 -0.00109943244504929 -0.000527190802216530 -0.00134679731345177
17200 9240 -5378 0.00176117026602668 -0.00105380707335472 -0.000660369129776955 -0.00124692819428444
17200 9440 -5378 0.00168738580678462 -0.000995509727 -0.000769404215455055 -0.00112438801026344
17200 9640 -5378 0.0015942427931 -0.000925134679555893 -0.000850809408426285 -0.000980764684677124
17200 9840 -5378 0.00148738926708746 -0.000844952462196350 -0.000900299215078354 -0.000829154528141022
17400 9840 -5378 0.0012620121966 -0.000690486369013786 -0.000741269721984863 -0.000752597798824310
17400 9640 -5378 0.00134772676995431 -0.0007534037882 -0.000698232993364334 -0.000872006700754165
17400 9440 -5378 0.00142305172961160 -0.000809557160615921 -0.000631188001990318 -0.000985543066024781
17400 9240 -5378 0.00148358787361376 -0.000856509644269943 -0.000541153940558434 -0.00108346735477448
17400 9040 -5378 0.00152933991356129 -0.000893968154668808 -0.0004324420706 -0.00116318487286568
17400 8840 -5378 0.00156168084543570 -0.000921521024942398 -0.000310485005140305 -0.0012220977261
17400 8640 -5378 0.00157957463002628 -0.000938587017059326 -0.000177051356047392 -0.00125807918691635
17400 8440 -5378 0.001583807717 -0.000944913923978805 -3.82476879879832e-05 -0.00127046862745285
17400 8240 -5378 0.00157275903843341 -0.000940739964962006 0.000102889073029161 -0.00125605318427086
17400 8040 -5378 0.00154747218351010 -0.000925086116552353 0.000239163454532623 -0.00121731675195694
17400 7840 -5378 0.00151172601092734 -0.000900135993957520 0.000366168354749680 -0.00115806646275520
17400 7640 -5378 0.00146360838747932 -0.000865037956714630 0.000480876745820045 -0.00107824691081047
17400 7440 -5378 0.00140014518543762 -0.000817555983781815 0.000580680256485939 -0.000977204952239991
17400 7240 -5378 0.00132725139251951 -0.000762044200897217 0.000658644879817963 -0.000864446814298629
17400 7040 -5378 0.00124520493736350 -0.000699329627871513 0.000713175397634506 -0.000743541700124741
17600 7040 -5378 0.00106717057429287 -0.0005758306303 0.000590826138377190 -0.000676964500427246
17600 7240 -5378 0.00113341954964198 -0.000625279681086540 0.000544116291880608 -0.000772838270425797
17600 7440 -5378 0.00119200087213165 -0.000668617326378822 0.0004793783394 -0.000862748691797256
17600 7640 -5378 0.00124281439375530 -0.000705637972474098 0.000397792349457741 -0.000942562420129776
17600 7840 -5378 0.00128334530405471 -0.000734821543216705 0.000302910732328892 -0.00100753783798218
17600 8040 -5378 0.00131379237446990 -0.000755848014831543 0.000197029057949781 -0.00105645974349976
17600 8240 -5378 0.00133373834901581 -0.000767823686957359 8.56989652067423e-05 -0.00108712779045105
17600 8440 -5378 0.00134296454985151 -0.000771817994475365 -2.99833882860839e-05 -0.00109861356353760
17600 8640 -5378 0.00134009547818674 -0.000766640348196030 -0.000144068283885717 -0.00108972250699997
17600 8840 -5378 0.00132472039388490 -0.000752694746255875 -0.000254524782419205 -0.00105996834468842
17600 9040 -5378 0.0012984414451 -0.000730323449373245 -0.000355280522227287 -0.00101316640615463
17600 9240 -5378 0.00126055186364372 -0.000700061150193215 -0.000445087966322899 -0.000949116099834442
17600 9440 -5378 0.0012119996123 -0.000662789381027222 -0.000519595878720283 -0.000871484499692917
17600 9640 -5378 0.00115030288183524 -0.0006178943324 -0.000577080934524536 -0.000780150975823403
17600 9840 -5378 0.00108057630846575 -0.000567621333122253 -0.000615009351491928 -0.0006836857742
17800 9840 -5378 0.000932400187026527 -0.000468731381535530 -0.000513701356291771 -0.000621096100330353
17800 9640 -5378 0.000988367933777297 -0.000508243377566338 -0.000480075218796730 -0.000698632683157921
17800 9440 -5378 0.00103810341576379 -0.000543801597833633 -0.000431304227948189 -0.000772066205978394
17800 9240 -5378 0.00107863368417066 -0.000574183044672012 -0.000368881737232208 -0.000835243775367737
17800 9040 -5378 0.00110915040954699 -0.000598101214170456 -0.000294128120899200 -0.000886457932710648
17800 8840 -5378 0.0011315704688 -0.000616647378087044 -0.0002109916169 -0.000924985918283463
17800 8640 -5378 0.0011443877349 -0.000627923332452774 -0.000120735910266638 -0.000949082934379578
17800 8440 -5378 0.0011469731551 -0.000632148354768753 -2.64133536145091e-05 -0.000956575248241425
17800 8240 -5378 0.00113930808987178 -0.000629246569871903 6.90955258756876e-05 -0.000947304037570954
17800 8040 -5378 0.00112231525965769 -0.000618956404566765 0.000162157405883074 -0.000922086248397828
17800 7840 -5378 0.00109858581523471 -0.000602924805283546 0.000248083312094212 -0.000884391509532928
17800 7640 -5378 0.00106576663 -0.000579852568149567 0.000326934632241726 -0.000832311993837356
17800 7440 -5378 0.00102417471551951 -0.000550135924696922 0.000396080334424973 -0.000767757933020592
17800 7240 -5378 0.0009756635739 -0.000515355836272240 0.000451232200741768 -0.000694481587290764
17800 7040 -5378 0.000921561315277473 -0.000476317013740540 0.000492426207542420 -0.000616778956174850
18000 7040 -5378 0.000801705645565448 -0.000395583898663521 0.000412780856966972 -0.000561865937471390
18000 7240 -5378 0.000844960737597799 -0.000426173525571823 0.000377346421539783 -0.000624608777880669
18000 7440 -5378 0.000884136988692929 -0.000453147025227547 0.000330460383355618 -0.000683590280890465
18000 7640 -5378 0.000917564856180182 -0.000476348940730095 0.000272944114744663 -0.000735140496730804
18000 7840 -5378 0.000945092198695402 -0.000495233268022537 0.000207220582365990 -0.000777767120718956
18000 8040 -5378 0.000965352525852085 -0.000508882544517517 0.000134685301184654 -0.000809116574048996
18000 8240 -5378 0.000978572995420373 -0.000516549005150795 5.83864721059799e-05 -0.000829079762458801
18000 8440 -5378 0.000985033107084089 -0.000519029821991920 -2.08355390839279e-05 -0.000836814677953720
18000 8640 -5378 0.000982810403837827 -0.000515649603128433 -9.90149029046297e-05 -0.000830896965980530
18000 8840 -5378 0.000972193357270246 -0.0005063412348 -0.000174480344444513 -0.000811318260192871
18000 9040 -5378 0.000954647322290283 -0.000492105676531792 -0.000243788728773594 -0.0007808652693
18000 9240 -5378 0.000929262641045337 -0.000472716817617416 -0.000306744669735432 -0.0007390395857
18000 9440 -5378 0.000895949356998425 -0.000448256987094879 -0.000359149141252041 -0.000687545819878578
18000 9640 -5378 0.000855622642080778 -0.0004200732541 -0.000401536502063274 -0.0006279531387
18000 9840 -5378 0.000809826804364439 -0.000388508496642113 -0.000431567437052727 -0.000564524692058563
18200 9840 -5378 0.000708328443676176 -0.000323163977742195 -0.0003648039146 -0.000514015886425972
18200 9640 -5378 0.000745336709188541 -0.0003478935647 -0.000338101049661636 -0.000565942202568054
18200 9440 -5378 0.000778054984646856 -0.000370191741943359 -0.000301599959313870 -0.000614234161019325
18200 9240 -5378 0.000805438778533306 -0.000389754866540432 -0.000256655473649502 -0.000656291773676872
18200 9040 -5378 0.000826275630962019 -0.000405558062791824 -0.000204382317513227 -0.000690289919376373
18200 8840 -5378 0.000841023219242416 -0.000417084055423737 -0.000146322841674089 -0.000715507213115692
18200 8640 -5378 0.000849462855715092 -0.000424289463520050 -8.35297810286283e-05 -0.000731428582191467
18200 8440 -5378 0.000851364277838592 -0.000426897963047027 -1.82024847324938e-05 -0.000736505979895592
18200 8240 -5378 0.000846427389997833 -0.0004251764115 4.79921820312738e-05 -0.000730435176491737
18200 8040 -5378 0.000835625097937964 -0.000419184240818024 0.000111620130062103 -0.000714349984169006
18200 7840 -5378 0.000819497330685375 -0.000408584047794342 0.000172195229470730 -0.000689210980653763
18200 7640 -5378 0.000797344286552759 -0.000393748558521271 0.0002271658293 -0.000655069210052490
18200 7440 -5378 0.0007696689471 -0.000375332397878170 0.000276268570721149 -0.000612568221092224
18200 7240 -5378 0.000737104976567223 -0.000353370805561543 0.000316800662636757 -0.000564090963
18200 7040 -5378 0.000701071707132953 -0.000328806751668453 0.000348302556753159 -0.000512115880727768
18400 7040 -5378 0.000616888145096672 -0.000273827587485313 0.000295340748369694 -0.000467182124733925
18400 7240 -5378 0.000646477228036060 -0.000293211145520210 0.000267884478688240 -0.000510096007227898
18400 7440 -5378 0.0006726239493 -0.000310518859267235 0.000233340424656868 -0.000549250094294548
18400 7640 -5378 0.000695294024388400 -0.000325342405617237 0.000191744018197060 -0.0005838906002
18400 7840 -5378 0.000713286234770993 -0.000336901892960072 0.000145304758876562 -0.000611687170386315
18400 8040 -5378 0.000727414949124955 -0.000345866949796677 9.40737694948912e-05 -0.000633101785182953
18400 8240 -5378 0.000736703229633157 -0.000351005982041359 4.07335198819637e-05 -0.0006464128189
18400 8440 -5378 0.0007402093328 -0.0003521127696 -1.45723628550768e-05 -0.000651012744784355
18400 8640 -5378 0.000739071477499944 -0.000350023227214813 -6.92197328209877e-05 -0.000647218437314034
18400 8840 -5378 0.000732277050087343 -0.0003445957812 -0.000122397680491209 -0.000634319826126099
18400 9040 -5378 0.000719710263343855 -0.000334790830910206 -0.000171242926388979 -0.000613656111240387
18400 9240 -5378 0.000702244746260438 -0.0003220745024 -0.000215576284646988 -0.000585392723083496
18400 9440 -5378 0.000680335079636288 -0.000306832597076893 -0.000254017648458481 -0.000551514667034149
18400 9640 -5378 0.000652936863269879 -0.000288693446815014 -0.000285829580724239 -0.000510924019217491
18400 9840 -5378 0.000622870602827319 -0.000268954049289226 -0.000309792602717876 -0.000468679048538208
18600 9840 -5378 0.000549875921531363 -0.000223582596480846 -0.000264056314229965 -0.000427584944963455
18600 9640 -5378 0.000575303060650813 -0.000239834004938602 -0.000242926968693733 -0.000463142983675003
18600 9440 -5378 0.000596830102640176 -0.000253712181985378 -0.000215308975815773 -0.000495344909667969
18600 9240 -5378 0.000615581592283211 -0.0002666323719 -0.000182548123121262 -0.000524031055331230
18600 9040 -5378 0.000630116144971648 -0.000276815467119217 -0.000144446259260178 -0.000547239342212677
18600 8840 -5378 0.000639966352674216 -0.000284147906661034 -0.000103263575389981 -0.000564051002740860
18600 8640 -5378 0.000645748253382444 -0.000288603115737438 -5.88748263865709e-05 -0.000574645758986473
18600 8440 -5378 0.000647759213265831 -0.000290985755145550 -1.28597725918516e-05 -0.000578643938183784
18600 8240 -5378 0.000643500858527399 -0.000289085684061051 3.39982500076294e-05 -0.000574091588973999
18600 8040 -5378 0.000636531574430496 -0.000285388046860695 7.92128661721945e-05 -0.000563352484464645
18600 7840 -5378 0.000625924994779345 -0.000279201998054981 0.000121685190141201 -0.000546828179478645
18600 7640 -5378 0.000610670424171950 -0.000269249393045902 0.000161345374077559 -0.000523543871164322
18600 7440 -5378 0.000591981539048584 -0.000257394264161587 0.000196966518044472 -0.000495127014875412
18600 7240 -5378 0.000569470090463257 -0.000243181561172009 0.000227181393444538 -0.000461985793113709
18600 7040 -5378 0.000545427805676044 -0.000227798788487911 0.000251591962695122 -0.0004270012058
18800 7040 -5378 0.000484274222346339 -0.000188997732758522 0.000215599208295345 -0.000390376609385014
18800 7240 -5378 0.000504944786258205 -0.000202283988356590 0.000194016095042229 -0.000420009460210800
18800 7440 -5378 0.0005230512029 -0.000213320376455784 0.000168056435555220 -0.0004470279771
18800 7640 -5378 0.000538634801663344 -0.000222981285870075 0.000137708368867636 -0.000470680528879166
18800 7840 -5378 0.000551214712465555 -0.000230467515766621 0.0001040828817 -0.0004896464498
18800 8040 -5378 0.000560705392289364 -0.000236290493488312 6.72836454361677e-05 -0.0005039387114
18800 8240 -5378 0.000566506709463576 -0.000239293176174164 2.9300837945193e-05 -0.000512614559054375
18800 8440 -5378 0.000568957380273720 -0.000240179426431656 -1.0097909512464e-05 -0.0005156785587
18800 8640 -5378 0.000567741388587437 -0.000238590209126472 -4.9147992528975e-05 -0.000513029305458069
18800 8840 -5378 0.000562606321625962 -0.000234645631074905 -8.67771781533957e-05 -0.000503889516711235
18800 9040 -5378 0.000554756848726638 -0.000228710498511791 -0.000122006738871336 -0.000490391900420189
18800 9240 -5378 0.000542738658169607 -0.000220745205640793 -0.000154380465835333 -0.000471172449350357
18800 9440 -5378 0.000527696987623830 -0.0002106295132 -0.000182852729916573 -0.000447969949245453
18800 9640 -5378 0.000509289539597490 -0.000199058066070080 -0.0002067691881 -0.000420486959457398
18800 9840 -5378 0.000488586476713405 -0.000186223744452000 -0.000226287578046322 -0.000390830099582672
19000 9840 -5378 0.000435428850950678 -0.000154253032237291 -0.000194445746392012 -0.000357764081478119
19000 9640 -5378 0.000452773297056659 -0.000164743083685637 -0.000177462725371122 -0.000382583789527416
19000 9440 -5378 0.000468357413518273 -0.000174396083414555 -0.000156522148191929 -0.0004055328527
19000 9240 -5378 0.000481079086029442 -0.000182467907726765 -0.000131892522990704 -0.000425150189042091
19000 9040 -5378 0.0004904558048 -0.0001886204321 -0.000103867151975632 -0.000440464587092399
19000 8840 -5378 0.000498015111331415 -0.000193939022570848 -7.41530837267637e-05 -0.000452607841014862
19000 8640 -5378 0.000501723595273828 -0.000196548012226820 -4.19773589447141e-05 -0.000459710067629814
19000 8440 -5378 0.000503032355157398 -0.0001979791463 -8.90389559604228e-06 -0.000462378586053848
19000 8240 -5378 0.000500769249422127 -0.000197456421762705 2.45719192437828e-05 -0.0004596269977
19000 8040 -5378 0.000495333116648169 -0.000194405225753784 5.73338246643543e-05 -0.000451946147918701
19000 7840 -5378 0.000488013968239132 -0.000190080124974251 8.80919296592474e-05 -0.000440715929627419
19000 7640 -5378 0.000478298012962555 -0.000184417535632849 0.000116771417975426 -0.000425586181282997
19000 7440 -5378 0.0004648110298 -0.000176670781850815 0.000143462874889374 -0.0004051644845
19000 7240 -5378 0.000449447698924706 -0.000167153978228569 0.000166119413018227 -0.000382567062079906
19000 7040 -5378 0.000432690607297046 -0.000156886565923691 0.000185226750791073 -0.000358157298564911
