# amount of points in x direction: 11 (distance of 200 steps)
# amount of points in y direction: 33 (distance of 200 steps)
# abs. coordinates of point 1: P1 (, , ) (offsets not corrected)
# Offsets of the hall probe have already been corrected for all following coordinates.
#
# X (absolute in steps=10um) Y (absolute in steps=10um) Z (absolute in steps=10um) Babs(in T) Bx By Bz
6000 8440 -4978 0.000551495720025315 0.000192968206048012 1.76615337561816e-05 -0.000516271062254906
6000 8640 -4978 0.000549928347398018 0.000192747161120176 4.7471433609724e-05 -0.0005128182826
6000 8840 -4978 0.000545586899868466 0.0001904867317 7.60458568036556e-05 -0.000505565918564796
6000 9040 -4978 0.000537496216232440 0.000187847289949656 0.000103506651431322 -0.000492857815146446
6000 9240 -4978 0.000525698191179231 0.000183144696772099 0.000129784280121326 -0.000475484430074692
6000 9440 -4978 0.000511170814753791 0.000177460832566023 0.000152964471220970 -0.000454336740732193
6000 9640 -4978 0.000493360336670707 0.000171794404327869 0.000173779631882906 -0.000428476357221603
6000 9840 -4978 0.000473849322779843 0.000164443989038467 0.000190198721170425 -0.000401641384363174
6000 10040 -4978 0.000452429806233793 0.000157396763324738 0.000203626818150282 -0.000372200594723225
6000 10240 -4978 0.000430234003913888 0.000149932232677937 0.000213636161029339 -0.000341776704967022
6000 10440 -4978 0.0004057094555 0.000141349943518639 0.000219552241981030 -0.000310609264969826
6000 10640 -4978 0.000381328997114164 0.000133287115097046 0.000222388722598553 -0.000279657994449139
6000 10840 -4978 0.000357832870055340 0.000125394931226969 0.000222554972589016 -0.000250578846454620
6000 11040 -4978 0.000334737220937310 0.000117375581443310 0.0002198619073 -0.000223369715988636
6000 11240 -4978 0.000311489294576643 0.0001098587861 0.000215014155387878 -0.000196788925528526
6000 11440 -4978 0.000289736731299871 0.000103201221764088 0.0002084274559 -0.000172842414557934
6000 11640 -4978 0.000269026109561207 9.62132259607315e-05 0.000200219085842371 -0.000151692477971315
6000 11840 -4978 0.000249400573370322 8.97094826102257e-05 0.000191253010541201 -0.000132348783999681
6000 12040 -4978 0.000231510062434856 8.4560203820467e-05 0.000182041232079267 -0.000115501000821590
6000 12240 -4978 0.000214891534982767 7.96653689593077e-05 0.000172445189952850 -0.000100603176936507
6000 12440 -4978 0.000199525566879731 7.5007484793663e-05 0.000162518008649349 -8.78997298628092e-05
6000 12640 -4978 0.0001855300273 7.11005678474903e-05 0.000153025105565786 -7.72175440639257e-05
6000 12840 -4978 0.000172746585197957 6.71767181605101e-05 0.000143822775274515 -6.81912925839424e-05
6000 13040 -4978 0.000161122656014628 6.44540309011936e-05 0.000135042573690414 -5.97610248029232e-05
6000 13240 -4978 0.000150982051714298 6.2174822986126e-05 0.000126970194429159 -5.2917263507843e-05
6000 13440 -4978 0.000141711917628003 5.98389398306608e-05 0.000119661048293114 -4.70507160797715e-05
6000 13640 -4978 0.000132876686738141 5.77148508578539e-05 0.0001119631516 -4.24301740080118e-05
6000 13840 -4978 0.000125188865642546 5.6010206066072e-05 0.000105229807227850 -3.81513940617442e-05
6000 14040 -4978 0.000118475953849721 5.47215281650424e-05 9.92656938582659e-05 -3.44735843613744e-05
6000 14240 -4978 0.000112400657584626 5.32537569031119e-05 9.39335334151983e-05 -3.15605873987079e-05
6000 14440 -4978 0.000107165694498992 5.24866154715419e-05 8.86155121326446e-05 -2.89102437458932e-05
6000 14640 -4978 0.000101676445265711 5.13083565682173e-05 8.36144037544727e-05 -2.66812645383179e-05
6000 14840 -4978 9.68861140504907e-05 5.02692857980728e-05 7.90023564994335e-05 -2.49629846550524e-05
6200 14840 -4978 9.76600160143001e-05 4.99358272999525e-05 8.09261636734009e-05 -2.2245177295059e-05
6200 14640 -4978 0.0001020569263 5.05194890350103e-05 8.53824497461319e-05 -2.39423204697669e-05
6200 14440 -4978 0.000107143982270613 5.13233282640576e-05 9.04274948388338e-05 -2.5953911550343e-05
6200 14240 -4978 0.0001134353923 5.26289741545916e-05 9.64400606155395e-05 -2.83993823118508e-05
6200 14040 -4978 0.000119470693975942 5.34769077301025e-05 0.000101982226818800 -3.12639386430383e-05
6200 13840 -4978 0.000126606075793842 5.51390657648444e-05 0.0001086308805 -3.45428298264742e-05
6200 13640 -4978 0.000134701645679847 5.7454344779253e-05 0.000115856647431850 -3.7774014852941e-05
6200 13440 -4978 0.000143715240299603 5.90832493752241e-05 0.000123747540861368 -4.30091393589974e-05
6200 13240 -4978 0.000153805528365399 6.18360339850187e-05 0.000132551909327507 -4.81082226112485e-05
6200 13040 -4978 0.000164879019321268 6.4849363848567e-05 0.000141397831857204 -5.44091678112745e-05
6200 12840 -4978 0.000177302500810534 6.81451109349728e-05 0.000151504977881908 -6.20217752158642e-05
6200 12640 -4978 0.000191560999967409 7.24739118069411e-05 0.000162296312928200 -7.12612760961056e-05
6200 12440 -4978 0.000206603249198782 7.62744544148445e-05 0.000173291316390038 -8.27590329051018e-05
6200 12240 -4978 0.000223100170844553 8.14958686977625e-05 0.000184443190991879 -9.54610858559608e-05
6200 12040 -4978 0.0002415563866 8.68034022152424e-05 0.000195994820713997 -0.000111328376948833
6200 11840 -4978 0.000262161050719277 9.36717514991761e-05 0.000208208062052727 -0.000129204786926508
6200 11640 -4978 0.0002843583135 0.000100169356659055 0.000219452196896076 -0.000150553417146206
6200 11440 -4978 0.000307523496687496 0.000107806159973145 0.000229607994794846 -0.000173938986599445
6200 11240 -4978 0.000332384966535791 0.000116248789399862 0.000238683740198612 -0.000199879829943180
6200 11040 -4978 0.000359524267056375 0.000125946992695332 0.000246187895774841 -0.000229753288567066
6200 10840 -4978 0.000387051778570091 0.000135322993576527 0.0002509874534 -0.000261683707475662
6200 10640 -4978 0.000414576437620414 0.000144684972763062 0.000252725898921490 -0.000295355179131031
6200 10440 -4978 0.000442935210880869 0.000154162932127714 0.0002506334514 -0.000331060101389885
6200 10240 -4978 0.000471605812330972 0.000164413488775492 0.000245505451917648 -0.0003674463731
6200 10040 -4978 0.000499285196893244 0.000173959638863802 0.000235345666170120 -0.000404583304643631
6200 9840 -4978 0.000525053883987336 0.000183030388176441 0.000220872736275196 -0.000439629759311676
6200 9640 -4978 0.000547938708416756 0.0001913515447 0.000202672871559858 -0.000471658111095429
6200 9440 -4978 0.0005690880624 0.000199126092046499 0.000179687611877918 -0.000501918702960015
6200 9240 -4978 0.0005875509862 0.000205439642846584 0.000152601457387209 -0.000528924279212952
6200 9040 -4978 0.000602087606361019 0.000210866649150848 0.000122269805759192 -0.000550439532518387
6200 8840 -4978 0.000611962692312355 0.000215099760591984 9.07213052213192e-05 -0.000565644567131996
6200 8640 -4978 0.000618000363831355 0.000217499007225037 5.61331115961075e-05 -0.000575550010919571
6200 8440 -4978 0.000619998443275530 0.000218622701644897 2.04112315028906e-05 -0.000579774764776230
6400 8440 -4978 0.000701195682059199 0.000249738738536835 2.2366687938571e-05 -0.000654832557439804
6400 8640 -4978 0.000699792968993481 0.000249249209046364 6.25802148878574e-05 -0.000650776486158371
6400 8840 -4978 0.0006934254118 0.000246381936132908 0.000102508188173175 -0.0006399887247
6400 9040 -4978 0.000682020763992174 0.000242181447446346 0.000139706086635590 -0.000622202673792839
6400 9240 -4978 0.000665039279754546 0.000234922065973282 0.0001756202405 -0.000596932910442352
6400 9440 -4978 0.000643011017773535 0.000227363217473030 0.000207364048242569 -0.000564596570849419
6400 9640 -4978 0.0006175797633 0.000217701758265495 0.000234446863412857 -0.000528344946026802
6400 9840 -4978 0.000589808774150680 0.000207727044522762 0.000255546646595001 -0.000489185169339180
6400 10040 -4978 0.000559040520449391 0.000196803049594164 0.000271703083693981 -0.000447432332158089
6400 10240 -4978 0.000526337202556285 0.000185063653767109 0.000282587583124638 -0.000403545108079910
6400 10440 -4978 0.000491822677459199 0.000172346834450960 0.000288021013855934 -0.000359485758125782
6400 10640 -4978 0.000458056029328251 0.000160206624388695 0.000288491362094879 -0.000317341972827911
6400 10840 -4978 0.000425029225743491 0.000148316189318895 0.000285081892490387 -0.000277985926687717
6400 11040 -4978 0.000392969419383780 0.000137188786596060 0.000278205538511276 -0.000241301141083240
6400 11240 -4978 0.000360699119961890 0.000125907697647810 0.000267755324184895 -0.000206520980417728
6400 11440 -4978 0.000331532247533590 0.000115550011187792 0.000255756594061852 -0.000176494732677937
6400 11640 -4978 0.000304974780437738 0.000106454377621412 0.000242977453052998 -0.000150634544134140
6400 11840 -4978 0.0002795824249 9.83034323304892e-05 0.000228667524039745 -0.000127208587050438
6400 12040 -4978 0.000255935940041341 9.1013569816947e-05 0.000213880408585072 -0.000107080170959234
6400 12240 -4978 0.000235077880820533 8.43169199079275e-05 0.000199817438989878 -9.06542486101389e-05
6400 12440 -4978 0.000216418920863202 7.83125585317612e-05 0.000186136740893126 -7.78293400555849e-05
6400 12640 -4978 0.000199108376818383 7.32610675245524e-05 0.000172922421842814 -6.61147499829531e-05
6400 12840 -4978 0.000184137012778236 6.90641047209501e-05 0.000160877886414528 -5.70604939609766e-05
6400 13040 -4978 0.000170580349492808 6.54446424096823e-05 0.0001495044544 -4.94958056434989e-05
6400 13240 -4978 0.000158246148256682 6.20041984319687e-05 0.000139011691868305 -4.32142040729523e-05
6400 13440 -4978 0.000147434154035113 5.93623439967632e-05 0.000129548337459564 -3.78175905197859e-05
6400 13640 -4978 0.000137424491271095 5.70984038040042e-05 0.000120386491477489 -3.34192752912641e-05
6400 13840 -4978 0.000129077001046551 5.53098243251443e-05 0.000112718154728413 -2.99264149107039e-05
6400 14040 -4978 0.000121090982964396 5.31151065677404e-05 0.000105378881961107 -2.72123251408339e-05
6400 14240 -4978 0.000114364740343469 5.17812250480056e-05 9.87593808621168e-05 -2.53977870978415e-05
6400 14440 -4978 0.000108154947615520 5.05748240724206e-05 9.27594320327043e-05 -2.31380127221346e-05
6400 14640 -4978 0.000102852134986942 4.98450469896197e-05 8.7358070358634e-05 -2.12223949916661e-05
6400 14840 -4978 9.79762639372859e-05 4.9143055588007e-05 8.24182635694742e-05 -1.93606077674776e-05
6600 14840 -4978 9.84418007682807e-05 4.85474871098995e-05 8.39550304561853e-05 -1.66048134807497e-05
6600 14640 -4978 0.000103013340136668 4.92943759933114e-05 8.86942688524723e-05 -1.76045762076974e-05
6600 14440 -4978 0.000108616800669830 4.99758170098066e-05 9.44518218487501e-05 -1.94250810444355e-05
6600 14240 -4978 0.000114990110948178 5.09829073697329e-05 0.000100825855225325 -2.131568932347e-05
6600 14040 -4978 0.0001217380202 5.22685278654099e-05 0.000107433476448059 -2.33708086274564e-05
6600 13840 -4978 0.000129600714553232 5.41002258956432e-05 0.000115112279981375 -2.54566146880388e-05
6600 13640 -4978 0.000138606241741081 5.64474906474352e-05 0.000123479408234358 -2.81316583454609e-05
6600 13440 -4978 0.000149044413251243 5.88403524756431e-05 0.000133094432234764 -3.17059753909707e-05
6600 13240 -4978 0.000160588442215010 6.14114956855774e-05 0.000143776165693998 -3.66348936408758e-05
6600 13040 -4978 0.000173388987163189 6.5074274495244e-05 0.000155104673624039 -4.21398160904646e-05
6600 12840 -4978 0.000187941007965304 6.9129065528512e-05 0.000167766625314951 -4.89627838730812e-05
6600 12640 -4978 0.000204393663899460 7.3820790424943e-05 0.000181722092986107 -5.75367339625955e-05
6600 12440 -4978 0.000223243924927590 7.90764746814966e-05 0.000196875845253468 -6.92357580065727e-05
6600 12240 -4978 0.000243766475053177 8.57094152420759e-05 0.000212886494874954 -8.23307228833437e-05
6600 12040 -4978 0.000267122722433441 9.33098717927933e-05 0.000229760318577290 -9.91062787175179e-05
6600 11840 -4978 0.000293804821358264 0.000102080325633287 0.0002480798825 -0.0001199354121
6600 11640 -4978 0.000322340580260721 0.000112036435037851 0.000265703394472599 -0.000144058991640806
6600 11440 -4978 0.0003529993161 0.000122861718118191 0.000282464405179024 -0.000172538223028183
6600 11240 -4978 0.000386794764450105 0.000134464848041534 0.000298247166037560 -0.000206268895417452
6600 11040 -4978 0.000423784666938697 0.000148073811650276 0.000312459709823132 -0.000244897472023964
6600 10840 -4978 0.000461825685838363 0.000161924723625183 0.000322976709842682 -0.0002878904947
6600 10640 -4978 0.000500698045833757 0.000176079934448004 0.000329347518026829 -0.000333404727339745
6600 10440 -4978 0.000540651490336423 0.000190603602319956 0.000331027365088463 -0.000382473913729191
6600 10240 -4978 0.000581023327116153 0.000205597522228956 0.000326852364838123 -0.000434419271230698
6600 10040 -4978 0.000621145615614806 0.000220225665748119 0.000316416485369205 -0.000487035049796104
6600 9840 -4978 0.0006587233281 0.000234705966770649 0.000299141170859337 -0.000537873196244240
6600 9640 -4978 0.000692492336771154 0.000246733054399490 0.000275855121970177 -0.000585160928368569
6600 9440 -4978 0.000722934165671390 0.000258598855018616 0.000245919339120388 -0.000628798478960991
6600 9240 -4978 0.000750168483539510 0.000269255440831184 0.000209117251813412 -0.0006680995748
6600 9040 -4978 0.000771642123776457 0.000277464467048645 0.000166835783332586 -0.000700497567057610
6600 8840 -4978 0.000786000114565063 0.000282834679543972 0.000122712124824524 -0.000723009307384491
6600 8640 -4978 0.000794457591595811 0.000286727254748345 7.5136561319232e-05 -0.000737155372023582
6600 8440 -4978 0.000797063372270217 0.000288015703022480 2.51038825698197e-05 -0.000742688569664955
6800 8440 -4978 0.000912121518551023 0.000334964594244957 2.8151723433286e-05 -0.000847884596824646
6800 8640 -4978 0.000910105204669215 0.0003343112632 8.48627532869578e-05 -0.000842194895029068
6800 8840 -4978 0.000901327372124975 0.000330081271231175 0.000140488770365715 -0.000826714375972748
6800 9040 -4978 0.000884485920112489 0.0003235911706 0.000193295074433088 -0.000800372559785843
6800 9240 -4978 0.0008594837338 0.000313185107469559 0.000242871710836887 -0.000762653728246689
6800 9440 -4978 0.000826769484140473 0.000300331106483936 0.000286632977128029 -0.0007149508624
6800 9640 -4978 0.000789173327171327 0.000285802478432655 0.000322774647057056 -0.000660971336960793
6800 9840 -4978 0.0007485756964 0.000270400721848011 0.0003495020231 -0.000604315300822258
6800 10040 -4978 0.000703202878347418 0.000253134588956833 0.000368967731177807 -0.000542338431596756
6800 10240 -4978 0.000655568316062069 0.000235485917270184 0.000380292353987694 -0.000479341078758240
6800 10440 -4978 0.000605826593333932 0.000216317498981953 0.000383059104979038 -0.000416544608592987
6800 10640 -4978 0.000557079256558741 0.000197781805276871 0.000378973805010319 -0.000357171149790287
6800 10840 -4978 0.000509940318369753 0.000180240225076675 0.000369328274250030 -0.000301951440572739
6800 11040 -4978 0.000465360641247695 0.000163157657295465 0.000354750945866108 -0.000253247252047062
6800 11240 -4978 0.000420898444545664 0.000146911143332720 0.000335493682563305 -0.000207404449194670
6800 11440 -4978 0.0003816635204 0.000132481802076101 0.000314900845170021 -0.0001695043089
6800 11640 -4978 0.000345900700799503 0.000119489041745663 0.000293772119820118 -0.000138352573275566
6800 11840 -4978 0.000313115483614536 0.000107909370437264 0.000271736765623093 -0.000112176667511463
6800 12040 -4978 0.000283281189689542 9.80486765503884e-05 0.000250011817812920 -9.02126033008099e-05
6800 12240 -4978 0.000256954087817021 8.93535071313381e-05 0.000229596227765083 -7.298579454422e-05
6800 12440 -4978 0.000233790639826509 8.17157886624337e-05 0.000210680684387684 -5.98729645311833e-05
6800 12640 -4978 0.000212677156 7.52499432563782e-05 0.000192756087779999 -4.89540385752916e-05
6800 12840 -4978 0.000194099851210918 6.94266752153635e-05 0.0001765384598 -4.09299470670521e-05
6800 13040 -4978 0.0001785403748 6.54652944803238e-05 0.000162515264123678 -3.42265578359366e-05
6800 13240 -4978 0.000164488554358376 6.14663356393576e-05 0.000149666801512241 -2.96348211243749e-05
6800 13440 -4978 0.000151954126290486 5.80281395465136e-05 0.000138022597461939 -2.59596002474427e-05
6800 13640 -4978 0.0001408353354 5.58097639083862e-05 0.000127317264944315 -2.23722701258957e-05
6800 13840 -4978 0.000131348160651504 5.35334564819932e-05 0.000118192997872829 -2.04513678811491e-05
6800 14040 -4978 0.000123041531994529 5.19338219240308e-05 0.000110010873436928 -1.84835307784379e-05
6800 14240 -4978 0.000115731544960954 5.00612341985106e-05 0.000102891659364104 -1.73484801314771e-05
6800 14440 -4978 0.000109085726765984 4.91656296774745e-05 9.59924671202898e-05 -1.60193320438266e-05
6800 14640 -4978 0.000103403653133804 4.79465339630842e-05 9.03878494501114e-05 -1.47112655621022e-05
6800 14840 -4978 9.81241364162227e-05 4.71791128367185e-05 8.48783791959286e-05 -1.40472456589341e-05
7000 14840 -4978 9.81727873233011e-05 4.6550929300487e-05 8.58713874220848e-05 -1.07200848348439e-05
7000 14640 -4978 0.000102701311742450 4.68115541785956e-05 9.06599554419517e-05 -1.16331357099116e-05
7000 14440 -4978 0.000108850573421379 4.80163742899895e-05 9.69499123990536e-05 -1.19052008246072e-05
7000 14240 -4978 0.000115701611210950 4.91189945712686e-05 0.000103956036373973 -1.29355985764414e-05
7000 14040 -4978 0.000123193625831678 5.06033506467939e-05 0.000111438331335783 -1.38043529130518e-05
7000 13840 -4978 0.000131488229535849 5.21699422374368e-05 0.0001196729044 -1.49326136559248e-05
7000 13640 -4978 0.000140915675231315 5.42219962626696e-05 0.000129006559550762 -1.65764867309481e-05
7000 13440 -4978 0.000152366328874721 5.71252317428589e-05 0.000140014126 -1.86514451038092e-05
7000 13240 -4978 0.000165805594255965 6.06274443566799e-05 0.000152855997979641 -2.121443118155e-05
7000 13040 -4978 0.0001805654315 6.47220784723759e-05 0.000166651588916779 -2.47359440326691e-05
7000 12840 -4978 0.000197493356729650 6.93437383174896e-05 0.000182543311059475 -3.00053860098124e-05
7000 12640 -4978 0.000217135389995654 7.52303233742714e-05 0.000200428660571575 -3.71026133000851e-05
7000 12440 -4978 0.000239666623983724 8.22380665689707e-05 0.000220252340674400 -4.65751382410526e-05
7000 12240 -4978 0.000265049157550894 9.0469069853425e-05 0.000242111416935921 -5.87113881036639e-05
7000 12040 -4978 0.0002944244539 0.000100345041930676 0.000266360533535480 -7.52907550036907e-05
7000 11840 -4978 0.000328314634621418 0.000112126523345709 0.000292812941491604 -9.69913524985314e-05
7000 11640 -4978 0.000365981530499149 0.000126312285125256 0.000320181818723679 -0.000124006151169539
7000 11440 -4978 0.000406845847863400 0.000141638758182526 0.000347431432843208 -0.000157395851850510
7000 11240 -4978 0.000452533131982175 0.000158770592272282 0.000374178935825825 -0.000198746255159378
7000 11040 -4978 0.000503805283214001 0.000178103054016829 0.000399557773470879 -0.000249996573686600
7000 10840 -4978 0.000557313260099493 0.000199265996128321 0.000420637711763382 -0.000306575146257877
7000 10640 -4978 0.000612771311020231 0.000220636627554894 0.000435646707773209 -0.000370162267386913
7000 10440 -4978 0.000671338814954366 0.0002433691557 0.000444077679872513 -0.000440763234376907
7000 10240 -4978 0.0007302511673 0.000266532517552376 0.000443980892777443 -0.000514828471541405
7000 10040 -4978 0.000788130513393502 0.000288717509925365 0.000434157373547554 -0.000591075488924980
7000 9840 -4978 0.000844564950388521 0.000311106095254421 0.000413960626363754 -0.000667428426027298
7000 9640 -4978 0.000894325864269924 0.000329931024968624 0.000383850033044815 -0.000737308227539063
7000 9440 -4978 0.000940907359377671 0.000348350020647049 0.000343263712346554 -0.0008036490252
7000 9240 -4978 0.000980665110572958 0.0003638046478 0.000292583019971848 -0.000862515792846679
7000 9040 -4978 0.00101284111128391 0.000376896770358086 0.000233386635243893 -0.0009106443839
7000 8840 -4978 0.00103352705512515 0.000385419333219528 0.000171296140789986 -0.000943634018659592
7000 8640 -4978 0.00104634295152669 0.000391626695513725 0.000103024745270610 -0.000964760597944260
7000 8440 -4978 0.00104966217332563 0.000393694433093071 3.15624754764139e-05 -0.000972604925155640
7200 8440 -4978 0.00121518099988927 0.000464928521513939 3.54507266879082e-05 -0.00112216290187836
7200 8640 -4978 0.00121287447307642 0.000463571289420128 0.0001171433039 -0.00111463173341751
7200 8840 -4978 0.0011994847116 0.000456971816778183 0.000197508362025023 -0.00109124171471596
7200 9040 -4978 0.00117540493888301 0.000447132113814354 0.000272531444787979 -0.00105240579009056
7200 9240 -4978 0.00113805490129800 0.000431653484582901 0.000342818344891071 -0.000995821571111679
7200 9440 -4978 0.0010896440863 0.000412261965036392 0.000404085628092289 -0.000924164007186890
7200 9640 -4978 0.00103306041569617 0.000389521175026894 0.000453507182240486 -0.000842364058017731
7200 9840 -4978 0.000972096748171061 0.000365359504520893 0.000488863561749458 -0.000756592328190804
7200 10040 -4978 0.000903743145990763 0.000338490222811699 0.0005121601479 -0.000663509316682815
7200 10240 -4978 0.000832666319158388 0.000310208386361599 0.000521688221573830 -0.000569909403324127
7200 10440 -4978 0.000759676108554932 0.000280688318431377 0.000519106878757477 -0.000478382593989372
7200 10640 -4978 0.000688080374288584 0.000252237489044666 0.000505739749312401 -0.000392540872156620
7200 10840 -4978 0.0006201197526 0.000224751262366772 0.000483726454734802 -0.000315946807742119
7200 11040 -4978 0.000556318640397285 0.000199279957324266 0.000455487637758255 -0.000249745261549950
7200 11240 -4978 0.000494334992831114 0.000174254818797112 0.000421357832193375 -0.000190833423078060
7200 11440 -4978 0.000440696827470681 0.000153638719946146 0.000386951182484627 -0.000144490898847580
7200 11640 -4978 0.000392461349247516 0.000134488068789244 0.000352398455321789 -0.000108600547939539
7200 11840 -4978 0.000349783101093033 0.000118839356184006 0.000319232659280300 -7.99414708912373e-05
7200 12040 -4978 0.000311219084486679 0.000105040029719472 0.000287114367127419 -5.82551673054695e-05
7200 12240 -4978 0.000278137710464010 9.32308580726385e-05 0.000258478975117207 -4.28633581772447e-05
7200 12440 -4978 0.000249546530269368 8.40284773558379e-05 0.000232839012563229 -3.16018985398114e-05
7200 12640 -4978 0.000224567150060721 7.59649905264378e-05 0.000210000892639160 -2.38262655809522e-05
7200 12840 -4978 0.000202851329240649 6.94529503434896e-05 0.000189622259080410 -1.82504608724266e-05
7200 13040 -4978 0.000184384159855511 6.41564421802759e-05 0.0001722360354 -1.47043340485543e-05
7200 13240 -4978 0.000168738428127411 6.01835231333971e-05 0.000157157237172127 -1.1981417348492e-05
7200 13440 -4978 0.000154802526831559 5.63927817121148e-05 0.000143722279280424 -1.05973174199462e-05
7200 13640 -4978 0.000142694018199798 5.37685880586505e-05 0.000131830856919289 -9.62344432156533e-06
7200 13840 -4978 0.000132268468549995 5.12125558629632e-05 0.000121607583940029 -9.24547545332462e-06
7200 14040 -4978 0.000123475726690297 4.9448264144361e-05 0.0001128030588 -8.75181006849744e-06
7200 14240 -4978 0.000115736698837761 4.76653826981783e-05 0.000105005815610290 -8.72210416104645e-06
7200 14440 -4978 0.000108954887555007 4.68918362483382e-05 9.78824388682842e-05 -8.33053750632098e-06
7200 14640 -4978 0.000103137942437502 4.58865048512816e-05 9.20041384249926e-05 -8.2743163391715e-06
7200 14840 -4978 9.76498283748938e-05 4.51217770203948e-05 8.62213143706322e-05 -8.03453548072139e-06
7400 14840 -4978 9.71446960645405e-05 4.38356202691793e-05 8.65531651079655e-05 -4.90713550674263e-06
7400 14640 -4978 0.000102124626954911 4.45782181024551e-05 9.18535698205233e-05 -4.86434034456033e-06
7400 14440 -4978 0.000107896856046576 4.53782230913639e-05 9.77547187060118e-05 -4.73539553000592e-06
7400 14240 -4978 0.000114969275581981 4.64029498249292e-05 0.000105103052422404 -4.2666918571922e-06
7400 14040 -4978 0.000122749025962564 4.8068160019815e-05 0.000112876524269581 -3.93493038343149e-06
7400 13840 -4978 0.000130887318530860 4.95804611593485e-05 0.000121083561420441 -3.3245578763308e-06
7400 13640 -4978 0.000141532953061540 5.17363079413772e-05 0.000131677768856287 -3.12620771889124e-06
7400 13440 -4978 0.000154115681927306 5.50197869762778e-05 0.0001438669674 -2.25741077799466e-06
7400 13240 -4978 0.000168057916747147 5.84839758276939e-05 0.000157643823236227 -2.46576697800629e-06
7400 13040 -4978 0.000184411719216076 6.26447905302048e-05 0.000173416825175285 -3.11054729269017e-06
7400 12840 -4978 0.000204013608751612 6.84715410321951e-05 0.000192134154528379 -4.17923327392782e-06
7400 12640 -4978 0.000227110193766238 7.52121784389019e-05 0.000214162847816944 -7.51285178540275e-06
7400 12440 -4978 0.000254382945374709 8.39001022279263e-05 0.000239624765753746 -1.2585318448022e-05
7400 12240 -4978 0.000285322778182050 9.41487366110087e-05 0.000268350477397442 -2.13261056169868e-05
7400 12040 -4978 0.000321499829658672 0.0001067152756 0.000301314028322697 -3.452881603688e-05
7400 11840 -4978 0.000365721874372439 0.000123369163751602 0.000340081497490406 -5.35551086291671e-05
7400 11640 -4978 0.000415006311329828 0.000142103226155043 0.000381384589314461 -8.12053883522749e-05
7400 11440 -4978 0.000469669381513092 0.000163672186821699 0.000423936245083809 -0.000118080472230911
7400 11240 -4978 0.000532393495654429 0.000189059375792742 0.0004685573064 -0.000167474688291550
7400 11040 -4978 0.000603339214868299 0.000218724259376526 0.0005129568572 -0.000230321012198925
7400 10840 -4978 0.000679958743828460 0.0002503524152 0.000552221559643745 -0.000307487231492996
7400 10640 -4978 0.000761796694183967 0.000284462406218052 0.000584475996017456 -0.000397512647628784
7400 10440 -4978 0.000848715949068706 0.0003204489727 0.000606626327276230 -0.000499635584354401
7400 10240 -4978 0.000936917784337673 0.000356876912057400 0.000615204743385315 -0.000609899112939835
7400 10040 -4978 0.00102440020288669 0.0003927678197 0.000608529871582985 -0.000724408285856247
7400 9840 -4978 0.00110899252638456 0.000426534859538078 0.000584792160868645 -0.000840419955968857
7400 9640 -4978 0.00118421460522574 0.000456456053256988 0.000545261638522148 -0.000946642812490463
7400 9440 -4978 0.0012538601733 0.000485119928240776 0.000489217696547508 -0.00104756399345398
7400 9240 -4978 0.00131398861728169 0.000509407261610031 0.000417674350619316 -0.00113693379974365
7400 9040 -4978 0.00135942976025201 0.000527903100848198 0.000335192873656750 -0.001207192909
7400 8840 -4978 0.00139102677952120 0.000540682741880417 0.000245342605769634 -0.00125786781716347
7400 8640 -4978 0.00140992730009757 0.000550183968067169 0.000146346055477858 -0.00128975616359711
7400 8440 -4978 0.00141561950169082 0.000553593270778656 4.15269613713026e-05 -0.00130244657444954
7600 8440 -4978 0.0016597029785 0.000662900850176811 4.6468092367053e-05 -0.00152076156449318
7600 8640 -4978 0.00165648874001274 0.000660484176278114 0.000165685192078352 -0.00151019323277473
7600 8840 -4978 0.00163476197451161 0.000649826545715332 0.000286345877110958 -0.00147247350144386
7600 9040 -4978 0.001598198893 0.000634498866558075 0.000395545927286148 -0.00141260119366646
7600 9240 -4978 0.00154413200653333 0.000612060307264328 0.000495819629311562 -0.00132806831073761
7600 9440 -4978 0.00147197816672816 0.000582772644162178 0.000583214900493622 -0.00121983326315880
7600 9640 -4978 0.00138734408639791 0.000548197685599327 0.0006520869317 -0.00109518759608269
7600 9840 -4978 0.00129582814162568 0.000510856867194176 0.000699535812139511 -0.0009637663002
7600 10040 -4978 0.00119066694207094 0.000467989678144455 0.000726905623316765 -0.000818843826532364
7600 10240 -4978 0.00108341621781725 0.0004231331073 0.000732565338611603 -0.000676434891581535
7600 10440 -4978 0.000972881887185541 0.000377264762699604 0.000717794061660767 -0.000537819765567780
7600 10640 -4978 0.000865924168320879 0.000331173581540585 0.000685842410564423 -0.000412109851479530
7600 10840 -4978 0.000764659535062628 0.0002874856708 0.000640707510590553 -0.0003025724368
7600 11040 -4978 0.000671638965010351 0.000247219401061535 0.000587198762774467 -0.000212125848531723
7600 11240 -4978 0.000584023094535248 0.000209645360529423 0.0005272744106 -0.000138655613511801
7600 11440 -4978 0.000509269224865263 0.000177827538281679 0.000469450300335884 -8.58960994780064e-05
7600 11640 -4978 0.000444575528954196 0.000151212603062391 0.000415246521234512 -4.85570590049028e-05
7600 11840 -4978 0.000388069258744226 0.0001291946243 0.000365232978940010 -2.26134855262935e-05
7600 12040 -4978 0.000338660119313052 0.000110732374340296 0.000319794895231724 -6.02187828958267e-06
7600 12240 -4978 0.000297287610286725 9.59448053538799e-05 0.000281319014668465 3.42611467614188e-06
7600 12440 -4978 0.000262359857787821 8.41602918803692e-05 0.0002483521862 8.46210364911349e-06
7600 12640 -4978 0.000232742900038747 7.49987947493792e-05 0.000220078772366047 1.03604671211797e-05
7600 12840 -4978 0.000207753821741843 6.77854811698198e-05 0.000196080263167620 1.09228836409748e-05
7600 13040 -4978 0.000186560853294086 6.16063605248928e-05 0.000175885772168636 9.63203764241189e-06
7600 13240 -4978 0.000169390111590947 5.71902422979474e-05 0.0001592043575 8.208042077953e-06
7600 13440 -4978 0.000154215242252787 5.30886649861932e-05 0.000144631426095963 6.31519629506329e-06
7600 13640 -4978 0.000141079111123568 5.02932226732373e-05 0.000131920082658529 4.24053212729632e-06
7600 13840 -4978 0.0001305992521 4.79182161018253e-05 0.000121460745424032 2.77917895744031e-06
7600 14040 -4978 0.000121913018052109 4.64141823872924e-05 0.000112726662814617 1.09324128805451e-06
7600 14240 -4978 0.000114598737891039 4.53698387369514e-05 0.000105234319299459 4.31857362362052e-07
7600 14440 -4978 0.000107427311547176 4.36253798604012e-05 9.80708874762058e-05 -1.1516543536236e-06
7600 14640 -4978 0.000102121742497788 4.36048649325967e-05 9.25103368759155e-05 -1.26923401209888e-06
7600 14840 -4978 9.65258957063798e-05 4.2573034979403e-05 8.66055321842432e-05 -2.17143787560781e-06
7800 14840 -4978 9.57070055676486e-05 4.13827636241913e-05 8.62964656502008e-05 5.02992026112224e-07
7800 14640 -4978 9.99363300844416e-05 4.13015153259039e-05 9.09999545216561e-05 6.80572984423634e-07
7800 14440 -4978 0.000106181370031897 4.26381602808833e-05 9.72186933755875e-05 2.41539850323625e-06
7800 14240 -4978 0.000112717548163669 4.34181761071086e-05 0.000104031395 4.08011931119836e-06
7800 14040 -4978 0.000119937958714320 4.45832432955503e-05 0.000111082070797682 5.79785707336851e-06
7800 13840 -4978 0.0001282022862 4.58199008405209e-05 0.000119455677449703 8.23096029664157e-06
7800 13640 -4978 0.000138900938628376 4.83168289884925e-05 0.000129728137969971 1.13781537488103e-05
7800 13440 -4978 0.000151224535023010 5.08893675655127e-05 0.000141658603370190 1.45592703428119e-05
7800 13240 -4978 0.000166256534440985 5.41231998354197e-05 0.000156085943788290 1.81944884192198e-05
7800 13040 -4978 0.000184072687123436 5.92066833674908e-05 0.000172940090030432 2.23630400002003e-05
7800 12840 -4978 0.000205545047590722 6.5168122574687e-05 0.000193114151149988 2.66262461878359e-05
7800 12640 -4978 0.000232448421187783 7.27470510751009e-05 0.000218687683224678 3.02313348352909e-05
7800 12440 -4978 0.000264203324934998 8.25937285870314e-05 0.000248763270676136 3.31638223193586e-05
7800 12240 -4978 0.000301263695513358 9.46687090545893e-05 0.000284088975012302 3.30318639613688e-05
7800 12040 -4978 0.000346494128155864 0.000110393909871578 0.000327160359740257 2.97374189011753e-05
7800 11840 -4978 0.000403146835815973 0.000131818770974875 0.000380465290844440 1.98018814977258e-05
7800 11640 -4978 0.000468072788813457 0.000157338107913733 0.000440836518049240 -1.63416608480475e-07
7800 11440 -4978 0.000542401963774793 0.000188591543972492 0.000507445888161659 -3.36804901659489e-05
7800 11240 -4978 0.000630302359035466 0.000226887580394745 0.000581661037564278 -8.62799760848284e-05
7800 11040 -4978 0.000730635081455596 0.000271721536159515 0.000658584122180939 -0.00016302594
7800 10840 -4978 0.000843679799317769 0.000322700635492802 0.000732927752614021 -0.0002651861822
7800 10640 -4978 0.000967440038194614 0.000378357123374939 0.000798027759194374 -0.000395510308563709
7800 10440 -4978 0.00109914013205941 0.000436610790729523 0.000846727968454361 -0.000548488746166229
7800 10240 -4978 0.00123403244046005 0.000494822198510170 0.000873498425245285 -0.000717656912326813
7800 10040 -4978 0.00136824978587511 0.000551500498414040 0.000874372664690018 -0.000896340961933136
7800 9840 -4978 0.0014990861702 0.000605631365060806 0.000846748590946198 -0.00107904385757446
7800 9640 -4978 0.00161326741847166 0.000652984050750732 0.000793211757183075 -0.00124382445621491
7800 9440 -4978 0.00171761834527013 0.000696035793781281 0.000712994380950928 -0.00139910967183113
7800 9240 -4978 0.0018075891891 0.000731637383460999 0.000608726266980171 -0.00153698716735840
7800 9040 -4978 0.00187861484984801 0.000761354349493980 0.000483833545088768 -0.00164757924556732
7800 8840 -4978 0.00192416978319012 0.000780885285615921 0.000351143601417542 -0.00172317895078659
7800 8640 -4978 0.0019517619497 0.000793985524177551 0.000204642937421799 -0.00177122535181046
7800 8440 -4978 0.00195845600279314 0.000798028970241547 5.24590734019875e-05 -0.00178769504499435
8000 8440 -4978 0.0023229452901 0.000965115618228912 6.04468455165625e-05 -0.00211199365806580
8000 8640 -4978 0.00231806047842072 0.000961351322174072 0.000238192193090916 -0.00209575283908844
8000 8840 -4978 0.00229065010922218 0.000947806428432464 0.000410077080130577 -0.00204467436981201
8000 9040 -4978 0.00223826039817476 0.000925601367712021 0.000573245326161385 -0.00195562703084946
8000 9240 -4978 0.00215728950098905 0.000892262139797211 0.000726055286288261 -0.00182498803424835
8000 9440 -4978 0.00204898604281384 0.0008487442913 0.000857598338365555 -0.00165569849109650
8000 9640 -4978 0.00192337928873447 0.000797530343055725 0.000958873384237289 -0.00146435233283043
8000 9840 -4978 0.00178352960081521 0.000739582811594010 0.00102696417856216 -0.00125671781945229
8000 10040 -4978 0.00162140610277560 0.000671793401 0.00106057578492165 -0.00102653078508377
8000 10240 -4978 0.00145528829725275 0.000600623206615448 0.00105726738381386 -0.0007996303308
8000 10440 -4978 0.00128426938652596 0.000524863159775734 0.00101801631736755 -0.000580364644765854
8000 10640 -4978 0.00111762298809109 0.000448832899332047 0.0009482248454 -0.000385356736719608
8000 10840 -4978 0.000962758250144744 0.000376389853775501 0.000857178432226181 -0.000224122539162636
8000 11040 -4978 0.000823268850432735 0.000310465282499790 0.000755686352491379 -0.000103474514722824
8000 11240 -4978 0.000696866592047340 0.000251545428276062 0.000649623687744141 -1.81639741491526e-05
8000 11440 -4978 0.000590698195923766 0.000203508824855089 0.000553585395216942 3.24749016836286e-05
8000 11640 -4978 0.000501707799853519 0.0001657569054 0.000469759349822998 5.967845505476e-05
8000 11840 -4978 0.000426245440539556 0.000135805456072092 0.000397753808557987 7.08205744028091e-05
8000 12040 -4978 0.0003622290562 0.000112087577164173 0.000336906294643879 7.18019022941589e-05
8000 12240 -4978 0.0003110814932 9.44586389660835e-05 0.000288733367383480 6.76665262430906e-05
8000 12440 -4978 0.000268740816533844 8.08231459707022e-05 0.000249154301881790 6.01330331116915e-05
8000 12640 -4978 0.000234624401839403 7.0972313657403e-05 0.000217402984857559 5.25243817716837e-05
8000 12840 -4978 0.000205551868257204 6.24302145391703e-05 0.000190980421453714 4.33649337366223e-05
8000 13040 -4978 0.000183290501829694 5.66039653494954e-05 0.000170513970851898 3.60290196835995e-05
8000 13240 -4978 0.000165134138146171 5.26509420797229e-05 0.000153635741651058 2.98491185009479e-05
8000 13440 -4978 0.000149800269115556 4.89827459454536e-05 0.000139616454660892 2.35706001408398e-05
8000 13640 -4978 0.000136098155065064 4.57866114974022e-05 0.000126914961397648 1.78573960345238e-05
8000 13840 -4978 0.000126376414246371 4.40089659020305e-05 0.000117560236752033 1.39666890399531e-05
8000 14040 -4978 0.000117550128935286 4.22177628725767e-05 0.000109235398441553 1.01068627235945e-05
8000 14240 -4978 0.000110781045976502 4.13383622318506e-05 0.000102512914240360 7.35368135254248e-06
8000 14440 -4978 0.0001045844272 4.07774789109826e-05 9.61681225150823e-05 5.15728159912396e-06
8000 14640 -4978 9.94806398998442e-05 4.00317630693316e-05 9.09898424893618e-05 3.83460874203593e-06
8000 14840 -4978 9.46546590039871e-05 3.98355270773172e-05 8.58974597901106e-05 2.63614207006322e-06
