# amount of points in x direction: 66 (distance of 200 steps)
# amount of points in y direction: 13 (distance of 200 steps)
# abs. coordinates of point 1: P1 (, , ) (offsets not corrected)
# Offsets of the hall probe have already been corrected for all following coordinates.
#
# X (absolute in steps=10um) Y (absolute in steps=10um) Z (absolute in steps=10um) Babs(in T) Bx By Bz
6000 7240 -3978 3.77893804739887e-05 3.77100685536861e-05 2.78301020764047e-07 -2.43546702883395e-06
6000 7440 -3978 3.73712486647262e-05 3.73052146583795e-05 5.58420421418305e-07 -2.16347359647625e-06
6000 7640 -3978 3.75867291635081e-05 3.7530175074935e-05 3.94583665982282e-07 -2.02298585911558e-06
6000 7840 -3978 3.74625079755397e-05 3.74259260520339e-05 1.99163693624541e-07 -1.64312788155826e-06
6000 8040 -3978 3.7615618217132e-05 3.75778469666839e-05 4.29475197124702e-08 -1.56013992628505e-06
6000 8240 -3978 3.76508974815021e-05 3.763211081177e-05 -2.8117325025346e-07 -1.26751980333938e-06
6000 8440 -3978 3.80493799380437e-05 3.80320836007595e-05 -3.5718075191653e-07 -1.04854241661087e-06
6000 8640 -3978 3.79278456452956e-05 3.79030236154795e-05 -8.89925529736502e-07 -1.04417845663193e-06
6000 8840 -3978 3.81378375679994e-05 3.81003894433379e-05 -1.28448446949278e-06 -8.74426757720357e-07
6000 9040 -3978 3.81801369959415e-05 3.81316434666514e-05 -1.66923283046799e-06 -9.56890401334022e-07
6000 9240 -3978 3.82023469489052e-05 3.81212205067277e-05 -2.24852592995012e-06 -1.03704282233866e-06
6000 9440 -3978 3.78173455341502e-05 3.77139784097671e-05 -2.6123446925485e-06 -1.00677582137791e-06
6000 9640 -3978 3.76389507162124e-05 3.74983496591449e-05 -3.02023815749999e-06 -1.20106008590483e-06
6200 9640 -3978 3.59499387562635e-05 3.58024176582694e-05 -3.26293379892013e-06 5.82559326604951e-07
6200 9440 -3978 3.61101675413876e-05 3.60011197403073e-05 -2.65468395101925e-06 4.81442791883637e-07
6200 9240 -3978 3.62978604782397e-05 3.62149703130126e-05 -2.29815039487585e-06 7.24327158965025e-07
6200 9040 -3978 3.63871959575282e-05 3.6330132342875e-05 -1.92770850855231e-06 7.00199704557235e-07
6200 8840 -3978 3.62918029445226e-05 3.62618195936084e-05 -1.31908384204144e-06 6.59862517743022e-07
6200 8640 -3978 3.61895044187406e-05 3.61709204912186e-05 -8.92346749374155e-07 7.79501015926144e-07
6200 8440 -3978 3.5865695640297e-05 3.58585152253509e-05 -3.19795698949747e-07 5.93007682036841e-07
6200 8240 -3978 3.5937008005843e-05 3.59332484453917e-05 -1.13843425988307e-08 5.40114997406818e-07
6200 8040 -3978 3.54746851982018e-05 3.54714601486921e-05 3.64604307354966e-07 4.53774195404549e-07
6200 7840 -3978 3.5193972500582e-05 3.51859591901302e-05 6.78318045954256e-07 2.34870652030622e-07
6200 7640 -3978 3.49516708860356e-05 3.49407062381506e-05 8.69479862183653e-07 1.01735314767211e-07
6200 7440 -3978 3.49391905965758e-05 3.49333170205355e-05 5.46035704715905e-07 -1.21137584587814e-07
6200 7240 -3978 3.51155671521426e-05 3.51109739765525e-05 4.3440656965322e-07 -3.53417979874393e-07
6400 7240 -3978 3.29029995156825e-05 3.28306571096182e-05 7.51346519030449e-07 1.95239174032031e-06
6400 7440 -3978 3.23761492369437e-05 3.23034580349922e-05 7.33995685454829e-07 2.04440615224735e-06
6400 7640 -3978 3.25568027300432e-05 3.24709798842669e-05 7.82590756821264e-07 2.22899552844319e-06
6400 7840 -3978 3.28171982385827e-05 3.27155581116676e-05 8.65891994002595e-07 2.2290437886877e-06
6400 8040 -3978 3.34096515874173e-05 3.33119837641716e-05 6.96092727457653e-07 2.47479589409704e-06
6400 8240 -3978 3.36956362743769e-05 3.36089569702744e-05 2.0877900344567e-07 2.40056133543112e-06
6400 8440 -3978 3.40913259464734e-05 3.39911016002297e-05 -4.04727025228112e-07 2.5533077658838e-06
6400 8640 -3978 3.42688977926811e-05 3.4178955309093e-05 -5.50124224570027e-07 2.41944895416054e-06
6400 8840 -3978 3.43328477398383e-05 3.42147300392389e-05 -1.20009637610042e-06 2.48698933603737e-06
6400 9040 -3978 3.44342467061463e-05 3.42913586497307e-05 -1.78700528298214e-06 2.3842179097901e-06
6400 9240 -3978 3.4590050319746e-05 3.44357738941908e-05 -2.14163413201913e-06 2.40363681939743e-06
6400 9440 -3978 3.43836200217515e-05 3.41731340289116e-05 -2.86276882911898e-06 2.2792766597704e-06
6400 9640 -3978 3.41910338365968e-05 3.39466222077608e-05 -3.46702156924221e-06 2.13837295860867e-06
6600 9640 -3978 3.25370051671702e-05 3.21262361258268e-05 -3.3934935342113e-06 3.87889923423427e-06
6600 9440 -3978 3.26354109985826e-05 3.22677735313773e-05 -2.92487808514648e-06 4.05656687926967e-06
6600 9240 -3978 3.29045589068772e-05 3.25696805641055e-05 -2.53423508152287e-06 4.10130261699669e-06
6600 9040 -3978 3.27478881524577e-05 3.24231513366103e-05 -1.77035354531108e-06 4.10868432046845e-06
6600 8840 -3978 3.27790788422424e-05 3.24971652328968e-05 -1.43387319008252e-06 4.13176532927901e-06
6600 8640 -3978 3.25833526462459e-05 3.23041258081794e-05 -7.96852610241331e-07 4.17008151079062e-06
6600 8440 -3978 3.22492729580196e-05 3.19506752416491e-05 -4.34150406972549e-07 4.35677304293495e-06
6600 8240 -3978 3.17024115420306e-05 3.13980695903301e-05 6.91688324513962e-08 4.32798780046869e-06
6600 8040 -3978 3.1437705349074e-05 3.1118679434061e-05 5.91745915103729e-07 4.30832183442544e-06
6600 7840 -3978 3.09840713076244e-05 3.06400180533528e-05 6.26689733288003e-07 4.52651147660799e-06
6600 7640 -3978 3.04185312995921e-05 3.00739340111613e-05 8.64726709038223e-07 4.49649716546992e-06
6600 7440 -3978 3.04647560987474e-05 3.00797372683883e-05 8.36699160614444e-07 4.7103746169887e-06
6600 7240 -3978 3.0724110256196e-05 3.03746255598962e-05 6.89549186818113e-07 4.56920070142951e-06
6800 7240 -3978 2.91436284420827e-05 2.81197832226753e-05 4.3361259989365e-07 7.49877300532535e-06
6800 7440 -3978 2.88207322326162e-05 2.79052123725414e-05 5.86372858990671e-07 7.33331207185983e-06
6800 7640 -3978 2.88148112427848e-05 2.79245017357171e-05 7.51041736360776e-07 7.09664970450103e-06
6800 7840 -3978 2.91575926087593e-05 2.83626379668713e-05 7.52952595692477e-07 6.72784420568496e-06
6800 8040 -3978 2.94252569518316e-05 2.86899360641837e-05 3.77643330181854e-07 6.52615513373166e-06
6800 8240 -3978 3.01899927311455e-05 2.95164892412722e-05 6.50358876901009e-08 6.31101714912802e-06
6800 8440 -3978 3.04705314866015e-05 2.98539096601307e-05 -5.96505252357929e-07 6.11486322525889e-06
6800 8640 -3978 3.07518274356622e-05 3.0109521124512e-05 -9.87423204462175e-07 5.99993289238773e-06
6800 8840 -3978 3.07895807438673e-05 3.01838533729315e-05 -1.41473355287599e-06 5.93944330047816e-06
6800 9040 -3978 3.10206970831404e-05 3.04065288081765e-05 -1.91483985500236e-06 5.83609815640375e-06
6800 9240 -3978 3.11224437971145e-05 3.05102981179953e-05 -2.30010773574031e-06 5.72076205615304e-06
6800 9440 -3978 3.11804920542911e-05 3.0493831820786e-05 -3.17966391237132e-06 5.6793918707408e-06
6800 9640 -3978 3.0906640275241e-05 3.02106725424528e-05 -3.33017217053566e-06 5.38803453696892e-06
7000 9640 -3978 2.90868511667696e-05 2.79815284498036e-05 -3.57115269986389e-06 7.09988826606423e-06
7000 9440 -3978 2.94067721332336e-05 2.83342976532876e-05 -2.93931647214322e-06 7.29974263021723e-06
7000 9240 -3978 2.94168209683231e-05 2.83812113441527e-05 -2.46566252108823e-06 7.20240933354944e-06
7000 9040 -3978 2.96733710603427e-05 2.86668747104704e-05 -2.06804440666383e-06 7.40654838457704e-06
7000 8840 -3978 2.948535102217e-05 2.84281782135367e-05 -1.69945036333866e-06 7.72129434626549e-06
7000 8640 -3978 2.92713642015697e-05 2.82314021736384e-05 -1.14978402492761e-06 7.5917958272621e-06
7000 8440 -3978 2.90064134209905e-05 2.78949768878519e-05 -6.31511524347843e-07 7.85139628686011e-06
7000 8240 -3978 2.871568928425e-05 2.75574544295669e-05 -2.62827504338929e-07 8.06897999346256e-06
7000 8040 -3978 2.81752814023888e-05 2.69140098318458e-05 9.02903389232961e-08 8.33513074461371e-06
7000 7840 -3978 2.80696762600427e-05 2.66166646555066e-05 3.50866750623027e-07 8.84991071559489e-06
7000 7640 -3978 2.77158998043484e-05 2.61240360960364e-05 5.95462558370627e-07 9.2572437543422e-06
7000 7440 -3978 2.76958848848198e-05 2.59946829155087e-05 5.0755653212309e-07 9.74614514317364e-06
7000 7240 -3978 2.77756256828473e-05 2.59414600431919e-05 1.30106517282002e-07 1.00008929520845e-05
7200 7240 -3978 2.70435311843354e-05 2.41927456185222e-05 -1.55127207301121e-07 1.20846834424883e-05
7200 7440 -3978 2.68681323857314e-05 2.41439316049218e-05 1.08155180394533e-07 1.17625187132508e-05
7200 7640 -3978 2.67009131002907e-05 2.42426182366908e-05 3.39172183696064e-07 1.13743841741234e-05
7200 7840 -3978 2.67989482816119e-05 2.44950146898627e-05 -2.50697942174156e-08 1.08737549856305e-05
7200 8040 -3978 2.7177449620545e-05 2.50993388183415e-05 -7.3223027050517e-08 1.05802907329053e-05
7200 8240 -3978 2.73425849879578e-05 2.55175490416586e-05 -5.69184383316724e-07 9.80549202580005e-06
7200 8440 -3978 2.74937656193844e-05 2.58017543144524e-05 -8.49603140813997e-07 9.45572827383876e-06
7200 8640 -3978 2.79346522601334e-05 2.62966335602105e-05 -1.1308463155392e-06 9.27660541422665e-06
7200 8840 -3978 2.79305907309485e-05 2.63688664622605e-05 -1.63390296087164e-06 9.06519911438227e-06
7200 9040 -3978 2.81503101969988e-05 2.66300877630711e-05 -2.01893717882922e-06 8.78166148625314e-06
7200 9240 -3978 2.79225065105999e-05 2.63027638085186e-05 -2.50022116819673e-06 9.03215810190886e-06
7200 9440 -3978 2.78751708555511e-05 2.62523087114096e-05 -2.99795937152521e-06 8.84922205004841e-06
7200 9640 -3978 2.76315858574185e-05 2.59341497868299e-05 -3.70927854291222e-06 8.76720613613725e-06
7400 9640 -3978 2.66145284892354e-05 2.41880929581821e-05 -4.00224848766811e-06 1.03045430127531e-05
7400 9440 -3978 2.65866620414184e-05 2.43014788068831e-05 -3.2014149646966e-06 1.02688397122547e-05
7400 9240 -3978 2.65212891083008e-05 2.42766927331686e-05 -2.68225491523117e-06 1.03356893565506e-05
7400 9040 -3978 2.67395581076531e-05 2.45257743783295e-05 -2.23137505749946e-06 1.02635531965643e-05
7400 8840 -3978 2.65690949598252e-05 2.43960068039596e-05 -1.89621358598743e-06 1.05316875921562e-05
7400 8640 -3978 2.64595142746968e-05 2.41533633209765e-05 -1.49465489054182e-06 1.07202831543982e-05
7400 8440 -3978 2.63800477415034e-05 2.38427373543382e-05 -1.23527447194283e-06 1.12634374964982e-05
7400 8240 -3978 2.63542531380752e-05 2.37251606620848e-05 -9.00937290713955e-07 1.12971912361681e-05
7400 8040 -3978 2.63058765497157e-05 2.34534176066518e-05 -6.82337915737662e-07 1.18941480815411e-05
7400 7840 -3978 2.61251698291907e-05 2.29578359015286e-05 -4.64963564547816e-07 1.23723230455071e-05
7400 7640 -3978 2.62301094489595e-05 2.27048846669495e-05 -3.01819510015776e-07 1.29816508684307e-05
7400 7440 -3978 2.65073024911698e-05 2.26268448866904e-05 -5.67447558569256e-07 1.37780070994049e-05
7400 7240 -3978 2.67560681285595e-05 2.27548755966127e-05 -5.7988704682748e-07 1.41959245055914e-05
7600 7240 -3978 2.65622633113042e-05 2.13441511951387e-05 -1.16869485570078e-06 1.57675360888243e-05
7600 7440 -3978 2.61497507957454e-05 2.1230048712343e-05 -1.10933210934309e-06 1.53394315540791e-05
7600 7640 -3978 2.57867767854409e-05 2.10633540078998e-05 -1.02663464369107e-06 1.46091608703136e-05
7600 7840 -3978 2.56096303736119e-05 2.14641622677445e-05 -1.03008133418371e-06 1.39139694962651e-05
7600 8040 -3978 2.51400334235349e-05 2.14557104595006e-05 -1.26755366574389e-06 1.31352083813399e-05
7600 8240 -3978 2.53425731464405e-05 2.20130688510835e-05 -1.32941062758619e-06 1.24861315395683e-05
7600 8440 -3978 2.52816375409639e-05 2.2184085957706e-05 -1.56159518356253e-06 1.20863462276757e-05
7600 8640 -3978 2.52260481707761e-05 2.22136828824878e-05 -1.79048190610411e-06 1.19293860662729e-05
7600 8840 -3978 2.52170467648577e-05 2.23135587833822e-05 -1.94793816919264e-06 1.1623554982245e-05
7600 9040 -3978 2.52377540675486e-05 2.239903941378e-05 -2.36064451470156e-06 1.15859344657511e-05
7600 9240 -3978 2.525027876397e-05 2.2360037393868e-05 -2.69902887568787e-06 1.14158025793731e-05
7600 9440 -3978 2.52236155680036e-05 2.22112306915224e-05 -3.25437439628149e-06 1.13078237697482e-05
7600 9640 -3978 2.52194257720373e-05 2.20527000725269e-05 -3.91678016801598e-06 1.15527166221291e-05
7800 9640 -3978 2.39986390802239e-05 1.99136131964624e-05 -3.90344941272633e-06 1.27878511920571e-05
7800 9440 -3978 2.39970894874136e-05 2.01627274788916e-05 -3.02335704811048e-06 1.26943416818976e-05
7800 9240 -3978 2.400169712334e-05 2.03800980933011e-05 -2.62546166628726e-06 1.24032260943204e-05
7800 9040 -3978 2.40798033628478e-05 2.05974144525826e-05 -2.30796233552974e-06 1.21974031385034e-05
7800 8840 -3978 2.38310084781229e-05 2.0349206674844e-05 -1.99449347043446e-06 1.22038626987487e-05
7800 8640 -3978 2.39777331887958e-05 2.04840960241854e-05 -1.84220790351537e-06 1.22849096916616e-05
7800 8440 -3978 2.39118259490789e-05 2.02120663933456e-05 -1.97594824741827e-06 1.26227771025151e-05
7800 8240 -3978 2.41876433912852e-05 2.01306108646095e-05 -1.83948984317249e-06 1.32059995122254e-05
7800 8040 -3978 2.43986563298616e-05 1.99848470129073e-05 -1.8381938891207e-06 1.38752068020403e-05
7800 7840 -3978 2.47869208087853e-05 1.98633082360029e-05 -1.75876005801183e-06 1.47709531039e-05
7800 7640 -3978 2.51269505761693e-05 1.98240215964615e-05 -1.83813546783449e-06 1.53431093022227e-05
7800 7440 -3978 2.57972513921758e-05 1.9728659465909e-05 -1.7499047117617e-06 1.65415692143142e-05
7800 7240 -3978 2.6331604253347e-05 1.9906218111515e-05 -1.69111049952699e-06 1.72849127240479e-05
8000 7240 -3978 2.63727228641022e-05 1.86235018409789e-05 -2.40343780355579e-06 1.85178070291877e-05
8000 7440 -3978 2.54894312281324e-05 1.83768484219909e-05 -2.83952623352525e-06 1.74488269202411e-05
8000 7640 -3978 2.44292820854802e-05 1.81687499582767e-05 -2.74040948548645e-06 1.60946326926351e-05
8000 7840 -3978 2.39940769857901e-05 1.83430091515183e-05 -2.54100990707229e-06 1.50627075862139e-05
8000 8040 -3978 2.350767040196e-05 1.83855365850031e-05 -2.54027960659369e-06 1.44641868248582e-05
8000 8240 -3978 2.28298397812739e-05 1.82740785628557e-05 -2.38687649473832e-06 1.34745114091784e-05
8000 8440 -3978 2.26886066286408e-05 1.85592306554317e-05 -2.45410329094011e-06 1.29790942166001e-05
8000 8640 -3978 2.25746574334868e-05 1.8455200843513e-05 -2.11016336049306e-06 1.28522879853845e-05
8000 8840 -3978 2.25474537874053e-05 1.8453435447067e-05 -2.18529440018756e-06 1.27035349067301e-05
8000 9040 -3978 2.24061175041225e-05 1.82382796034217e-05 -2.05826972352952e-06 1.28574066124856e-05
8000 9240 -3978 2.27713354897883e-05 1.84514832310379e-05 -2.40376002351331e-06 1.30995634887367e-05
8000 9440 -3978 2.29954118602915e-05 1.83778102397919e-05 -2.73064147194418e-06 1.34770497921854e-05
8000 9640 -3978 2.31496129800843e-05 1.80455635935068e-05 -3.49685372959357e-06 1.40998999979347e-05
8200 9640 -3978 2.22581035360641e-05 1.60611228700727e-05 -2.96753216221623e-06 1.50738093741238e-05
8200 9440 -3978 2.15167854740692e-05 1.60306937471032e-05 -2.45617072388268e-06 1.42374758068472e-05
8200 9240 -3978 2.11963575914708e-05 1.63525494690984e-05 -1.89342955910524e-06 1.34194473270327e-05
8200 9040 -3978 2.09664023541145e-05 1.64494909010828e-05 -1.7921382047025e-06 1.29596910942346e-05
8200 8840 -3978 2.09539102766891e-05 1.65535756386817e-05 -1.95319358443521e-06 1.2697658220306e-05
8200 8640 -3978 2.10186401576832e-05 1.67818115763366e-05 -2.18687163044524e-06 1.26167472954839e-05
8200 8440 -3978 2.12507868914373e-05 1.66582517940551e-05 -2.53550773449751e-06 1.27493508923799e-05
8200 8240 -3978 2.1462529041695e-05 1.65775981880724e-05 -2.83452345599653e-06 1.33851905744523e-05
8200 8040 -3978 2.21379361128665e-05 1.67637332603335e-05 -3.27385343633432e-06 1.41211437229067e-05
8200 7840 -3978 2.25238577559547e-05 1.64848788771778e-05 -3.64549701873329e-06 1.49091679211706e-05
8200 7640 -3978 2.36899642287193e-05 1.67257188819349e-05 -3.86592314369773e-06 1.63671356663108e-05
8200 7440 -3978 2.47395001434875e-05 1.69436400104314e-05 -3.92558794640354e-06 1.76075811646879e-05
8200 7240 -3978 2.59113334484962e-05 1.67614035028964e-05 -3.72176768408099e-06 1.9375310856849e-05
8400 7240 -3978 2.50873724813584e-05 1.51372701264918e-05 -5.67173157911748e-06 1.91387572437525e-05
8400 7440 -3978 2.3566535047907e-05 1.49053012654185e-05 -5.45329950703308e-06 1.744818598032e-05
8400 7640 -3978 2.22973632965947e-05 1.4982772488147e-05 -5.11608575249556e-06 1.56466408576816e-05
8400 7840 -3978 2.15079812269468e-05 1.50032558850944e-05 -4.66528881154954e-06 1.44994000382721e-05
8400 8040 -3978 2.03571602872598e-05 1.48517625592649e-05 -4.14965944807045e-06 1.33201745841652e-05
8400 8240 -3978 1.99028856112207e-05 1.49726805388927e-05 -3.43605241885871e-06 1.25301730837673e-05
8400 8440 -3978 1.9398082478239e-05 1.49553211703897e-05 -2.93895591000182e-06 1.19994379319251e-05
8400 8640 -3978 1.90849069189009e-05 1.48597335033119e-05 -2.54253746487302e-06 1.1901457304135e-05
8400 8840 -3978 1.90665059478367e-05 1.47755360491574e-05 -1.68438707146288e-06 1.19954542592168e-05
8400 9040 -3978 1.9157191166028e-05 1.43451003544033e-05 -1.44057909370804e-06 1.23973966874182e-05
8400 9240 -3978 1.98614194842321e-05 1.44656829163432e-05 -1.28011914237504e-06 1.34938304647803e-05
8400 9440 -3978 2.02953685413645e-05 1.4186846613884e-05 -1.59214826290372e-06 1.44256865102798e-05
8400 9640 -3978 2.12610815353499e-05 1.4136879587546e-05 -2.67381556189503e-06 1.56964862402529e-05
8600 9640 -3978 2.00694912545881e-05 1.20952378213406e-05 -9.50285973143764e-07 1.59504967238754e-05
8600 9440 -3978 1.88604446934113e-05 1.23529943730682e-05 -3.44208596807221e-07 1.44232719969004e-05
8600 9240 -3978 1.76537804757485e-05 1.24995842520148e-05 -3.10025371569282e-07 1.24627542253584e-05
8600 9040 -3978 1.72502577112482e-05 1.27448279391974e-05 -6.58194766659108e-07 1.15565567389131e-05
8600 8840 -3978 1.68315093611806e-05 1.29379661902785e-05 -1.28240066335638e-06 1.08174507450312e-05
8600 8640 -3978 1.6949413565697e-05 1.31989627797157e-05 -2.08888052385737e-06 1.05532778128982e-05
8600 8440 -3978 1.70550660036799e-05 1.30952825695276e-05 -3.19258736330085e-06 1.04802929535508e-05
8600 8240 -3978 1.73839202090926e-05 1.31167405527085e-05 -4.01978537935065e-06 1.07756913583726e-05
8600 8040 -3978 1.83604764148224e-05 1.33631257452071e-05 -4.86273267981596e-06 1.15688255336136e-05
8600 7840 -3978 1.94078476930309e-05 1.32766920458525e-05 -5.78893065452576e-06 1.29182925447822e-05
8600 7640 -3978 2.07342858298769e-05 1.342844559066e-05 -6.49744950048625e-06 1.44498795103282e-05
8600 7440 -3978 2.2259173766455e-05 1.32446373961866e-05 -7.1450393232517e-06 1.64107810333371e-05
8600 7240 -3978 2.41952467064941e-05 1.33507976084948e-05 -7.76060178130865e-06 1.85956713594496e-05
8800 7240 -3978 2.2993167636531e-05 1.1605392139405e-05 -9.95082052331418e-06 1.71795410588384e-05
8800 7440 -3978 2.09561933609993e-05 1.16365817133337e-05 -9.20814074669033e-06 1.47973697055131e-05
8800 7640 -3978 1.90097584625036e-05 1.1894912622869e-05 -8.25644361972809e-06 1.24247941393405e-05
8800 7840 -3978 1.74312591801416e-05 1.17760372236371e-05 -7.24927387759089e-06 1.05792317073792e-05
8800 8040 -3978 1.6277069093206e-05 1.18197604157031e-05 -5.94065403053537e-06 9.46436581294984e-06
8800 8240 -3978 1.51681180365948e-05 1.17112143747509e-05 -4.74730925678159e-06 8.50680907256901e-06
8800 8440 -3978 1.47533915216283e-05 1.18661454748362e-05 -3.28928181934316e-06 8.12636315170676e-06
8800 8640 -3978 1.42397950030979e-05 1.14812379553914e-05 -1.98938289653597e-06 8.23213245626539e-06
8800 8840 -3978 1.41606970037229e-05 1.13550248127431e-05 -8.54382008790708e-07 8.59419185202569e-06
8800 9040 -3978 1.45797750267738e-05 1.10671447012573e-05 3.36148032749407e-07 9.50726840272546e-06
8800 9240 -3978 1.53467856139187e-05 1.06898107733577e-05 1.28171897359425e-06 1.08998526055366e-05
8800 9440 -3978 1.67889763241829e-05 1.05751672722399e-05 1.74410806326068e-06 1.29226023014635e-05
8800 9640 -3978 1.86362936258688e-05 1.01514386534691e-05 1.64337171979469e-06 1.55246279127896e-05
9000 9640 -3978 1.65516023901915e-05 8.30260671954602e-06 4.46270143333822e-06 1.37640766892582e-05
9000 9440 -3978 1.44690714102848e-05 8.83897227980196e-06 4.05118054108607e-06 1.07074609547853e-05
9000 9240 -3978 1.27548869691738e-05 9.02991511020809e-06 3.19015379811753e-06 8.40002522058785e-06
9000 9040 -3978 1.15469309685722e-05 9.32635103818029e-06 1.68822927572182e-06 6.58674442442134e-06
9000 8840 -3978 1.13596900269874e-05 9.85574276745319e-06 1.19558333612076e-07 5.64735316904262e-06
9000 8640 -3978 1.1037780772703e-05 9.71563436742872e-06 -1.61909486309014e-06 5.01916282647289e-06
9000 8440 -3978 1.16139015640442e-05 1.0059253632091e-05 -3.2873240046647e-06 4.89716540439986e-06
9000 8240 -3978 1.27050134574313e-05 1.03034714851528e-05 -5.29483343032189e-06 5.31428665760904e-06
9000 8040 -3978 1.37415087467567e-05 1.02460342589766e-05 -6.85563157917932e-06 6.05806458042935e-06
9000 7840 -3978 1.53495763951221e-05 1.02937464285642e-05 -8.6490486767143e-06 7.4421908473596e-06
9000 7640 -3978 1.71821820899424e-05 1.02429562266916e-05 -1.01573632592335e-05 9.33473088685423e-06
9000 7440 -3978 1.92984183765059e-05 1.01583023946732e-05 -1.13809150885791e-05 1.17595283985138e-05
9000 7240 -3978 2.18774320064777e-05 9.99181147571653e-06 -1.26469767894596e-05 1.48743979930878e-05
9200 7240 -3978 2.12175425696855e-05 8.38440638594329e-06 -1.58812788780779e-05 1.14677571728826e-05
9200 7440 -3978 1.83980166478607e-05 8.58125307690352e-06 -1.40674500875175e-05 8.15201335586607e-06
9200 7640 -3978 1.60202963493402e-05 8.7341996608302e-06 -1.23499703034759e-05 5.15828288241755e-06
9200 7840 -3978 1.38352772091275e-05 8.79056830145418e-06 -1.02271588258445e-05 3.16932712998823e-06
9200 8040 -3978 1.19921713827705e-05 8.69123173318803e-06 -8.0352803049609e-06 1.93074797794543e-06
9200 8240 -3978 1.0546012669424e-05 8.77266806829721e-06 -5.76100000902079e-06 1.03419392919932e-06
9200 8440 -3978 9.36212177964183e-06 8.69968584645539e-06 -3.43295987523743e-06 5.55892106982356e-07
9200 8640 -3978 8.4172103194433e-06 8.31121777463705e-06 -1.08214024063818e-06 6.93179145109752e-07
9200 8840 -3978 8.5186274333966e-06 8.31047521904111e-06 1.06472097785809e-06 1.61800919708367e-06
9200 9040 -3978 8.81463828229503e-06 7.78738885745406e-06 3.14981701341458e-06 2.81227525424492e-06
9200 9240 -3978 1.05111215765937e-05 7.81571921426803e-06 5.19940684339963e-06 4.62329384242184e-06
9200 9440 -3978 1.23382437886942e-05 7.23497261572629e-06 7.05488385073841e-06 7.14275077451021e-06
9200 9640 -3978 1.50614806468661e-05 6.7550875893794e-06 8.40793337672949e-06 1.04138749344274e-05
9400 9640 -3978 1.45019582596195e-05 5.47389692650177e-06 1.20962959714234e-05 5.75271436106414e-06
9400 9440 -3978 1.19865509833765e-05 5.96075979806483e-06 1.01399193294346e-05 2.30006781614793e-06
9400 9240 -3978 9.9561807229261e-06 6.25520635535941e-06 7.74309394229203e-06 -4.60676395578048e-08
9400 9040 -3978 8.62786913979493e-06 6.70634805830196e-06 4.9454894514638e-06 -2.04869967388822e-06
9400 8840 -3978 8.24028632759656e-06 7.114028734155e-06 2.38245678392377e-06 -3.3623285902504e-06
9400 8640 -3978 8.52125180981568e-06 7.33766073966399e-06 -4.94631351237331e-07 -4.30416160271125e-06
9400 8440 -3978 9.2194261024757e-06 7.4301275331527e-06 -3.05259169480996e-06 -4.34718994772993e-06
9400 8240 -3978 1.03950493856321e-05 7.54860245622694e-06 -5.90974971326068e-06 -4.11237697816978e-06
9400 8040 -3978 1.21026598040027e-05 7.72923225956038e-06 -8.71011839713901e-06 -3.53669908375014e-06
9400 7840 -3978 1.40096704546281e-05 7.74057643488049e-06 -1.1516153883189e-05 -2.04738919864576e-06
9400 7640 -3978 1.62854500110052e-05 7.67549044452608e-06 -1.436274882406e-05 1.1905760749687e-07
9400 7440 -3978 1.88886555431031e-05 7.63666762551293e-06 -1.71516213044524e-05 2.55239517161499e-06
9400 7240 -3978 2.20756982347634e-05 7.30400864966214e-06 -1.9792900044471e-05 6.32882151054218e-06
9600 7240 -3978 2.44912230389892e-05 6.202099182643e-06 -2.36829254552722e-05 -6.27129089248001e-07
9600 7440 -3978 2.17928158519841e-05 6.63849388994277e-06 -2.03587429299951e-05 -4.12771905648697e-06
9600 7640 -3978 1.93288334578109e-05 6.58521492639556e-06 -1.68796021565795e-05 -6.73184805596247e-06
9600 7840 -3978 1.7134029269062e-05 6.66005866741761e-06 -1.32985387202352e-05 -8.58820885326714e-06
9600 8040 -3978 1.54842961950609e-05 6.72912309924141e-06 -9.96485840249807e-06 -9.69739430304617e-06
9600 8240 -3978 1.39815019693762e-05 6.4642383265309e-06 -6.63716580765322e-06 -1.06913834474981e-05
9600 8440 -3978 1.28246528505171e-05 6.36084879562259e-06 -3.31848972529406e-06 -1.07469648886472e-05
9600 8640 -3978 1.23547384639069e-05 6.29960308503359e-06 4.76675690624688e-08 -1.06279015466571e-05
9600 8840 -3978 1.18432036445727e-05 5.91269645467401e-06 3.30310787899362e-06 -9.74611364956945e-06
9600 9040 -3978 1.21026035508991e-05 5.63814648147672e-06 6.5740047506988e-06 -8.37839877791703e-06
9600 9240 -3978 1.30529697235201e-05 5.18473192839883e-06 9.97571184206754e-06 -6.52301835455001e-06
9600 9440 -3978 1.46552207853806e-05 4.93939260515617e-06 1.31746159680188e-05 -4.0247398155916e-06
9600 9640 -3978 1.69280407333669e-05 4.34939755313098e-06 1.63538228254765e-05 -4.40207892101626e-07
9800 9640 -3978 2.23766781450585e-05 3.34345171909808e-06 2.05450292117894e-05 -8.25853948947042e-06
9800 9440 -3978 2.03767716976229e-05 3.93183181225322e-06 1.64533177539706e-05 -1.12748032324016e-05
9800 9240 -3978 1.90882248910941e-05 4.29174748563673e-06 1.26088134981692e-05 -1.36195961646736e-05
9800 9040 -3978 1.85075121934806e-05 4.67462008749135e-06 8.59625590685755e-06 -1.56532482355833e-05
9800 8840 -3978 1.81560237904591e-05 5.11248400749173e-06 4.52553247602191e-06 -1.66982153318822e-05
9800 8640 -3978 1.83693793791171e-05 5.38071784912609e-06 8.28124914086402e-07 -1.75441210474819e-05
9800 8440 -3978 1.88244562012905e-05 5.54959871200845e-06 -2.9103287077005e-06 -1.77778858914971e-05
9800 8240 -3978 1.96870322814207e-05 5.50953507513623e-06 -6.54220885783434e-06 -1.78137449361384e-05
9800 8040 -3978 2.08693095241834e-05 5.69417662057094e-06 -1.0472739931196e-05 -1.72759270127863e-05
9800 7840 -3978 2.26161530738612e-05 5.7649856088683e-06 -1.44234287533909e-05 -1.62331469040364e-05
9800 7640 -3978 2.45276816317188e-05 5.63318319036625e-06 -1.86371565759182e-05 -1.48321268688887e-05
9800 7440 -3978 2.66040884292234e-05 5.6363484042231e-06 -2.27992082424462e-05 -1.24442811720073e-05
9800 7240 -3978 2.96251480616704e-05 5.56183540378697e-06 -2.75236153118312e-05 -9.44277421012521e-06
10000 7240 -3978 3.70353477594303e-05 5.06641129089985e-06 -3.08490112945437e-05 -2.00110103525221e-05
10000 7440 -3978 3.42427134037546e-05 5.04814564436674e-06 -2.56115778014064e-05 -2.23095683567226e-05
10000 7640 -3978 3.1852831537522e-05 5.06146444985643e-06 -2.05071448609233e-05 -2.37542742528021e-05
10000 7840 -3978 3.00537749739116e-05 5.05717760813422e-06 -1.59278430640697e-05 -2.48811852447689e-05
10000 8040 -3978 2.85030495215166e-05 4.89241535624024e-06 -1.14596828054637e-05 -2.56352057531476e-05
10000 8240 -3978 2.73114665969532e-05 4.80233342228166e-06 -7.10445992089808e-06 -2.59302998557687e-05
10000 8440 -3978 2.63266186426216e-05 4.7082929587923e-06 -2.76278233679477e-06 -2.58733732998371e-05
10000 8640 -3978 2.58398854076966e-05 4.7700194256613e-06 1.43638219653076e-06 -2.53870981633663e-05
10000 8840 -3978 2.57645843330815e-05 4.34370473772287e-06 5.56914854329079e-06 -2.47530731521547e-05
10000 9040 -3978 2.62014814558762e-05 3.89826896219165e-06 9.71382567100227e-06 -2.39658039063215e-05
10000 9240 -3978 2.70130226570606e-05 3.77475013330695e-06 1.48303262777627e-05 -2.22258406057954e-05
10000 9440 -3978 2.82424156262244e-05 3.22197876306745e-06 1.9164774492383e-05 -2.04084473997354e-05
10000 9640 -3978 3.02831879302976e-05 2.72818610552349e-06 2.43063733540475e-05 -1.77246178463101e-05
10200 9640 -3978 3.98559584442526e-05 2.08894305692229e-06 2.76770722717047e-05 -2.85287416949868e-05
10200 9440 -3978 3.7615674027776e-05 2.67879918759718e-06 2.18543741740286e-05 -3.04249260649085e-05
10200 9240 -3978 3.60321697098516e-05 3.06543580786092e-06 1.65380577240139e-05 -3.17114743962884e-05
10200 9040 -3978 3.48851128530516e-05 3.49536583190638e-06 1.1618453219533e-05 -3.27072631269694e-05
10200 8840 -3978 3.4351210605411e-05 3.3371220763147e-06 6.68465288449079e-06 -3.34761270806193e-05
10200 8640 -3978 3.42482583578798e-05 3.94026826754271e-06 2.03248260920373e-06 -3.38874245509505e-05
10200 8440 -3978 3.46418397878795e-05 4.21686743744067e-06 -2.42605161474785e-06 -3.42985330075026e-05
10200 8240 -3978 3.55189828729909e-05 4.15354979541735e-06 -6.86492096493021e-06 -3.45219471156597e-05
10200 8040 -3978 3.63780822996485e-05 4.55631368783361e-06 -1.13193785566837e-05 -3.44300110191107e-05
10200 7840 -3978 3.82204847812817e-05 4.52152809185645e-06 -1.62871373351663e-05 -3.42795915678144e-05
10200 7640 -3978 4.02405146450191e-05 4.5868456895696e-06 -2.15176421776414e-05 -3.38779477700591e-05
10200 7440 -3978 4.29588378929768e-05 4.55967081367271e-06 -2.70950168371201e-05 -3.32469122186303e-05
10200 7240 -3978 4.63786834229448e-05 4.73460016516037e-06 -3.33683124706149e-05 -3.17128537818789e-05
10400 7240 -3978 5.68583780643309e-05 4.52946357656037e-06 -3.47143368944526e-05 -4.48339662104845e-05
10400 7440 -3978 5.2977081559015e-05 4.10990425734417e-06 -2.82008646018803e-05 -4.46485536694527e-05
10400 7640 -3978 4.98890725536853e-05 4.11941520485561e-06 -2.21832199245691e-05 -4.44395432174206e-05
10400 7840 -3978 4.74999654592166e-05 4.09216269454919e-06 -1.67986754328012e-05 -4.42347702234984e-05
10400 8040 -3978 4.57493367389266e-05 3.93035203026375e-06 -1.2011236121878e-05 -4.37851809188724e-05
10400 8240 -3978 4.4246129681133e-05 3.78574128484479e-06 -7.03840589290485e-06 -4.35414285808802e-05
10400 8440 -3978 4.33787693272576e-05 3.60062992398161e-06 -2.3295800276901e-06 -4.30350123047829e-05
10400 8640 -3978 4.34552284682852e-05 3.38916547963163e-06 2.53740837267287e-06 -4.32484912723303e-05
10400 8840 -3978 4.34184558961757e-05 3.04594450129662e-06 7.01987680234015e-06 -4.26057616174221e-05
10400 9040 -3978 4.41186692075646e-05 2.95213140528358e-06 1.20664587821811e-05 -4.24162136539817e-05
10400 9240 -3978 4.5475798099855e-05 2.42593729262626e-06 1.7621028482914e-05 -4.17962836176157e-05
10400 9440 -3978 4.7507453586539e-05 2.05041647651524e-06 2.348831506446e-05 -4.12602423876524e-05
10400 9640 -3978 5.04754458750353e-05 1.64033158613347e-06 3.01823469698429e-05 -4.0424075499177e-05
10600 9640 -3978 6.14023700672853e-05 1.33570886034022e-06 3.11307718604803e-05 -5.29822981804609e-05
10600 9440 -3978 5.7771918939307e-05 1.91727929455556e-06 2.43944801799953e-05 -5.23979136496782e-05
10600 9240 -3978 5.52883266404802e-05 2.15683224164241e-06 1.8413016282022e-05 -5.20117318034172e-05
10600 9040 -3978 5.36910534412787e-05 2.34575323959143e-06 1.27195994108915e-05 -5.20875913277268e-05
10600 8840 -3978 5.24977615185385e-05 2.68663905709127e-06 7.76560747250915e-06 -5.18060455098748e-05
10600 8640 -3978 5.20803746024639e-05 2.8754475828282e-06 2.97813636246428e-06 -5.19155845940113e-05
10600 8440 -3978 5.24375132527062e-05 3.07102136733738e-06 -1.76890425729471e-06 -5.22573735713959e-05
10600 8240 -3978 5.29960029893116e-05 3.22589563305701e-06 -6.30143500678241e-06 -5.25788384601474e-05
10600 8040 -3978 5.43620758741051e-05 3.44777111490839e-06 -1.11338915992528e-05 -5.31698050647974e-05
10600 7840 -3978 5.66477252847357e-05 3.57886551726551e-06 -1.64720731116831e-05 -5.41236918270588e-05
10600 7640 -3978 5.91812091124082e-05 4.01733479247196e-06 -2.16622257605195e-05 -5.48021314144135e-05
10600 7440 -3978 6.28726250851491e-05 4.27033719894825e-06 -2.74485836289823e-05 -5.64030713886023e-05
10600 7240 -3978 6.77719091810359e-05 4.23378101689741e-06 -3.43362576514482e-05 -5.81798650920391e-05
10800 7240 -3978 7.7702397052923e-05 4.0726126441732e-06 -3.25901222079992e-05 -7.05427238792181e-05
10800 7440 -3978 7.25228076458422e-05 3.73379618435865e-06 -2.64095119014382e-05 -6.74055996239185e-05
10800 7640 -3978 6.86512977446811e-05 3.55419896011881e-06 -2.06870734877884e-05 -6.53800974339247e-05
10800 7840 -3978 6.57984385002899e-05 3.31557083575172e-06 -1.5700681919232e-05 -6.37622006684542e-05
10800 8040 -3978 6.34262329063638e-05 3.08826230996965e-06 -1.08898945478722e-05 -6.25447309613228e-05
10800 8240 -3978 6.2315581288695e-05 2.9783231591864e-06 -6.36954396544024e-06 -6.18857441842556e-05
10800 8440 -3978 6.12849734037825e-05 2.75108539419853e-06 -1.43438251915359e-06 -6.12011227309704e-05
10800 8640 -3978 6.12918624653626e-05 2.3883393856795e-06 2.87074276743806e-06 -6.11779950261116e-05
10800 8840 -3978 6.16889977858401e-05 2.38495525934559e-06 7.4698221180588e-06 -6.11249769330025e-05
10800 9040 -3978 6.25533286797499e-05 2.03651684301894e-06 1.21127761788666e-05 -6.13555673211813e-05
10800 9240 -3978 6.45933879111131e-05 1.74623740550396e-06 1.79725358486176e-05 -6.20004719644785e-05
10800 9440 -3978 6.75325838628701e-05 1.52435439725741e-06 2.36364827118814e-05 -6.32446392923594e-05
10800 9640 -3978 7.16601803389803e-05 1.12631526149198e-06 3.02132552862167e-05 -6.49697780907154e-05
11000 9640 -3978 8.12618447297401e-05 8.63160398992477e-07 2.8139465931803e-05 -7.62445231974125e-05
11000 9440 -3978 7.65301586950023e-05 1.46048873792552e-06 2.21817337535322e-05 -7.30981516391039e-05
11000 9240 -3978 7.35268338770877e-05 1.54554493188016e-06 1.69995412789285e-05 -7.14376478046179e-05
11000 9040 -3978 7.14218122771248e-05 1.69828514890469e-06 1.20599428266287e-05 -7.03200705945492e-05
11000 8840 -3978 7.00137810032479e-05 2.15714297469458e-06 7.37131680361927e-06 -6.95912347435951e-05
11000 8640 -3978 6.93405382472972e-05 2.0723133429783e-06 2.87004849323057e-06 -6.93963410407305e-05
11000 8440 -3978 6.94502859905873e-05 2.25509797262112e-06 -1.23198930604121e-06 -6.94122430682182e-05
11000 8240 -3978 7.02292670748803e-05 2.70046248278595e-06 -5.35801813658327e-06 -7.00769143998623e-05
11000 8040 -3978 7.15835528552107e-05 2.85188576990186e-06 -9.63179487735033e-06 -7.08308712393045e-05
11000 7840 -3978 7.3999286449415e-05 2.91862124796899e-06 -1.43419272545725e-05 -7.25486744493246e-05
11000 7640 -3978 7.68075898503323e-05 3.25129583929083e-06 -1.88386207669973e-05 -7.43904651254415e-05
11000 7440 -3978 8.10498834455673e-05 3.37475874401935e-06 -2.35416402071714e-05 -7.74196479022503e-05
11000 7240 -3978 8.64178810808219e-05 3.99903432704741e-06 -2.9254123236984e-05 -8.12641852647066e-05
11200 7240 -3978 9.33989881175608e-05 3.39033652983926e-06 -2.50084543637931e-05 -8.9870456919074e-05
11200 7440 -3978 8.8278253954282e-05 3.27303917989957e-06 -2.07757918201387e-05 -8.56559453308582e-05
11200 7640 -3978 8.44383601682106e-05 2.73547822920227e-06 -1.67539916373789e-05 -8.26509956866503e-05
11200 7840 -3978 8.1439224887474e-05 2.66746962291654e-06 -1.28435740768909e-05 -8.04676743000746e-05
11200 8040 -3978 7.91698721205557e-05 2.48675845485559e-06 -8.74488889053464e-06 -7.8746008977294e-05
11200 8240 -3978 7.7688923048641e-05 2.41632550289978e-06 -5.09369571632487e-06 -7.75781981796026e-05
11200 8440 -3978 7.71033062200071e-05 2.42544103402179e-06 -9.12608258722685e-07 -7.70597444325686e-05
11200 8640 -3978 7.70705764040771e-05 1.98560737582557e-06 2.57907525482915e-06 -7.68797584921122e-05
11200 8840 -3978 7.75770126506282e-05 2.05315241977223e-06 6.62760181259364e-06 -7.71338211447e-05
11200 9040 -3978 7.89824800516881e-05 1.69193936884631e-06 1.04834226854146e-05 -7.82919466346502e-05
11200 9240 -3978 8.11737801290098e-05 1.43012097859082e-06 1.50209488011897e-05 -7.98386791348457e-05
11200 9440 -3978 8.42517153901471e-05 1.09591330931289e-06 1.97771699763834e-05 -8.1818629026413e-05
11200 9640 -3978 8.87312867716758e-05 5.1227258147992e-07 2.43599813021719e-05 -8.52910635322332e-05
11400 9640 -3978 9.49991499821584e-05 4.33930120804689e-07 2.05486623048782e-05 -9.27178797274828e-05
11400 9440 -3978 9.08512643181396e-05 1.09594628298146e-06 1.68889596238732e-05 -8.92609330713749e-05
11400 9240 -3978 8.79793029486749e-05 1.24063803213539e-06 1.31724904123694e-05 -8.70667871236801e-05
11400 9040 -3978 8.55241334317929e-05 1.44914746313952e-06 9.46388007048517e-06 -8.47585400491953e-05
11400 8840 -3978 8.42912825448678e-05 1.57731826728559e-06 6.05225442891242e-06 -8.40020738393068e-05
11400 8640 -3978 8.35822795184096e-05 1.74788863879439e-06 2.60657415176229e-06 -8.34326760619879e-05
11400 8440 -3978 8.35479736400889e-05 2.06122628108369e-06 -8.37217658214286e-07 -8.34081701934338e-05
11400 8240 -3978 8.40635854576611e-05 2.08159236993833e-06 -4.21741121669765e-06 -8.39165907800198e-05
11400 8040 -3978 8.54514933542063e-05 2.12521366658802e-06 -7.31438900064677e-06 -8.5111344113946e-05
11400 7840 -3978 8.75263322175767e-05 2.24157405935694e-06 -1.0776599638164e-05 -8.68906269967556e-05
11400 7640 -3978 9.04338247081538e-05 2.24392864011497e-06 -1.39842121805996e-05 -8.93256384730339e-05
11400 7440 -3978 9.39111925757823e-05 2.49031395953534e-06 -1.71291556954384e-05 -9.22155208438635e-05
11400 7240 -3978 9.83644713204864e-05 3.07202761914959e-06 -2.06070126146078e-05 -9.62897088229656e-05
11600 7240 -3978 0.000102648963345462 2.17042034096448e-06 -1.62964188456535e-05 -0.000101323865324259
11600 7440 -3978 9.88409581031303e-05 2.19018864061218e-06 -1.40532318241894e-05 -9.78962256163359e-05
11600 7640 -3978 9.55112435926785e-05 2.01035031276115e-06 -1.15917175635695e-05 -9.49484753906727e-05
11600 7840 -3978 9.28975448240977e-05 2.04143667895005e-06 -9.15100163035095e-06 -9.23138370066881e-05
11600 8040 -3978 9.11086851591129e-05 2.14472554684698e-06 -6.2629983057268e-06 -9.07994588315487e-05
11600 8240 -3978 8.96889309149952e-05 1.88195616941812e-06 -3.54546922902227e-06 -8.95990637093783e-05
11600 8440 -3978 8.89408740716787e-05 2.02412621900885e-06 -7.43366296352178e-07 -8.9221785530448e-05
11600 8640 -3978 8.8985243438932e-05 1.68912507045752e-06 2.18429274641494e-06 -8.89253144264221e-05
11600 8840 -3978 8.95992837992174e-05 1.4794679307779e-06 4.84041719138622e-06 -8.94981659650803e-05
11600 9040 -3978 9.07852457565124e-05 1.26227423559067e-06 7.7182968230918e-06 -9.02865469306707e-05
11600 9240 -3978 9.30660086738306e-05 1.01745837348244e-06 1.07666886895895e-05 -9.24355189502239e-05
11600 9440 -3978 9.59641596036604e-05 7.24212017764785e-07 1.33720159884542e-05 -9.50884048342705e-05
11600 9640 -3978 9.97093942940209e-05 2.65029917097308e-07 1.61344289369881e-05 -9.84303609132767e-05
11800 9640 -3978 0.000103217399098638 2.67960621878956e-07 1.19556714072824e-05 -0.000102587293341756
11800 9440 -3978 9.99003974107474e-05 5.60492717268971e-07 1.03505654595792e-05 -9.94298973083496e-05
11800 9240 -3978 9.73810341183876e-05 9.40821065019918e-07 8.35142135899514e-06 -9.70177015960216e-05
11800 9040 -3978 9.53447074345906e-05 1.22880478818661e-06 6.04263005615212e-06 -9.52446099668741e-05
11800 8840 -3978 9.41125960504909e-05 1.49183187152084e-06 4.02425094234059e-06 -9.40656746327877e-05
11800 8640 -3978 9.33949610219846e-05 1.60051345251668e-06 1.71880648521255e-06 -9.32993421405554e-05
11800 8440 -3978 9.34212060197518e-05 1.64190441809387e-06 -3.6170956191927e-07 -9.33526945263147e-05
11800 8240 -3978 9.38800815182046e-05 1.60879377873425e-06 -2.62077892449452e-06 -9.38118335604668e-05
11800 8040 -3978 9.49640201101928e-05 1.85179010418142e-06 -4.72796065709554e-06 -9.47567553967238e-05
11800 7840 -3978 9.69218460854973e-05 1.73294616231942e-06 -7.10722007136792e-06 -9.65394746512175e-05
11800 7640 -3978 9.90755495534185e-05 1.53065210999557e-06 -8.78191830404103e-06 -9.86737023442984e-05
11800 7440 -3978 0.000102231382817105 1.81089589428757e-06 -1.08767016436905e-05 -0.000101713007643819
11800 7240 -3978 0.0001057526555 1.6699297502737e-06 -1.24569846205413e-05 -0.000104945425242186
12000 7240 -3978 0.000107711805495735 1.13309275256961e-06 -8.72785276733339e-06 -0.000107411530345678
12000 7440 -3978 0.000104902253216327 1.38026094833913e-06 -7.83758164290339e-06 -0.000104338278234005
12000 7640 -3978 0.0001021288305 1.40851725407083e-06 -6.78927360422676e-06 -0.000101720736324787
12000 7840 -3978 9.9719570178216e-05 1.52931872594854e-06 -5.29188299435191e-06 -9.96962212622165e-05
12000 8040 -3978 9.80897131174769e-05 1.29559737099498e-06 -3.58166773577977e-06 -9.79755252748728e-05
12000 8240 -3978 9.70695512932181e-05 1.5826225685505e-06 -2.15798662147245e-06 -9.70253350883722e-05
12000 8440 -3978 9.65466633015306e-05 1.49036700550278e-06 -2.4940253533623e-07 -9.65525028705597e-05
12000 8640 -3978 9.66318659176073e-05 1.24160339190985e-06 1.211707977488e-06 -9.65317526161671e-05
12000 8840 -3978 9.72239672940994e-05 1.13822590633208e-06 2.90312281770457e-06 -9.71739478260279e-05
12000 9040 -3978 9.84424044485871e-05 1.10402480768698e-06 4.41065713355783e-06 -9.83702460080385e-05
12000 9240 -3978 0.000100205176965856 1.02968964997399e-06 6.00756311789155e-06 -9.99885704219342e-05
12000 9440 -3978 0.000102656619384926 6.54415332722237e-07 7.36019502300769e-06 -0.000102281960591674
12000 9640 -3978 0.000105744134974373 1.28972341450208e-07 8.26817255746573e-06 -0.000105319525599480
12200 9640 -3978 0.000107292123816269 2.66747596692312e-07 4.62378013523994e-06 -0.0001071255033
12200 9440 -3978 0.000104493721777274 4.51196885836907e-07 4.57494578766637e-06 -0.000104409837812185
12200 9240 -3978 0.000102281111384273 8.59676465519442e-07 3.90840319490235e-06 -0.000102335290312767
12200 9040 -3978 0.000100631088161816 1.13721970158167e-06 2.94196139203268e-06 -0.000100604082554579
12200 8840 -3978 9.94674254313922e-05 1.3978336516775e-06 2.00891959452565e-06 -9.9432637527585e-05
12200 8640 -3978 9.88290596220978e-05 1.26079093089766e-06 9.37639143830665e-07 -9.88480777740479e-05
12200 8440 -3978 9.86750423666932e-05 1.29175872750966e-06 -2.75787878485062e-07 -9.8666201338172e-05
12200 8240 -3978 9.91049556186733e-05 1.2949050436664e-06 -1.29348774791629e-06 -9.89122795313597e-05
12200 8040 -3978 0.000100249187877011 1.18155901562568e-06 -2.33330277591176e-06 -0.0001001383493
12200 7840 -3978 0.000101632800425932 9.64432436284369e-07 -3.56423511481262e-06 -0.000101601318359375
12200 7640 -3978 0.000103644800655878 1.06513528367941e-06 -4.1421926063922e-06 -0.000103461847066879
12200 7440 -3978 0.000105998738965194 1.05697348949707e-06 -5.16004140721634e-06 -0.000105905275225639
12200 7240 -3978 0.0001088128812 8.50820091729475e-07 -5.45860528608319e-06 -0.000108672548741102
12400 7240 -3978 0.000109254330676244 5.15277008669727e-07 -2.62549243946887e-06 -0.000109168748825789
12400 7440 -3978 0.000106822067921771 5.66656897693974e-07 -2.5222776964074e-06 -0.000106875029474497
12400 7640 -3978 0.000104424671646489 8.28784053603158e-07 -2.26987968761569e-06 -0.000104416431277990
12400 7840 -3978 0.000102704020620149 8.85105877574461e-07 -1.87188771853107e-06 -0.000102683146014810
12400 8040 -3978 0.000101269669212388 1.02549109802476e-06 -1.19704766741415e-06 -0.000101115900442004
12400 8240 -3978 0.0001002903691 1.06884093009467e-06 -7.64670126330202e-07 -0.000100308986097574
12400 8440 -3978 9.98325304892748e-05 1.41199470694119e-06 4.55746620261834e-08 -9.98225342184305e-05
12400 8640 -3978 9.99767785664751e-05 1.22087286427541e-06 2.31744269386354e-07 -9.98543929904699e-05
12400 8840 -3978 0.000100526732642314 1.18235974292202e-06 8.13481413876616e-07 -0.000100465948134661
12400 9040 -3978 0.000101520827598050 1.08846290339352e-06 1.16336209626934e-06 -0.000101508326128125
12400 9240 -3978 0.000103166440758288 9.14927988775162e-07 1.66152389026684e-06 -0.000103209669247270
12400 9440 -3978 0.000105125952579105 8.031902326411e-07 2.00482350631455e-06 -0.000105079256981611
12400 9640 -3978 0.0001077343548 5.06178032338539e-07 1.5537590909189e-06 -0.000107611398428679
12600 9640 -3978 0.000107518985618622 7.34438021065216e-07 -1.26261985617111e-06 -0.000107501423478127
12600 9440 -3978 0.000105236146587712 8.25947301524593e-07 -4.83467435062721e-07 -0.000105231794714928
12600 9240 -3978 0.000103278767180234 9.97055037080827e-07 -1.74066840761952e-07 -0.000103383004337549
12600 9040 -3978 0.000101908286781533 1.156053132956e-06 -2.85009438011912e-08 -0.000101849768698215
12600 8840 -3978 0.000100704841562061 1.31310845528787e-06 6.30339275305687e-08 -0.0001006387512
12600 8640 -3978 9.99827831085006e-05 9.84339283547342e-07 -1.07385308672747e-07 -0.000100035555958748
12600 8440 -3978 0.000100115774945830 1.17896717921849e-06 -1.11965343366364e-07 -0.000100181201234460
12600 8240 -3978 0.000100288044343543 1.09112373365451e-06 -2.74240612816357e-07 -0.000100281733527780
12600 8040 -3978 0.000101329999452694 1.13703957299913e-06 -1.91516809416953e-07 -0.0001012594622
12600 7840 -3978 0.000102670429427872 8.26491884227835e-07 -3.64895800184058e-07 -0.000102661905586720
12600 7640 -3978 0.000104509639951294 6.82593506880494e-07 -3.3412908196874e-07 -0.000104469535619020
12600 7440 -3978 0.000106508451051092 3.33603100034452e-07 -2.32658498654928e-07 -0.000106487421721220
12600 7240 -3978 0.000109142925598860 1.45964370224647e-07 -6.15970274282063e-08 -0.000109109546214342
12800 7240 -3978 0.000108408568218872 1.8503898995732e-08 2.66775119207159e-06 -0.000108375737249851
12800 7440 -3978 0.000105893180021706 3.15958442042756e-07 2.12326498104085e-06 -0.000105883538365364
12800 7640 -3978 0.000103562670180321 6.441803114908e-07 1.55338601266863e-06 -0.000103572401
12800 7840 -3978 0.000101813124063608 7.45912145672264e-07 1.20278710521688e-06 -0.000101892251864076
12800 8040 -3978 0.000100451212172043 9.23373620349594e-07 7.88965544974417e-07 -0.000100489124119282
12800 8240 -3978 9.966774764476e-05 1.00406372149155e-06 3.52945816464398e-07 -9.96620650291443e-05
12800 8440 -3978 9.91834180723017e-05 1.00347638579115e-06 -1.88342490957439e-07 -9.92941092699767e-05
12800 8640 -3978 9.92155558679917e-05 1.02649966499939e-06 -3.8031423724442e-07 -9.91507561504841e-05
12800 8840 -3978 9.97897181089676e-05 1.26253158807503e-06 -9.27910175683337e-07 -9.9802949950099e-05
12800 9040 -3978 0.000100589212685996 1.26252616729971e-06 -1.5216528810688e-06 -0.0001005697783
12800 9240 -3978 0.000102468453176787 1.19618047521908e-06 -1.99639401498962e-06 -0.000102430641710758
12800 9440 -3978 0.000104616952446517 9.45658254301179e-07 -2.71650902962938e-06 -0.000104725843951106
12800 9640 -3978 0.000106839923595318 8.10419050579639e-07 -3.82098520941508e-06 -0.000106755102843046
13000 9640 -3978 0.000105864092912723 6.83025255821121e-07 -6.35621826164424e-06 -0.000105591773271561
13000 9440 -3978 0.000103239872761766 9.96358543536189e-07 -5.03175901576469e-06 -0.000103139713287354
13000 9240 -3978 0.000101006023660860 1.12465157156657e-06 -4.06674261327134e-06 -0.000100948625937104
13000 9040 -3978 9.92085928912442e-05 1.0901135436834e-06 -2.96747007628437e-06 -9.92408199459314e-05
13000 8840 -3978 9.79265605891388e-05 1.32053381416154e-06 -2.05172557110404e-06 -9.78961586654186e-05
13000 8640 -3978 9.73526738425368e-05 1.13075628798833e-06 -1.14039626805516e-06 -9.74301117509603e-05
13000 8440 -3978 9.72337606246433e-05 1.12232691890313e-06 -1.06141422293149e-08 -9.72672280073166e-05
13000 8240 -3978 9.75977284431033e-05 9.62335893498676e-07 7.20636407648272e-07 -9.75661352872849e-05
13000 8040 -3978 9.87731542891043e-05 8.49495667711381e-07 1.72658813736416e-06 -9.87146326303482e-05
13000 7840 -3978 0.000100025094 6.0450697559736e-07 2.71145242657076e-06 -9.98320002257824e-05
13000 7640 -3978 0.000101898001822885 3.7473603070157e-07 3.66246967384359e-06 -0.000101821263834834
13000 7440 -3978 0.000104225210961312 2.90318008805116e-07 4.32323978554632e-06 -0.000104135104134679
13000 7240 -3978 0.000107249661550827 -1.29878111190919e-07 5.10249288449995e-06 -0.000107105332612991
13200 7240 -3978 0.000105177587446798 -2.9645488400638e-07 8.22492841910571e-06 -0.000104860875487328
13200 7440 -3978 0.000102196705316413 9.38843103135696e-08 7.11156179150566e-06 -0.000101863429948688
13200 7640 -3978 9.942991004354e-05 1.14746471243961e-07 5.59505596617237e-06 -9.92306854873896e-05
13200 7840 -3978 9.72345208381538e-05 4.95656391799457e-07 4.43838990559743e-06 -9.71319054812193e-05
13200 8040 -3978 9.57432257624076e-05 6.72613073615139e-07 2.91594740736036e-06 -9.5798620775342e-05
13200 8240 -3978 9.48668441387399e-05 1.01869134090339e-06 1.33957030943566e-06 -9.47396500408649e-05
13200 8440 -3978 9.44591629782317e-05 1.09866898639666e-06 -1.228948917244e-07 -9.4460471868515e-05
13200 8640 -3978 9.44881814066808e-05 1.26881929051433e-06 -1.58752373611787e-06 -9.44797718971968e-05
13200 8840 -3978 9.51654369794312e-05 1.12661581085285e-06 -2.89314470043974e-06 -9.51644097715616e-05
13200 9040 -3978 9.64695415260187e-05 1.07563030746314e-06 -4.55054277589079e-06 -9.63561519682407e-05
13200 9240 -3978 9.84994579107435e-05 1.03710669052362e-06 -5.91332202451304e-06 -9.82842678278685e-05
13200 9440 -3978 0.000100791926469391 1.04804488520494e-06 -7.52050192561e-06 -0.000100568441957235
13200 9640 -3978 0.0001038843672 6.91809925648158e-07 -9.08221841789782e-06 -0.000103576624393463
13400 9640 -3978 0.000101258392477781 5.14153457983412e-07 -1.25881267413497e-05 -0.000100471571892500
13400 9440 -3978 9.77570749469957e-05 6.45253184752619e-07 -1.0652161010541e-05 -9.71637613624334e-05
13400 9240 -3978 9.48127511270692e-05 9.99985983929946e-07 -8.38105415552855e-06 -9.4428151011467e-05
13400 9040 -3978 9.27361824347741e-05 1.06674622968785e-06 -6.23825767589733e-06 -9.25389983355999e-05
13400 8840 -3978 9.15010005861408e-05 1.04699315821381e-06 -4.1376493058051e-06 -9.12444012761116e-05
13400 8640 -3978 9.06118151756904e-05 1.10138794526847e-06 -2.092840461788e-06 -9.0539476364851e-05
13400 8440 -3978 9.02388949210203e-05 1.03390369272165e-06 -1.43530547505861e-07 -9.0232857644558e-05
13400 8240 -3978 9.08171919134394e-05 6.139449336506e-07 1.86378048860934e-06 -9.07820172905922e-05
13400 8040 -3978 9.17956292562384e-05 6.80595383525542e-07 3.6624121342029e-06 -9.16603164374828e-05
13400 7840 -3978 9.34699678182089e-05 4.05215408178265e-07 5.97624318650924e-06 -9.31496927142143e-05
13400 7640 -3978 9.5755122893834e-05 3.2582684940644e-07 7.75768769346177e-06 -9.53436891287565e-05
13400 7440 -3978 9.84516324800249e-05 -1.59855420594795e-07 9.70185929350555e-06 -9.80318699777126e-05
13400 7240 -3978 0.000102249848759156 -5.96586856892827e-07 1.14798237346113e-05 -0.000101374387383461
13600 7240 -3978 9.82917266894454e-05 -5.64023841878225e-07 1.51006508953869e-05 -9.7123198851943e-05
13600 7440 -3978 9.41272438805285e-05 -1.8486166650473e-07 1.27725440301001e-05 -9.3226290538907e-05
13600 7640 -3978 9.0964571493958e-05 2.27780637530941e-07 1.03740564826876e-05 -9.037079359591e-05
13600 7840 -3978 8.8542012029721e-05 3.38540411046779e-07 7.56852771993727e-06 -8.83530082255602e-05
13600 8040 -3978 8.67790848315938e-05 6.39606074655603e-07 5.20329257752746e-06 -8.66540544331074e-05
13600 8240 -3978 8.58127128628762e-05 6.08723902559177e-07 2.64817699870036e-06 -8.57696817219258e-05
13600 8440 -3978 8.53687802039438e-05 8.70218105712411e-07 -4.73001053815096e-08 -8.52420025914907e-05
13600 8640 -3978 8.54543609146262e-05 1.0814724890115e-06 -2.58634234215424e-06 -8.56171142458916e-05
13600 8840 -3978 8.61735205074155e-05 1.23935595695093e-06 -5.25973096350208e-06 -8.60649757683277e-05
13600 9040 -3978 8.77680765823276e-05 1.08537141238594e-06 -7.82160533964634e-06 -8.74323445409536e-05
13600 9240 -3978 8.98224601257862e-05 8.79140250257933e-07 -1.07339273374528e-05 -8.91744596809149e-05
13600 9440 -3978 9.29804186503239e-05 6.10856850776145e-07 -1.36342403497547e-05 -9.19733254611492e-05
13600 9640 -3978 9.72022448137585e-05 6.13369286597845e-07 -1.66334172841161e-05 -9.58288335651159e-05
13800 9640 -3978 9.20608664999391e-05 4.15769015966362e-07 -2.14984683766961e-05 -8.9285203024745e-05
13800 9440 -3978 8.74713235736136e-05 6.88440212768e-07 -1.72038652654737e-05 -8.56764921844005e-05
13800 9240 -3978 8.43882116949251e-05 9.11671495703558e-07 -1.34682009667158e-05 -8.32189750373363e-05
13800 9040 -3978 8.17985778664117e-05 1.0904335347609e-06 -9.72703866101801e-06 -8.12799740284681e-05
13800 8840 -3978 8.02074126652393e-05 9.47455843022453e-07 -6.53504066029564e-06 -7.99704256504774e-05
13800 8640 -3978 7.94529102206681e-05 9.72830288646037e-07 -3.12374113562691e-06 -7.93069234490395e-05
13800 8440 -3978 7.93333127684549e-05 7.45829621910161e-07 -3.72556063979573e-07 -7.9328932017088e-05
13800 8240 -3978 7.94607883831156e-05 7.10935734441591e-07 2.88671150348e-06 -7.93766391128302e-05
13800 8040 -3978 8.07230134287183e-05 5.11084541327364e-07 5.84124801913276e-06 -8.05609447509051e-05
13800 7840 -3978 8.24218270099444e-05 3.79588812456404e-07 9.2442843336612e-06 -8.19986854195595e-05
13800 7640 -3978 8.47995348664644e-05 -1.20499854727314e-07 1.24998791217804e-05 -8.40345229059458e-05
13800 7440 -3978 8.81829488230196e-05 -1.30637623462462e-07 1.55739371497184e-05 -8.66516108959913e-05
13800 7240 -3978 9.27113232316171e-05 -6.38805321375003e-07 1.93220587670803e-05 -9.08163128942251e-05
14000 7240 -3978 8.55202948771554e-05 -6.49813072737743e-07 2.32904441319406e-05 -8.22549176961184e-05
14000 7440 -3978 8.12008964760318e-05 -3.73111809340116e-07 1.9110685788095e-05 -7.88580669015646e-05
14000 7640 -3978 7.77548263405382e-05 9.07809504533361e-08 1.48630027510226e-05 -7.63101134598255e-05
14000 7840 -3978 7.53742900693498e-05 7.78725361215038e-08 1.08006900399923e-05 -7.45963982641697e-05
14000 8040 -3978 7.36112412857279e-05 5.55773466391656e-07 7.25426618242636e-06 -7.32633308917284e-05
14000 8240 -3978 7.26352477850644e-05 5.44997217706623e-07 3.5878170820506e-06 -7.24784161001444e-05
14000 8440 -3978 7.21446032964063e-05 7.73361565670712e-07 -1.40144518457419e-07 -7.21765179485083e-05
14000 8640 -3978 7.23608908006143e-05 1.02770929821781e-06 -3.75361290039382e-06 -7.22560649812222e-05
14000 8840 -3978 7.30678266182479e-05 9.74506126093729e-07 -7.23013023054227e-06 -7.27027017474175e-05
14000 9040 -3978 7.43670658750507e-05 8.62429349739614e-07 -1.11784581616521e-05 -7.35858226120472e-05
14000 9240 -3978 7.68828113984338e-05 7.85051626809036e-07 -1.55371011644602e-05 -7.52261316925287e-05
14000 9440 -3978 8.01591939723843e-05 7.40314324728388e-07 -2.04106071144342e-05 -7.73825912773609e-05
14000 9640 -3978 8.48040371229311e-05 3.54390613976648e-07 -2.64615252092481e-05 -8.05855263471603e-05
14200 9640 -3978 7.63783308472422e-05 7.60391706526207e-08 -3.06173861324787e-05 -6.99206706285477e-05
14200 9440 -3978 7.18026179981923e-05 3.83240548619142e-07 -2.35648844726384e-05 -6.77606366574764e-05
14200 9240 -3978 6.88615119478876e-05 6.96114714707164e-07 -1.76727774515748e-05 -6.65514551997185e-05
14200 9040 -3978 6.68738336334154e-05 8.6442871876352e-07 -1.2744578871876e-05 -6.55078878700733e-05
14200 8840 -3978 6.53858657946156e-05 8.4600755620113e-07 -8.32055285852402e-06 -6.47733738571406e-05
14200 8640 -3978 6.44949232293445e-05 7.1500501360606e-07 -4.05182006419636e-06 -6.43738929033279e-05
14200 8440 -3978 6.44322430362312e-05 8.80641328877573e-07 -1.77355097393956e-07 -6.43200498372317e-05
14200 8240 -3978 6.48330882610972e-05 6.75045189028424e-07 3.70691689792875e-06 -6.47235074341297e-05
14200 8040 -3978 6.57299495138587e-05 4.6974039483257e-07 7.90927369054407e-06 -6.51273643821478e-05
14200 7840 -3978 6.71134832662973e-05 1.59268345298187e-07 1.21122251171619e-05 -6.6204989939928e-05
14200 7640 -3978 6.92263232832036e-05 1.28937050188142e-07 1.66716785728931e-05 -6.72587181627751e-05
14200 7440 -3978 7.25236855889372e-05 -3.67145064516081e-07 2.15028010979295e-05 -6.91860358417034e-05
14200 7240 -3978 7.67212959824082e-05 -5.88215560463141e-07 2.70468055531383e-05 -7.15996148139238e-05
14400 7240 -3978 6.69065203898564e-05 -2.85760361402936e-07 3.00218583345413e-05 -5.97920465767383e-05
14400 7440 -3978 6.31933364431991e-05 -6.15477257206294e-08 2.39161815941334e-05 -5.85627415925264e-05
14400 7640 -3978 6.03990110845712e-05 3.17363084672707e-07 1.81903808414936e-05 -5.7430994451046e-05
14400 7840 -3978 5.85508304200456e-05 3.77102689391904e-07 1.35163349099457e-05 -5.69987206310034e-05
14400 8040 -3978 5.712564212497e-05 7.13231917033681e-07 8.75149512663484e-06 -5.64354043006897e-05
14400 8240 -3978 5.6445518171586e-05 5.0858221037015e-07 4.21365946833976e-06 -5.62765831798315e-05
14400 8440 -3978 5.59772109181488e-05 8.55706836518948e-07 1.38401825066694e-07 -5.60457989871502e-05
14400 8640 -3978 5.6348766060378e-05 8.84778596240722e-07 -4.27806161090848e-06 -5.62039008438587e-05
14400 8840 -3978 5.66178291684156e-05 9.24862467625644e-07 -8.59716186858714e-06 -5.58570534139872e-05
14400 9040 -3978 5.78324313431071e-05 7.08422247450017e-07 -1.32902087401599e-05 -5.61994261592627e-05
14400 9240 -3978 5.96850773906172e-05 8.0208671172295e-07 -1.88099530637264e-05 -5.66378917843103e-05
14400 9440 -3978 6.25149005187531e-05 6.90363629091735e-07 -2.50125469490886e-05 -5.72709678709507e-05
14400 9640 -3978 6.6587506711466e-05 3.41169026952684e-07 -3.2969322361052e-05 -5.77939382046461e-05
14600 9640 -3978 5.66675032381734e-05 1.92389171311333e-07 -3.3707310333848e-05 -4.5564046792686e-05
14600 9440 -3978 5.29248054729177e-05 6.55804581854682e-07 -2.58887553475797e-05 -4.62596325576305e-05
14600 9240 -3978 5.08436792997505e-05 9.25540388913759e-07 -1.98013529926538e-05 -4.6842547044158e-05
14600 9040 -3978 4.90941083969034e-05 1.03562881949802e-06 -1.40388603191823e-05 -4.69062733277678e-05
14600 8840 -3978 4.81735107101289e-05 1.11749422309731e-06 -9.05736594181508e-06 -4.7333638176322e-05
14600 8640 -3978 4.74682081984352e-05 9.90598602842511e-07 -4.56025285460055e-06 -4.72382641285658e-05
14600 8440 -3978 4.75082122939189e-05 1.14192889471815e-06 -1.16891601865063e-08 -4.74707988500595e-05
14600 8240 -3978 4.77833414584905e-05 9.58284431842003e-07 4.12136514659505e-06 -4.74457798600197e-05
14600 8040 -3978 4.82449203754091e-05 8.4228830975826e-07 8.85269013419747e-06 -4.75512206330895e-05
14600 7840 -3978 4.95755214234546e-05 6.57781177665129e-07 1.385494861193e-05 -4.74321925938129e-05
14600 7640 -3978 5.09792014307995e-05 3.04379221757699e-07 1.88065251372755e-05 -4.73793759047985e-05
14600 7440 -3978 5.33250148542108e-05 -8.10065553150707e-08 2.43862776830792e-05 -4.74221478626132e-05
14600 7240 -3978 5.65483120974943e-05 -1.62966004681948e-07 3.13868224099278e-05 -4.69742068573832e-05
14800 7240 -3978 4.64292610121387e-05 1.02678447839025e-07 3.10360908210278e-05 -3.45837636440992e-05
14800 7440 -3978 4.37537193981423e-05 2.21833714365403e-07 2.47107552327216e-05 -3.61442553848028e-05
14800 7640 -3978 4.16844917929711e-05 6.68442910351587e-07 1.89410911351442e-05 -3.71589545011521e-05
14800 7840 -3978 4.04490660104498e-05 6.32054348398015e-07 1.39386640246958e-05 -3.81109315156937e-05
14800 8040 -3978 3.96674220474249e-05 1.16612762814111e-06 9.20726077165455e-06 -3.84843746945262e-05
14800 8240 -3978 3.90938413688718e-05 1.12442929907047e-06 4.75602193013765e-06 -3.87928336039185e-05
14800 8440 -3978 3.87079526826448e-05 1.43270163634588e-06 -1.90651462780806e-08 -3.87392049282789e-05
14800 8640 -3978 3.89161430764954e-05 1.28236359875154e-06 -4.16687715722946e-06 -3.8662470266223e-05
14800 8840 -3978 3.92054551922434e-05 1.31888156663808e-06 -8.60452615749091e-06 -3.82732662260532e-05
14800 9040 -3978 3.99398239267452e-05 1.17574172768354e-06 -1.33349825553596e-05 -3.7629581540823e-05
14800 9240 -3978 4.15009084879726e-05 1.01590616718477e-06 -1.89499926455319e-05 -3.6716047309339e-05
14800 9440 -3978 4.34843100841461e-05 8.79825278224416e-07 -2.50873518586159e-05 -3.55568923950195e-05
14800 9640 -3978 4.67817032477771e-05 4.64808164887472e-07 -3.25560870543122e-05 -3.36832554414868e-05
15000 9640 -3978 3.76674106937701e-05 7.74923120538005e-07 -3.00447878390551e-05 -2.27478073313832e-05
15000 9440 -3978 3.490973696282e-05 9.78915302611768e-07 -2.36989353895187e-05 -2.55436812080443e-05
15000 9240 -3978 3.30946360149328e-05 1.20542590807054e-06 -1.83293397724629e-05 -2.75288427807391e-05
15000 9040 -3978 3.17101227571969e-05 1.54486918760085e-06 -1.2924885334447e-05 -2.89078862853348e-05
15000 8840 -3978 3.08859211982721e-05 1.64535306124981e-06 -8.31171932630241e-06 -2.97496003508568e-05
15000 8640 -3978 3.05690512766746e-05 1.62413799430396e-06 -3.81461927642522e-06 -3.03199075832963e-05
15000 8440 -3978 3.05266529683159e-05 1.69106361500826e-06 3.1642351183109e-08 -3.04929135665297e-05
15000 8240 -3978 3.06411459416022e-05 1.54246153978238e-06 4.32914684037678e-06 -3.02828617915511e-05
15000 8040 -3978 3.12185841513674e-05 1.44177963774746e-06 8.4412384154275e-06 -3.00211052745581e-05
15000 7840 -3978 3.19274908760357e-05 1.26766727098584e-06 1.31026518046856e-05 -2.91803470924497e-05
15000 7640 -3978 3.32125967123509e-05 8.22067911922204e-07 1.78592483364046e-05 -2.77650652229786e-05
15000 7440 -3978 3.47789971502281e-05 5.63810391833613e-07 2.28785735927522e-05 -2.60969946943223e-05
15000 7240 -3978 3.71407765289627e-05 2.01965699522589e-07 2.89260018579662e-05 -2.33475925773382e-05
15200 7240 -3978 2.94428961640264e-05 7.68298114100617e-07 2.60939443930984e-05 -1.36249295733869e-05
15200 7440 -3978 2.71281431711885e-05 1.23918808457802e-06 2.1197762940079e-05 -1.70339833125472e-05
15200 7640 -3978 2.52670015759447e-05 1.39602741884664e-06 1.65915346667171e-05 -1.90050901994109e-05
15200 7840 -3978 2.42765362857277e-05 1.71557875030703e-06 1.24743190798908e-05 -2.07725394889712e-05
15200 8040 -3978 2.34419936179768e-05 1.8101737212146e-06 8.16723068291322e-06 -2.1778188560158e-05
15200 8240 -3978 2.31618815828336e-05 1.89650936930411e-06 4.28835915939999e-06 -2.27906929850578e-05
15200 8440 -3978 2.28370663633796e-05 2.17750213441468e-06 5.08695426689883e-07 -2.28895041272044e-05
15200 8640 -3978 2.30434459393373e-05 2.17526909806657e-06 -3.32526334130671e-06 -2.26982648856938e-05
15200 8840 -3978 2.32368452341599e-05 2.06229671451365e-06 -7.22005982138216e-06 -2.20292941853404e-05
15200 9040 -3978 2.37814201733788e-05 1.92286857697945e-06 -1.14243452735245e-05 -2.09104163199663e-05
15200 9240 -3978 2.51697904625942e-05 1.7009489648226e-06 -1.60932827312499e-05 -1.9109283965081e-05
15200 9440 -3978 2.69729630108505e-05 1.48317258786801e-06 -2.08801140598953e-05 -1.68783241249621e-05
15200 9640 -3978 2.9658735422082e-05 9.01874566669903e-07 -2.64160421974957e-05 -1.34543644860387e-05
15400 9640 -3978 2.34008582304799e-05 1.5655951324934e-06 -2.25386193357408e-05 -5.87365969386883e-06
15400 9440 -3978 2.01738230638062e-05 2.0070222689501e-06 -1.78694674000144e-05 -9.22428682912141e-06
15400 9240 -3978 1.8481492493521e-05 2.4315669722946e-06 -1.39564409013838e-05 -1.17666783016175e-05
15400 9040 -3978 1.72645995945103e-05 2.80181781529154e-06 -1.01223755441606e-05 -1.37599940113723e-05
15400 8840 -3978 1.64012831004957e-05 2.43072025560832e-06 -6.51822296017781e-06 -1.48528265263885e-05
15400 8640 -3978 1.62467991390387e-05 2.57872645341558e-06 -2.9289154408325e-06 -1.57734015639871e-05
15400 8440 -3978 1.62255324483266e-05 2.69340360221759e-06 3.58576582282694e-07 -1.5928074657917e-05
15400 8240 -3978 1.62072202950507e-05 2.60128915640962e-06 3.76036937109893e-06 -1.58349914588034e-05
15400 8040 -3978 1.69721482682857e-05 2.67100808402756e-06 7.24553979141638e-06 -1.51368052698672e-05
15400 7840 -3978 1.80158396796466e-05 2.44927657622065e-06 1.10286970827729e-05 -1.39766587223858e-05
15400 7640 -3978 1.89217340499934e-05 1.97173417162412e-06 1.4573756782338e-05 -1.19058765769005e-05
15400 7440 -3978 2.06531215434654e-05 1.68086442448839e-06 1.83424319438636e-05 -9.5568268308416e-06
15400 7240 -3978 2.33488994301421e-05 1.49083648483975e-06 2.26422210969031e-05 -5.87568430032116e-06
15600 7240 -3978 1.88884493037887e-05 2.043721164011e-06 1.87757870778442e-05 1.35623706124534e-07
15600 7440 -3978 1.62781820804466e-05 2.54499897614824e-06 1.57739544436336e-05 -3.15898693271447e-06
15600 7640 -3978 1.40915307389646e-05 3.01952812147647e-06 1.25109184589237e-05 -5.73851965274662e-06
15600 7840 -3978 1.25686691749965e-05 2.96941988308026e-06 9.60656403657049e-06 -7.49562887055799e-06
15600 8040 -3978 1.16727263090843e-05 3.2794344360027e-06 6.83297739410773e-06 -8.88627890124917e-06
15600 8240 -3978 1.09493627070572e-05 3.54572461207863e-06 3.62457470438676e-06 -9.75222875736654e-06
15600 8440 -3978 1.05561541924087e-05 3.47593884242815e-06 7.67642015567844e-07 -1.00969564858824e-05
15600 8640 -3978 1.03956871562171e-05 3.35756822523035e-06 -2.07779113752622e-06 -9.61664343997836e-06
15600 8840 -3978 1.09493433075102e-05 3.3506406187953e-06 -5.25452571851201e-06 -8.93545154482126e-06
15600 9040 -3978 1.16962171916707e-05 3.22093852306716e-06 -8.19090840872377e-06 -7.68610435910523e-06
15600 9240 -3978 1.31002412777394e-05 3.01221492393233e-06 -1.14313869737089e-05 -5.63196925679222e-06
15600 9440 -3978 1.50180367246134e-05 2.83688420678664e-06 -1.44164342656732e-05 -3.36587953262278e-06
15600 9640 -3978 1.81214518477479e-05 2.28341488097067e-06 -1.8025807004422e-05 3.1361099083847e-07
15800 9640 -3978 1.48780304051141e-05 3.01900666502479e-06 -1.38433911539614e-05 4.8657363394741e-06
15800 9440 -3978 1.19673602997796e-05 3.68651715426677e-06 -1.11283671129495e-05 1.80188327865108e-06
15800 9240 -3978 9.88114772228999e-06 3.98781264515128e-06 -9.02162126358599e-06 -6.13533360600741e-07
15800 9040 -3978 8.2146438840343e-06 4.025847849407e-06 -6.64456116501242e-06 -2.69611109851394e-06
15800 8840 -3978 7.07940271051493e-06 4.21530654028174e-06 -4.14979137608316e-06 -3.88951989891939e-06
15800 8640 -3978 6.6652529158399e-06 4.4162256437121e-06 -1.7720936961523e-06 -4.70607873878907e-06
15800 8440 -3978 6.80156911492694e-06 4.5238289051631e-06 8.51854579894279e-07 -4.85360584262526e-06
15800 8240 -3978 7.33995956026557e-06 4.4850946260849e-06 3.11084265688805e-06 -4.78708053985611e-06
15800 8040 -3978 8.25098339188038e-06 4.33400738774799e-06 5.72437050193548e-06 -4.01643265854364e-06
15800 7840 -3978 9.62775419752796e-06 4.11258516748785e-06 8.24271391704679e-06 -2.88988379841066e-06
15800 7640 -3978 1.12076096140328e-05 3.98823818418896e-06 1.05254523875192e-05 -9.33003354297398e-07
15800 7440 -3978 1.33046443669377e-05 3.6076369813527e-06 1.28337142374367e-05 1.22071607037469e-06
15800 7240 -3978 1.59654127514668e-05 3.3071834598959e-06 1.50161250308156e-05 4.47980762436055e-06
16000 7240 -3978 1.46473394142212e-05 4.51127022632863e-06 1.1717272715643e-05 7.40401605889201e-06
16000 7440 -3978 1.24673128952647e-05 4.90743281960022e-06 1.03870730642229e-05 4.8399357291637e-06
16000 7640 -3978 1.03954138382854e-05 5.1359733028803e-06 8.61000895593316e-06 2.74848192281979e-06
16000 7840 -3978 8.69023566283658e-06 5.42211009189487e-06 6.80258422298357e-06 9.04503233479772e-07
16000 8040 -3978 7.6054999774946e-06 5.71328015672043e-06 5.06041446924792e-06 -9.63109472177166e-08
16000 8240 -3978 6.2750361555883e-06 5.44309794466244e-06 3.0147505816858e-06 -6.1861898173629e-07
16000 8440 -3978 5.61304573951877e-06 5.45515769987833e-06 9.59979658780867e-07 -8.94350635880983e-07
16000 8640 -3978 5.76829526350953e-06 5.61174125596881e-06 -1.04494905201136e-06 -8.30464810684134e-07
16000 8840 -3978 6.18328760648716e-06 5.54467586125247e-06 -2.76948697909393e-06 1.02563354479571e-07
16000 9040 -3978 7.11273756815329e-06 5.16654003545409e-06 -4.73150035541039e-06 1.28971808749611e-06
16000 9240 -3978 8.74733611355385e-06 5.03613600843528e-06 -6.50481667462737e-06 2.88586019803915e-06
16000 9440 -3978 1.07264219282155e-05 4.55218979375786e-06 -8.23994592949748e-06 5.04587040562183e-06
16000 9640 -3978 1.32848220685207e-05 4.21811762923608e-06 -9.68484965898097e-06 8.055908896029e-06
16200 9640 -3978 1.31362676575829e-05 5.22316092019901e-06 -6.2613211190328e-06 1.02731893900782e-05
16200 9440 -3978 1.09276357343262e-05 5.63828326761723e-06 -5.50732341827825e-06 7.64162637386471e-06
16200 9240 -3978 9.43543402611582e-06 6.07847618800588e-06 -4.50146570149809e-06 5.71297951019369e-06
16200 9040 -3978 8.1995507809946e-06 6.51898156711832e-06 -3.08793935776703e-06 3.90154792485464e-06
16200 8840 -3978 7.49749687441031e-06 6.61839599022642e-06 -1.82813601091038e-06 2.97431090758255e-06
16200 8640 -3978 7.17972094370776e-06 6.77580271242187e-06 -3.8113364108176e-07 2.34342219403334e-06
16200 8440 -3978 7.04535682279836e-06 6.68742952216417e-06 1.07158983451427e-06 1.9284012077992e-06
16200 8240 -3978 7.56923842260576e-06 6.78533210372553e-06 2.43721417886627e-06 2.10480780752073e-06
16200 8040 -3978 8.36461976705416e-06 6.7713127261959e-06 3.99065045750467e-06 2.77499321745563e-06
16200 7840 -3978 9.5406198957835e-06 6.72997254459188e-06 5.5824943787884e-06 3.88651257092715e-06
16200 7640 -3978 1.10303443691155e-05 6.7421465520747e-06 6.9605066711083e-06 5.19403497391613e-06
16200 7440 -3978 1.24577501689866e-05 6.52021003887057e-06 8.00258041732013e-06 6.97431767173111e-06
16200 7240 -3978 1.44916014323899e-05 6.22136556170881e-06 9.04303515329957e-06 9.3175848228857e-06
16400 7240 -3978 1.49116004096424e-05 8.34269293583929e-06 6.65125036751851e-06 1.05183991743252e-05
16400 7440 -3978 1.32892593874781e-05 8.16218978632241e-06 6.01958059053868e-06 8.70807293057442e-06
16400 7640 -3978 1.20878043882981e-05 8.31963138282299e-06 5.20047687389888e-06 7.2303390596062e-06
16400 7840 -3978 1.10803278974253e-05 8.29529069643468e-06 4.39372948941309e-06 5.83556626411155e-06
16400 8040 -3978 1.03232069048054e-05 8.26287277322263e-06 3.46180831974198e-06 5.1292706587119e-06
16400 8240 -3978 9.71373194888933e-06 8.37246045190841e-06 2.28463214296062e-06 4.34571034950204e-06
16400 8440 -3978 9.35266465094976e-06 8.3114672517404e-06 1.21220261431426e-06 4.09726139088161e-06
16400 8640 -3978 9.30806529410072e-06 8.17918080184608e-06 1.53284223131777e-07 4.50350779626751e-06
16400 8840 -3978 9.37788076988307e-06 7.84608870744705e-06 -7.92017812440463e-07 5.07882525329478e-06
16400 9040 -3978 9.82454692815242e-06 7.73418856691569e-06 -1.3641089571347e-06 5.87326007662341e-06
16400 9240 -3978 1.08018852466308e-05 7.59845655784011e-06 -2.4402251627198e-06 7.25693838344887e-06
16400 9440 -3978 1.18924963479019e-05 7.11960639012977e-06 -3.07467570847075e-06 8.89882783778012e-06
16400 9640 -3978 1.3593314863779e-05 6.52146395063028e-06 -3.55863878593664e-06 1.13510280773044e-05
16600 9640 -3978 1.42605182252147e-05 8.21272875647992e-06 -1.12779465579433e-06 1.15901982169598e-05
16600 9440 -3978 1.31486636905235e-05 8.56720249820501e-06 -9.98659538516222e-07 9.92436785530299e-06
16600 9240 -3978 1.23661655928373e-05 8.87272615823895e-06 -7.72491781551935e-07 8.46166751068085e-06
16600 9040 -3978 1.15865208744883e-05 9.09602153580636e-06 -4.68619280299208e-07 7.12613086216152e-06
16600 8840 -3978 1.13004217891112e-05 9.33638679515571e-06 3.92509813357265e-08 6.26737335510552e-06
16600 8640 -3978 1.11892137909412e-05 9.54167554806918e-06 7.52800111601573e-07 5.963167227339e-06
16600 8440 -3978 1.12380232487627e-05 9.70837939530611e-06 1.33669468574044e-06 5.51242862525396e-06
16600 8240 -3978 1.14639205282462e-05 9.81872420012951e-06 2.1838637231649e-06 5.49953345279209e-06
16600 8040 -3978 1.20610102325759e-05 9.93335267528892e-06 2.88167150268055e-06 6.16349751967937e-06
16600 7840 -3978 1.26445687507294e-05 1.00065671596676e-05 3.3726396530983e-06 6.84728278080002e-06
16600 7640 -3978 1.34835111627741e-05 9.97774142026901e-06 3.82255450508092e-06 8.2018210045062e-06
16600 7440 -3978 1.44744572752142e-05 1.02196346782148e-05 4.43007144669537e-06 9.19690235704184e-06
16600 7240 -3978 1.55848042500071e-05 1.01339783463627e-05 4.58648503071163e-06 1.08506502434611e-05
16800 7240 -3978 1.67811875215533e-05 1.21488813217729e-05 2.92852594085434e-06 1.1199851475656e-05
16800 7440 -3978 1.55719145507786e-05 1.20178939495236e-05 2.9206577909863e-06 9.59819377027452e-06
16800 7640 -3978 1.4876753085236e-05 1.19302009362727e-05 2.48330424780943e-06 8.50283729936928e-06
16800 7840 -3978 1.40901674056523e-05 1.18479871060699e-05 2.27388361000521e-06 7.42245518835261e-06
16800 8040 -3978 1.37771003159777e-05 1.17367460466921e-05 2.01011268275488e-06 6.93676835717634e-06
16800 8240 -3978 1.333626773341e-05 1.156694191508e-05 2.00583507705573e-06 6.49644615501165e-06
16800 8440 -3978 1.31278255785603e-05 1.13358116541058e-05 1.64833965416324e-06 6.41265584202483e-06
16800 8640 -3978 1.29751974075237e-05 1.12089780047536e-05 1.35985832185179e-06 6.39280327456072e-06
16800 8840 -3978 1.3103867960771e-05 1.09157069008797e-05 1.17488720039546e-06 6.98871377110481e-06
16800 9040 -3978 1.34045559427555e-05 1.08752636071295e-05 9.4458965478043e-07 7.80123653355986e-06
16800 9240 -3978 1.37362625051459e-05 1.06858631996438e-05 6.78644874557904e-07 8.65126210544258e-06
16800 9440 -3978 1.43194116862684e-05 1.0135659577325e-05 7.96239495655755e-07 1.00836480818689e-05
16800 9640 -3978 1.52091903009065e-05 1.00173944942653e-05 9.21048899961534e-07 1.12829839494079e-05
17000 9640 -3978 1.62376298583775e-05 1.17948230076581e-05 2.7102514776052e-06 1.05732947178185e-05
17000 9440 -3978 1.55384221748222e-05 1.1950738273561e-05 2.14640539832067e-06 9.58309111651033e-06
17000 9240 -3978 1.51365134939964e-05 1.22366700321436e-05 2.05224599482972e-06 8.51030631829053e-06
17000 9040 -3978 1.47324988577144e-05 1.25498844850808e-05 1.70693396341812e-06 7.49418694339693e-06
17000 8840 -3978 1.45619857143033e-05 1.2661451337859e-05 1.90050030876591e-06 6.93737533502281e-06
17000 8640 -3978 1.44968999743012e-05 1.28307123444974e-05 1.61089041246305e-06 6.52377494843677e-06
17000 8440 -3978 1.46807028102784e-05 1.3102599972859e-05 1.52847078701871e-06 6.40473640989512e-06
17000 8240 -3978 1.48005660434563e-05 1.31940494477749e-05 1.62219139458466e-06 6.62972659710795e-06
17000 8040 -3978 1.51490899029727e-05 1.34808197226375e-05 1.65530463287723e-06 6.78473971970379e-06
17000 7840 -3978 1.56747826367403e-05 1.36072020940483e-05 1.7997063788971e-06 7.4635029360652e-06
17000 7640 -3978 1.62388469202953e-05 1.38846834786236e-05 1.59579959051916e-06 8.26856321655214e-06
17000 7440 -3978 1.67885447096656e-05 1.38402071483433e-05 1.62766473256488e-06 9.28945683687925e-06
17000 7240 -3978 1.77900203893634e-05 1.41202437095344e-05 1.41516104427683e-06 1.07180524095893e-05
17200 7240 -3978 1.87624720716546e-05 1.59760311562568e-05 1.24624581131911e-07 9.81321844924242e-06
17200 7440 -3978 1.81698444104901e-05 1.58348415791988e-05 3.10956022235587e-07 8.97680842224509e-06
17200 7640 -3978 1.75938221858574e-05 1.57478645257652e-05 4.38525165509418e-07 7.83294565696269e-06
17200 7840 -3978 1.69076185288531e-05 1.52853287234902e-05 9.54910271893823e-07 7.29211030341685e-06
17200 8040 -3978 1.67269347192426e-05 1.53621359914541e-05 1.28192061222853e-06 6.62749829585664e-06
17200 8240 -3978 1.638287053718e-05 1.50637707561255e-05 1.67058381544553e-06 6.17960022110492e-06
17200 8440 -3978 1.61668272918755e-05 1.48200726546347e-05 1.76923959876876e-06 6.07940242206678e-06
17200 8640 -3978 1.60986980751139e-05 1.46999669373035e-05 1.96380017703586e-06 6.26279016258195e-06
17200 8840 -3978 1.61015019101217e-05 1.4488141335547e-05 2.27335528853291e-06 6.45701310969889e-06
17200 9040 -3978 1.61636305505907e-05 1.41571845673025e-05 2.6310950582847e-06 7.2195092830807e-06
17200 9240 -3978 1.64544579353834e-05 1.40382569376379e-05 2.94563603121514e-06 8.02543980162591e-06
17200 9440 -3978 1.66615475138105e-05 1.37836555000395e-05 3.29688870468817e-06 8.68971486948431e-06
17200 9640 -3978 1.71856324576306e-05 1.3453336827457e-05 3.98330916301347e-06 1.00635167090222e-05
17400 9640 -3978 1.83914952186922e-05 1.54462558384985e-05 4.94572110276204e-06 8.67180025856942e-06
17400 9440 -3978 1.80746798587733e-05 1.56858646403998e-05 4.44625164740137e-06 7.7731726039201e-06
17400 9240 -3978 1.79372241059999e-05 1.59766198340803e-05 3.97514150763163e-06 7.14067496359348e-06
17400 9040 -3978 1.76113494368984e-05 1.60359469652176e-05 3.41985151109111e-06 6.49505347991362e-06
17400 8840 -3978 1.75504276051013e-05 1.62456713430583e-05 2.97618552145286e-06 6.09653432527557e-06
17400 8640 -3978 1.7665369593681e-05 1.64945564605296e-05 2.51416513923323e-06 5.66331304222694e-06
17400 8440 -3978 1.77815648434391e-05 1.678130620718e-05 1.89036317792124e-06 5.56761504756287e-06
17400 8240 -3978 1.78084518952792e-05 1.68704449497163e-05 1.4343325079426e-06 5.64830640750006e-06
17400 8040 -3978 1.8238795445437e-05 1.71820930764079e-05 9.16230719341911e-07 5.93185454886407e-06
17400 7840 -3978 1.86710165275626e-05 1.74989641234279e-05 4.7861242711042e-07 6.57454701466486e-06
17400 7640 -3978 1.9039850018296e-05 1.76881856508553e-05 1.09232602791053e-07 7.03984093666077e-06
17400 7440 -3978 1.94709753341564e-05 1.78277995027602e-05 -4.87434565957301e-07 7.97219634614885e-06
17400 7240 -3978 1.98747805458954e-05 1.77795883584768e-05 -1.00860563561582e-06 8.8247296968475e-06
17600 7240 -3978 2.13224162716819e-05 1.97673550136387e-05 -2.28109107096589e-06 7.72784825786948e-06
17600 7440 -3978 2.09126477104729e-05 1.97205242291093e-05 -1.56006752870053e-06 6.73800068721175e-06
17600 7640 -3978 2.03734258685437e-05 1.94958222992718e-05 -6.85318171052131e-07 6.00056475400925e-06
17600 7840 -3978 1.99104793256687e-05 1.91615012064576e-05 5.30188283664757e-08 5.37603637273423e-06
17600 8040 -3978 1.96097350423428e-05 1.88674310185015e-05 5.10709434227465e-07 5.3198619405739e-06
17600 8240 -3978 1.94348852636553e-05 1.87909700199962e-05 1.18184137491789e-06 4.88348988699727e-06
17600 8440 -3978 1.9062374825237e-05 1.83710789605975e-05 1.89371148968894e-06 4.59236959799091e-06
17600 8640 -3978 1.92328643728488e-05 1.84301005005836e-05 2.6041155957837e-06 4.8914303528145e-06
17600 8840 -3978 1.91572290371116e-05 1.81520812250674e-05 3.2211080532179e-06 5.22316499333829e-06
17600 9040 -3978 1.92621062156999e-05 1.80351589210331e-05 3.82620416703867e-06 5.57870417123195e-06
17600 9240 -3978 1.94568616192806e-05 1.79641327783465e-05 4.50144783966243e-06 6.08016737480648e-06
17600 9440 -3978 1.94134689345308e-05 1.74298645406961e-05 5.45745866629295e-06 6.71665450837463e-06
17600 9640 -3978 1.98969644223539e-05 1.73818219490349e-05 6.03816107055172e-06 7.61205942835659e-06
17800 9640 -3978 2.12397024414006e-05 1.91298415064812e-05 7.06750563858077e-06 6.15133019490167e-06
17800 9440 -3978 2.09533594671015e-05 1.93723679482937e-05 6.10923821572214e-06 5.14119066530839e-06
17800 9240 -3978 2.0876902732708e-05 1.96025181040168e-05 5.13349758414552e-06 4.94050833373331e-06
17800 9040 -3978 2.0634805866259e-05 1.96670219600201e-05 4.49640215653926e-06 4.26945641933708e-06
17800 8840 -3978 2.05933086917982e-05 1.98237919248641e-05 3.83816486236174e-06 4.12909647455672e-06
17800 8640 -3978 2.08071038546697e-05 2.02230762690306e-05 2.85692208682303e-06 3.83520655849134e-06
17800 8440 -3978 2.09345352202782e-05 2.04785869307816e-05 2.11958951587803e-06 3.69197362917839e-06
17800 8240 -3978 2.09542421450794e-05 2.05527526289225e-05 1.34287382606908e-06 3.81469929177547e-06
17800 8040 -3978 2.11644601184663e-05 2.08045250102878e-05 4.54242045931096e-07 3.86002271575853e-06
17800 7840 -3978 2.14612244208937e-05 2.10428410507739e-05 -5.69587204727668e-07 4.08057085471228e-06
17800 7640 -3978 2.18062342664778e-05 2.12592264860868e-05 -1.27323648779384e-06 4.81282500782982e-06
17800 7440 -3978 2.22978556361124e-05 2.15030053295195e-05 -2.25532196877521e-06 5.51777339028195e-06
17800 7240 -3978 2.29689334651221e-05 2.18740389309824e-05 -3.23546408145921e-06 6.27003338281065e-06
18000 7240 -3978 2.46613903789967e-05 2.39096387587488e-05 -3.93932805737131e-06 4.66075983038172e-06
18000 7440 -3978 2.40735587395831e-05 2.35359159335494e-05 -3.04603446808323e-06 4.03962443505589e-06
18000 7640 -3978 2.36052688449831e-05 2.32464388944209e-05 -1.82666046241252e-06 3.60917522473028e-06
18000 7840 -3978 2.32119098281829e-05 2.29828550294042e-05 -8.02500677462376e-07 3.10152937713428e-06
18000 8040 -3978 2.2792811218965e-05 2.26334814354777e-05 8.40778277924983e-08 2.81881250113474e-06
18000 8240 -3978 2.24312247217543e-05 2.22554074898362e-05 1.20768420908007e-06 2.57539396103312e-06
18000 8440 -3978 2.22600060796781e-05 2.20044511146843e-05 1.89871566845431e-06 2.77612690976821e-06
18000 8640 -3978 2.21255440445637e-05 2.17526125237346e-05 2.99817595179775e-06 2.48949813889249e-06
18000 8840 -3978 2.21342774830632e-05 2.16284451633692e-05 3.84029632050078e-06 2.84958653207286e-06
18000 9040 -3978 2.22519734049654e-05 2.14928700178862e-05 4.8739448254928e-06 2.98278265213594e-06
18000 9240 -3978 2.24062465687757e-05 2.1356525670737e-05 5.86444411892444e-06 3.49773763812846e-06
18000 9440 -3978 2.27025648218821e-05 2.12918392457068e-05 6.74930974747986e-06 3.89161061708001e-06
18000 9640 -3978 2.30371184644839e-05 2.12123065143824e-05 7.83583685476333e-06 4.39103991747834e-06
18200 9640 -3978 2.4698137022785e-05 2.30639522820711e-05 8.39730861317367e-06 2.81069964476046e-06
18200 9440 -3978 2.43447855386957e-05 2.31122030690312e-05 7.25160565692932e-06 2.55877326444897e-06
18200 9240 -3978 2.41231449102722e-05 2.31930854320526e-05 6.29745163302869e-06 2.13485243635932e-06
18200 9040 -3978 2.41722021346535e-05 2.35270054750144e-05 5.29766072379425e-06 1.78960643784103e-06
18200 8840 -3978 2.39299605615887e-05 2.35256305523217e-05 4.11031240958255e-06 1.51428250022582e-06
18200 8640 -3978 2.40814957396995e-05 2.38616003990173e-05 3.15772947325604e-06 1.45213878267259e-06
18200 8440 -3978 2.39969351798184e-05 2.38460553735495e-05 2.29035664345793e-06 1.37511126650861e-06
18200 8240 -3978 2.41792246399245e-05 2.41152118444443e-05 1.05735800046477e-06 1.39510468811568e-06
18200 8040 -3978 2.45713419554273e-05 2.45115736499429e-05 2.30607737248647e-08 1.64857724077251e-06
18200 7840 -3978 2.50090329703753e-05 2.4915024459362e-05 -9.84546445322849e-07 1.9309931981586e-06
18200 7640 -3978 2.52496616532406e-05 2.50622349157929e-05 -2.24137600972881e-06 2.09905412311127e-06
18200 7440 -3978 2.56502453028956e-05 2.52958298325539e-05 -3.41375954722025e-06 2.74288481994154e-06
18200 7240 -3978 2.6093205825156e-05 2.54546333737671e-05 -4.74357428163057e-06 3.29655224728231e-06
18400 7240 -3978 2.80532275411457e-05 2.74515056274831e-05 -5.49056809348985e-06 1.50499873820809e-06
18400 7440 -3978 2.74652932495467e-05 2.71495131962001e-05 -4.01411320333136e-06 1.05059052232446e-06
18400 7640 -3978 2.70517685730906e-05 2.69145206548274e-05 -2.6462449947353e-06 6.38475212589355e-07
18400 7840 -3978 2.64896662826883e-05 2.64177968762815e-05 -1.3379382855303e-06 2.49258021964124e-07
18400 8040 -3978 2.6334358674775e-05 2.6333479270339e-05 -1.53433918763767e-07 2.66258550509519e-07
18400 8240 -3978 2.6163379902925e-05 2.61461360529065e-05 9.27631492362707e-07 2.10631549296522e-07
18400 8440 -3978 2.59461565015874e-05 2.5841235794127e-05 2.32804445184502e-06 6.64566943796672e-08
18400 8640 -3978 2.56590252595221e-05 2.5445358838886e-05 3.29416064195539e-06 2.97358750522335e-07
18400 8840 -3978 2.58823337595494e-05 2.54801089353859e-05 4.56013749708654e-06 4.36585197077875e-07
18400 9040 -3978 2.56245629804569e-05 2.50354755818844e-05 5.37801292422228e-06 5.52917096953934e-07
18400 9240 -3978 2.60456003461832e-05 2.51609367318451e-05 6.67068249639124e-06 7.75672335209947e-07
18400 9440 -3978 2.61804091808844e-05 2.50223555713892e-05 7.62219041446224e-06 9.80317376113817e-07
18400 9640 -3978 2.67293378443962e-05 2.5189516004175e-05 8.86145745031536e-06 1.19178728451607e-06
18600 9640 -3978 2.85100425462372e-05 2.7054378721863e-05 8.96666602790356e-06 -1.74228885904085e-07
18600 9440 -3978 2.80063600579207e-05 2.68931778520346e-05 8.11026636790484e-06 -1.65365676577494e-07
18600 9240 -3978 2.78146362785424e-05 2.69141885489225e-05 6.93620960367843e-06 -4.24086328591329e-07
18600 9040 -3978 2.74849682337454e-05 2.68491840772331e-05 5.83463486772962e-06 -6.8091963662846e-07
18600 8840 -3978 2.75427664403122e-05 2.71413382440806e-05 4.64096265204717e-06 -7.5461866868045e-07
18600 8640 -3978 2.75541907447907e-05 2.73151985965669e-05 3.53195061087899e-06 -7.99173393408182e-07
18600 8440 -3978 2.76891881936124e-05 2.7574895016849e-05 2.40257991573162e-06 -9.42447059800543e-07
18600 8240 -3978 2.78643421863153e-05 2.78247166313231e-05 1.1944173606953e-06 -1.10740216231261e-06
18600 8040 -3978 2.80859023759699e-05 2.80624433457851e-05 -1.75203061449111e-07 -1.24545548766764e-06
18600 7840 -3978 2.83576625911246e-05 2.83137347064912e-05 -1.36897839443918e-06 -8.77711835923492e-07
18600 7640 -3978 2.8738359393357e-05 2.85814208127558e-05 -2.95038136365838e-06 -5.39383680596074e-07
18600 7440 -3978 2.92440839151589e-05 2.8959597311914e-05 -4.47015804820694e-06 -4.96441153201886e-07
18600 7240 -3978 2.97060324842771e-05 2.90845987051725e-05 -5.98793244254193e-06 -2.66748067188019e-08
18800 7240 -3978 3.18787939309356e-05 3.12212849110365e-05 -6.25556215876713e-06 -1.57981390844543e-06
18800 7440 -3978 3.11865224753094e-05 3.0783941142261e-05 -4.61053300107597e-06 -1.9406840026295e-06
18800 7640 -3978 3.08174174812783e-05 3.05814842358232e-05 -3.1291931990836e-06 -2.16660842615966e-06
18800 7840 -3978 3.03874433139618e-05 3.02567516639829e-05 -1.72135549131053e-06 -2.171377229879e-06
18800 8040 -3978 2.98974737147213e-05 2.98147752806544e-05 -3.97069085743169e-07 -2.2519224888747e-06
18800 8240 -3978 2.9491952918145e-05 2.93951167687774e-05 9.68774248336331e-07 -2.28840759289596e-06
18800 8440 -3978 2.95358044357905e-05 2.93747247904539e-05 2.19680314368088e-06 -2.25687919667325e-06
18800 8640 -3978 2.93264605994434e-05 2.90199698992074e-05 3.64814459184527e-06 -1.91909520070112e-06
18800 8840 -3978 2.93779122554467e-05 2.89292838200927e-05 4.69098912808113e-06 -1.99107029485162e-06
18800 9040 -3978 2.92734064647063e-05 2.8572454765439e-05 6.08806563308463e-06 -1.75277266542435e-06
18800 9240 -3978 2.94576331662809e-05 2.8576740514487e-05 7.19368858169764e-06 -1.44218218515221e-06
18800 9440 -3978 2.98611628547161e-05 2.86794588826597e-05 8.20428471826017e-06 -1.37780598830523e-06
18800 9640 -3978 3.03188900446806e-05 2.88248550891876e-05 9.35525530949235e-06 -9.27290082445325e-07
19000 9640 -3978 3.24677922770738e-05 3.09609514325857e-05 9.55616720486432e-06 -2.06317475967489e-06
19000 9440 -3978 3.18278789530112e-05 3.06087605729699e-05 8.43364286795259e-06 -2.43855813442678e-06
19000 9240 -3978 3.13805750060374e-05 3.03837960511446e-05 7.57559960894286e-06 -2.67083852820815e-06
19000 9040 -3978 3.12396311726602e-05 3.05049634054303e-05 6.12250306131318e-06 -2.86917166670173e-06
19000 8840 -3978 3.10995128394256e-05 3.05297702029347e-05 5.02363048982807e-06 -3.23152741589001e-06
19000 8640 -3978 3.11300634707822e-05 3.07600908577442e-05 3.65237087983405e-06 -3.06223866809159e-06
19000 8440 -3978 3.11546264641552e-05 3.08816316872835e-05 2.58614881365793e-06 -3.20115741031623e-06
19000 8240 -3978 3.15102165722523e-05 3.13310125395656e-05 1.24612091656604e-06 -3.27437100007228e-06
19000 8040 -3978 3.16548605586967e-05 3.14807298108935e-05 -3.11410698068357e-07 -3.36064287605404e-06
19000 7840 -3978 3.20583169286294e-05 3.18264896273613e-05 -1.70366609089615e-06 -3.35272313017049e-06
19000 7640 -3978 3.26084843872725e-05 3.22519210726023e-05 -3.38080555963097e-06 -3.36982242603335e-06
19000 7440 -3978 3.30725415196853e-05 3.25483515411615e-05 -4.89835245424183e-06 -3.28158952549711e-06
19000 7240 -3978 3.37268327674817e-05 3.29347054809332e-05 -6.53754173777997e-06 -3.1725339141849e-06
