# amount of points in x direction: 66 (distance of 200 steps)
# amount of points in y direction: 7 (distance of 200 steps)
# abs. coordinates of point 1: P1 (, , ) (offsets not corrected)
# Offsets of the hall probe have already been corrected for all following coordinates.
#
# X (absolute in steps=10um) Y (absolute in steps=10um) Z (absolute in steps=10um) Babs(in T) Bx By Bz
6000 7840 -5978 0.000447931491069076 0.000262109109222889 -4.86797120422125e-05 -0.000359960721731186
6000 8040 -5978 0.000454038374563794 0.000266637152552605 -2.81443323716521e-05 -0.000366268693029881
6000 8240 -5978 0.000458414002070086 0.000269115476727486 -6.90777794783935e-06 -0.000370797133982181
6000 8440 -5978 0.000459589187335494 0.000269689575314522 1.68818852305412e-05 -0.000371859437823296
6000 8640 -5978 0.000458366520616299 0.000269045820653439 4.01862744987011e-05 -0.000369081258237362
6000 8840 -5978 0.0004545906542 0.000266232736885548 6.2984890550375e-05 -0.000363060337781906
6000 9040 -5978 0.000448221854087819 0.000261812890470028 8.43077135533095e-05 -0.0003539810304
6200 9040 -5978 0.0004923417279 0.000293732418298721 9.57962906211615e-05 -0.000383169932067394
6200 8840 -5978 0.000498848747550500 0.000298433547437191 7.30644930303097e-05 -0.000393103279829025
6200 8640 -5978 0.000503800286414076 0.000302222026050091 4.67817419543862e-05 -0.000400359893321991
6200 8440 -5978 0.000505297269982072 0.000303210191667080 2.0753221122548e-05 -0.000403634251832962
6200 8240 -5978 0.000503578181647710 0.000302926606655121 -7.48696181934792e-06 -0.000402248200595379
6200 8040 -5978 0.000498801610521766 0.000299796440541744 -3.32864186540246e-05 -0.000397378444194794
6200 7840 -5978 0.000491157945069815 0.000294520060718060 -5.72824146151543e-05 -0.000388850257992744
6400 7840 -5978 0.000540787501918958 0.000332865674793720 -6.67878428995609e-05 -0.000420868196845055
6400 8040 -5978 0.000549771144348018 0.000338597569644451 -3.98087264448404e-05 -0.000431428954720497
6400 8240 -5978 0.000555953615794582 0.000342914796411991 -1.11101112840697e-05 -0.000437619086980820
6400 8440 -5978 0.000558369922348745 0.000344319478452206 2.05491133406758e-05 -0.000439210071682930
6400 8640 -5978 0.000557054726926256 0.000342898621499538 5.1254025824368e-05 -0.000436006605982780
6400 8840 -5978 0.000551658153568948 0.000338819005191326 8.13567609935999e-05 -0.000427679175972939
6400 9040 -5978 0.000542968300597082 0.000332239987850189 0.000109594787716866 -0.000415350988984108
6600 9040 -5978 0.000600815989788878 0.000378000096023083 0.000126010711550713 -0.000449560779571533
6600 8840 -5978 0.000610128245293416 0.000385189020514488 9.53954185694456e-05 -0.0004633174839
6600 8640 -5978 0.000616794771776607 0.000389891004443169 6.04141431897879e-05 -0.0004741001228
6600 8440 -5978 0.0006185955663 0.0003919461537 2.54095260314644e-05 -0.000477771200656891
6600 8240 -5978 0.000616168885536169 0.0003909731208 -1.251319588162e-05 -0.000476007112383842
6600 8040 -5978 0.000608467486310458 0.000385741966545582 -4.70841010287404e-05 -0.000468309775829315
6600 7840 -5978 0.000597508923443774 0.000378173509 -7.92051326781511e-05 -0.000455916069388390
6800 7840 -5978 0.0006630316459 0.000432190945982933 -9.30251368284226e-05 -0.000494068669080734
6800 8040 -5978 0.000676333422269201 0.000441985081672668 -5.63745611310005e-05 -0.000508807107210159
6800 8240 -5978 0.000685518071932778 0.000448264409422874 -1.76556969694793e-05 -0.0005184140495
6800 8440 -5978 0.0006894433975 0.0004506112703 2.51254335381091e-05 -0.0005211622436
6800 8640 -5978 0.000687750988448207 0.000448433308482170 6.6757236585021e-05 -0.0005170973289
6800 8840 -5978 0.000680384521887721 0.000442623253464699 0.000107459095835686 -0.000505430802226067
6800 9040 -5978 0.000668026896854101 0.000433053464174271 0.000144989785522223 -0.000487802686572075
7000 9040 -5978 0.000745839783215522 0.0004992387067 0.000168619876176119 -0.000527997841358185
7000 8840 -5978 0.000759305284023687 0.0005099257934 0.000127259324252605 -0.0005480073297
7000 8640 -5978 0.000768773564562353 0.000517937354564667 7.95431821793318e-05 -0.000562518064141273
7000 8440 -5978 0.000770781158511876 0.000519892407417297 3.1263775318861e-05 -0.000568122016429901
7000 8240 -5978 0.000766607816547959 0.000517693404197693 -2.02055073454976e-05 -0.000565042317986489
7000 8040 -5978 0.0007553358047 0.000510210425257683 -6.76650644242763e-05 -0.000552930252075195
7000 7840 -5978 0.0007388367633 0.000497409268498421 -0.000111055245339870 -0.000535040794610977
7200 7840 -5978 0.000827615382597501 0.0005766348381 -0.000131877276867628 -0.000578946535348892
7200 8040 -5978 0.000847802030979867 0.000592640119314194 -8.16465627849102e-05 -0.000600722184538841
7200 8240 -5978 0.000861866290999707 0.000602758479595184 -2.83293798565865e-05 -0.000615321586370468
7200 8440 -5978 0.000867870291980178 0.000606350187778473 3.09691447727382e-05 -0.000620229099512100
7200 8640 -5978 0.000865757539111315 0.000603260456681252 8.84228728711605e-05 -0.000614563265323639
7200 8840 -5978 0.000854703743612073 0.000593975269794464 0.000144743702322245 -0.000597502632141113
7200 9040 -5978 0.0008373587219 0.000579672211885452 0.000196264167070389 -0.000571515645146370
7400 9040 -5978 0.000944774279595388 0.000677025294780731 0.000230190944612026 -0.000617458341121674
7400 8840 -5978 0.000964550813597396 0.000693989535331726 0.000173300232976675 -0.000647173169255257
7400 8640 -5978 0.000978137375040841 0.000706065522074699 0.000106685407176614 -0.000668599939584732
7400 8440 -5978 0.000981023034836508 0.000709629814267158 3.92576383203268e-05 -0.000676232622265816
7400 8240 -5978 0.000974084757639900 0.000705679120779037 -3.36071842610836e-05 -0.000670584604263306
7400 8040 -5978 0.000956748379847814 0.000693027067542076 -9.93357159644366e-05 -0.000652063063859940
7400 7840 -5978 0.000932003673298035 0.000673327513217926 -0.000159077353417873 -0.000624450073719025
7600 7840 -5978 0.00105666333822332 0.000791654011011124 -0.000190921145796776 -0.000673400657057762
7600 8040 -5978 0.00108701528754477 0.000816372107744217 -0.000121159313768148 -0.000707431436777115
7600 8240 -5978 0.00110906526669945 0.000833240999937057 -4.55228977799416e-05 -0.000730547427415848
7600 8440 -5978 0.00111868352778763 0.000839090969562531 3.80866345614195e-05 -0.000738832896947861
7600 8640 -5978 0.00111621738918935 0.000835452924489975 0.000119751285582781 -0.000730418425321579
7600 8840 -5978 0.00110043406207471 0.000820963368415832 0.000199143913656473 -0.000705264072895050
7600 9040 -5978 0.00107443518204037 0.000797890909194947 0.0002704678837 -0.000666848020076752
7800 9040 -5978 0.00122996233234475 0.000946717311620712 0.000321535263359547 -0.000716211120367050
7800 8840 -5978 0.0012596648954 0.000973880882263184 0.000241153327941895 -0.0007617521367
7800 8640 -5978 0.0012799031858 0.000993211896657944 0.000146564080655575 -0.000793857327222824
7800 8440 -5978 0.00128348862607968 0.000998020678520203 4.97802698910236e-05 -0.000805416912794113
7800 8240 -5978 0.00127229725351873 0.000991368800163269 -5.37601114064455e-05 -0.000795636885643005
7800 8040 -5978 0.00124521677182336 0.000970494976282120 -0.0001483774183 -0.000766003970980644
7800 7840 -5978 0.00120644341176936 0.000937803470849991 -0.000233584292650223 -0.000721970710515976
8000 7840 -5978 0.00139078319062864 0.00112243188524246 -0.000284464344561100 -0.000770376377820969
8000 8040 -5978 0.00143861713216506 0.00116368545365334 -0.000183675609052181 -0.000825588581562042
8000 8240 -5978 0.00147330534948605 0.00119147819018364 -7.39587176442146e-05 -0.000863407209873199
8000 8440 -5978 0.00148921898884052 0.00120204006218910 4.80836036801338e-05 -0.0008779127736
8000 8640 -5978 0.00148568402744742 0.00119586279153824 0.000166887950837612 -0.000865726951122284
8000 8840 -5978 0.00146174180238590 0.00117238201189041 0.000281700613498688 -0.000826175346136093
8000 9040 -5978 0.00142149635297990 0.00113430234575272 0.0003842492733 -0.000765743146181106
8200 9040 -5978 0.00166041605751218 0.00137093221902847 0.000464805764198303 -0.000813473477363587
8200 8840 -5978 0.00170728371035237 0.00141660923266411 0.000347493989646435 -0.000887369026184082
8200 8640 -5978 0.00173844407594306 0.00144746780371666 0.000208097644031048 -0.000939948242187500
8200 8440 -5978 0.00174375029319647 0.00145612075734138 6.48358094543219e-05 -0.0009571810956
8200 8240 -5978 0.00172546791591044 0.00144460105395317 -8.89868777543306e-05 -0.000939337832689285
8200 8040 -5978 0.00168234452223709 0.00140991725969315 -0.000228275315225124 -0.0008889920094
8200 7840 -5978 0.00162028942194964 0.0013547503159 -0.000353487733721733 -0.000815516569852829
8400 7840 -5978 0.00192107599237928 0.00165964759826660 -0.000438680346965790 -0.000862221176862717
8400 8040 -5978 0.00199811645239482 0.00172950560331345 -0.0002888501864 -0.0009580872128
8400 8240 -5978 0.00205404842512823 0.00177602841472626 -0.000123582470476627 -0.00102440885639191
8400 8440 -5978 0.0020799976246 0.00179367859125137 6.11563298255205e-05 -0.00105136441493034
8400 8640 -5978 0.00207494369167389 0.00178383027982712 0.000241312627196312 -0.00103198330664635
8400 8840 -5978 0.00203758986801494 0.00174581791639328 0.000414457582473755 -0.000965636889219284
8400 9040 -5978 0.00197444532919428 0.00168264504098892 0.000567122037053108 -0.000863608256578445
8600 9040 -5978 0.00239403047534254 0.00209561969184875 0.000704721204042435 -0.000918220043659210
8600 8840 -5978 0.00246662277442160 0.00216953008937836 0.000524172323465347 -0.00105002272844315
8600 8640 -5978 0.00251498018096322 0.00221964588499069 0.000310256383955479 -0.00114094064426422
8600 8440 -5978 0.00252302018433547 0.00223335729837417 8.74414848089218e-05 -0.00117036682176590
8600 8240 -5978 0.00249437095547851 0.00221501186275482 -0.000151015986025333 -0.00113711663889885
8600 8040 -5978 0.0024255648566 0.00215800317525864 -0.000366631827354431 -0.00104497285723686
8600 7840 -5978 0.00232584321876974 0.00206625811767578 -0.000559996761798859 -0.000909182743549347
8800 7840 -5978 0.00290281973383002 0.00263079563474655 -0.000716184572577476 -0.000996311817884445
8800 8040 -5978 0.00302414391166324 0.00274383530092239 -0.000475176756620407 -0.0011794957025
8800 8240 -5978 0.00311003518295168 0.00281559908008575 -0.000211780641734600 -0.00130379048132896
8800 8440 -5978 0.00314809534523848 0.00284091176986694 8.15248430371285e-05 -0.00135387664556503
8800 8640 -5978 0.00314135924458919 0.00282627206373215 0.000368610946834087 -0.00132056013536453
8800 8840 -5978 0.00308533427772888 0.00276775064182282 0.000644239771962166 -0.00120141290307045
8800 9040 -5978 0.00298903385067239 0.00266770194101334 0.000889700661420822 -0.00101321258378029
9000 9040 -5978 0.00386066691518863 0.00347422014522553 0.00114785432171822 -0.00123164350986481
9000 8840 -5978 0.00395256283742465 0.00357147543811798 0.000842557356119156 -0.00146861566662788
9000 8640 -5978 0.00401534444246803 0.00363729986381531 0.000486689190983772 -0.00162998173761368
9000 8440 -5978 0.00402538042267464 0.00365617967319489 0.000124288543641567 -0.0016792232809
9000 8240 -5978 0.0039911496623 0.00363749997329712 -0.000262682974994183 -0.00162137818717957
9000 8040 -5978 0.00390115444856245 0.00356627402877808 -0.000617760526418686 -0.00145560659456253
9000 7840 -5978 0.00376495079845050 0.00344100253391266 -0.000943297753334045 -0.0012017999947
9200 7840 -5978 0.00502429700854436 0.00456362771701813 -0.00122618200373650 -0.0017065504527
9200 8040 -5978 0.00514035944008296 0.00466686487865448 -0.000805410720229149 -0.00199864548254013
9200 8240 -5978 0.00522493352774856 0.00472889745044708 -0.000365553471684456 -0.00219189164829254
9200 8440 -5978 0.00525915782095700 0.00474493419075012 0.000116958323270083 -0.00226520261001587
9200 8640 -5978 0.00525263591644765 0.00472700105476379 0.000588717967748642 -0.00221386640453339
9200 8840 -5978 0.00520082149244607 0.00467050349235535 0.00105282662463188 -0.00203137820768356
9200 9040 -5978 0.00511524237595863 0.00457620990085602 0.00148421523499489 -0.00173829545497894
9400 9040 -5978 0.00666745285917992 0.0058608947668 0.00188858659887314 -0.00255665167188644
9400 8840 -5978 0.00671854477311440 0.00592503675842285 0.00135849143695831 -0.0028612881751
9400 8640 -5978 0.0067630189338 0.00597528204059601 0.000771695532798767 -0.00307229651212692
9400 8440 -5978 0.00676863490127088 0.00599384711074829 0.000185626462519169 -0.00313906961631775
9400 8240 -5978 0.0067486363664 0.00599445496749878 -0.000436682204723358 -0.00306941900444031
9400 8040 -5978 0.0066825422102 0.00595483042812347 -0.00101716271615028 -0.0028569162302
9400 7840 -5978 0.00658783622154457 0.00587516168308258 -0.00157168829917908 -0.00253253087234497
9600 7840 -5978 0.00833118548826655 0.00725839954376221 -0.00192927044963837 -0.00360599395561218
9600 8040 -5978 0.00845610777162273 0.0073552274475 -0.00125704561281204 -0.00397841882324219
9600 8240 -5978 0.00854660132202645 0.00740612972831726 -0.000574299523830414 -0.00422644891357422
9600 8440 -5978 0.00857903909588494 0.00741076903915405 0.000171813526123762 -0.00431887994003296
9600 8640 -5978 0.00857078386403539 0.00738797657203674 0.000903444720268250 -0.00424982872772217
9600 8840 -5978 0.00851840073884420 0.00733526587677002 0.00162910222673416 -0.00401286077499390
9600 9040 -5978 0.00843122282179886 0.00724408467102051 0.00232171907377243 -0.00363597922229767
9800 9040 -5978 0.0105896175166196 0.00887286612892151 0.00284093394947052 -0.00503343217182160
9800 8840 -5978 0.0106792079603 0.00894775394821167 0.00203820870876312 -0.00546210993766785
9800 8640 -5978 0.0107485488955 0.00900233144378662 0.00115360237026215 -0.00575862593746185
9800 8440 -5978 0.0107616171412659 0.00902618099021912 0.000274811743855476 -0.00585345871257782
9800 8240 -5978 0.0107399098213445 0.00903987932968140 -0.000655981221914292 -0.00576154828929901
9800 8040 -5978 0.0106454705600439 0.00900574197387695 -0.00153122379088402 -0.00546602180671692
9800 7840 -5978 0.0104854132200290 0.00890716699409485 -0.00237575940513611 -0.00499591435432434
10000 7840 -5978 0.0133551446055563 0.0109995243549347 -0.00288375494241714 -0.00700387812805176
10000 8040 -5978 0.0135305103864 0.0110621357345581 -0.00186555428457260 -0.0075645001831
10000 8240 -5978 0.0136378911367174 0.0110710078048706 -0.000844584045410156 -0.00791909726142884
10000 8440 -5978 0.0136607979786257 0.0110420174045563 0.000254496460914612 -0.00803942074775696
10000 8640 -5978 0.0136455788927 0.0110175517997742 0.00133111804342270 -0.00793999372863770
10000 8840 -5978 0.0135780852186930 0.0109886919746399 0.00241624926853180 -0.00760198867607117
10000 9040 -5978 0.0134572064227281 0.0109280216102600 0.0034714366455 -0.00704347158813477
10200 9040 -5978 0.0173924661281951 0.0134944486007690 0.0042549070158 -0.0101140249786377
10200 8840 -5978 0.0174017799647933 0.0134132577934265 0.00300095100688934 -0.0106729276351929
10200 8640 -5978 0.0174229874948350 0.0133683497734 0.00168162496137619 -0.0110463411960602
10200 8440 -5978 0.0174272892048796 0.0133742752876282 0.0004062948305 -0.0111654148006439
10200 8240 -5978 0.0174621445559956 0.0134647988853455 -0.000936920981645584 -0.0110792449398
10200 8040 -5978 0.0174495052475795 0.0135835009269714 -0.00222948969841003 -0.0107239503746
10200 7840 -5978 0.0173599847124381 0.0136737698745728 -0.00352550238895416 -0.0100982000331879
10400 7840 -5978 0.0229239985813 0.0168061166419983 -0.00415052944755554 -0.0150281802978516
10400 8040 -5978 0.0227105253375175 0.0164025503921509 -0.00260378428173065 -0.0154901155204773
10400 8240 -5978 0.0225374835024451 0.0160883531188965 -0.00114256597971916 -0.0157415882148743
10400 8440 -5978 0.0224133257144246 0.015908670372 0.000381842152655125 -0.0157839381141663
10400 8640 -5978 0.0224334006458824 0.0159197719993591 0.001882257061 -0.0156936100616455
10400 8840 -5978 0.0225819344855866 0.0161178306350708 0.00345897676944733 -0.0154341076545715
10400 9040 -5978 0.0228204986566347 0.0164491229362488 0.00509894509601593 -0.0149725288391113
10600 9040 -5978 0.0293179909302140 0.0187604456710815 0.00574595370101929 -0.0217847259902954
10600 8840 -5978 0.0284368205344308 0.0180444569549561 0.00393757633399963 -0.0216220969467163
10600 8640 -5978 0.0279407699565889 0.0176277065429687 0.00219325679779053 -0.0215668758544922
10600 8440 -5978 0.0278195024315902 0.0175536797637939 0.000576001592516899 -0.0215744600219727
10600 8240 -5978 0.0281192447559597 0.0178352023391724 -0.00111559495925903 -0.0217103184852600
10600 8040 -5978 0.0287564736164942 0.0184559364929199 -0.0027852755804 -0.0218759096488953
10600 7840 -5978 0.0297251152660735 0.0193946982307434 -0.00458414831924438 -0.0220542557601929
10800 7840 -5978 0.0345741480399928 0.0185898831901550 -0.00425829745864868 -0.0288382945938110
10800 8040 -5978 0.0332402223943673 0.0176695774421692 -0.00259324997806549 -0.0280353121261597
10800 8240 -5978 0.0324217371865587 0.0170762975349426 -0.00107303182911873 -0.0275393229446411
10800 8440 -5978 0.0320503698363 0.0168131021041870 0.0004963586241 -0.0272820020370483
10800 8640 -5978 0.0321902490884192 0.0168677239799500 0.00205193943691254 -0.0273394477233887
10800 8840 -5978 0.0328740669155120 0.0172663157272339 0.00372122049427033 -0.0277247760391235
10800 9040 -5978 0.0341138691332677 0.0179878670730591 0.00554183825302124 -0.0284509370880127
11000 9040 -5978 0.0356305586766483 0.0140349402809143 0.00453860739421844 -0.0324339051895142
11000 8840 -5978 0.0346569990733536 0.0138467617492676 0.00323676251411438 -0.0316051466827393
11000 8640 -5978 0.0340496672594831 0.0136958954811 0.00189582230854034 -0.0311160432128906
11000 8440 -5978 0.0338848579170669 0.0136701063575745 0.000614775273919105 -0.0309988908843994
11000 8240 -5978 0.0341624839385243 0.0137458194236755 -0.000718759267210960 -0.0312667082824707
11000 8040 -5978 0.0348517551847151 0.0139578946685791 -0.00200247868013382 -0.0318715003738403
11000 7840 -5978 0.0359267682053578 0.0142531551856995 -0.00331917592906952 -0.0328101766738892
11200 7840 -5978 0.0357776474581 0.00985362425613403 -0.00225293032217026 -0.0343201173019409
11200 8040 -5978 0.0350834725210494 0.00995239065361023 -0.00136734077692032 -0.0336144153900146
11200 8240 -5978 0.0346249565113404 0.00997954505157471 -0.000476154106378555 -0.0331522958297729
11200 8440 -5978 0.0344245775495317 0.0100042195816 0.000493339872598648 -0.0329348420257568
11200 8640 -5978 0.0345240106625860 0.00999196145057678 0.00145509200954437 -0.0330144017944336
11200 8840 -5978 0.0349353341525755 0.00995217172241211 0.00242732448387146 -0.0334009747543335
11200 9040 -5978 0.0356177417372 0.0098473460884 0.00336414559841156 -0.0340656949615479
11400 9040 -5978 0.0352996884563894 0.00675252001762390 0.00244959355115890 -0.0345603743438721
11400 8840 -5978 0.0348537202109618 0.00696678139114380 0.00188149755287170 -0.0340984711761475
11400 8640 -5978 0.0345522872784940 0.00707771362686158 0.00120829458141327 -0.0337976503982544
11400 8440 -5978 0.0344647778822115 0.00710872374534607 0.000530918123841286 -0.0337198272094727
11400 8240 -5978 0.0345939260441913 0.0070386318283 -0.0001864449765 -0.0338696135330200
11400 8040 -5978 0.0349222120796232 0.0069001836071 -0.000839628885269165 -0.0342237574539185
11400 7840 -5978 0.0354072541544297 0.00667205801582336 -0.00144526753878593 -0.0347425268783569
11600 7840 -5978 0.0350213043496193 0.00456045669651032 -0.000855368849515915 -0.0347122907409668
11600 8040 -5978 0.0346921713416485 0.00476969238376617 -0.000464395588278770 -0.0343593952713
11600 8240 -5978 0.0344650398879 0.00489832774066925 -3.7575418446213e-05 -0.0341149681777954
11600 8440 -5978 0.0343679368289218 0.0049642735157 0.0004476976664 -0.0340046868667603
11600 8640 -5978 0.0344212372769283 0.00494223937034607 0.0009256146562 -0.0340522765197754
11600 8840 -5978 0.0346274055460469 0.00483416037559509 0.00138704313993454 -0.0342603181686401
11600 9040 -5978 0.0349539370616781 0.00463870270347595 0.00179057956647873 -0.0345980687484741
11800 9040 -5978 0.0346612768317694 0.00319532463836670 0.00133411418604851 -0.0344874638900757
11800 8840 -5978 0.0344354222074132 0.00335837448406219 0.00109613706994057 -0.0342537312850952
11800 8640 -5978 0.0342748816343410 0.0034522450304 0.000785083771348000 -0.0340916723632813
11800 8440 -5978 0.0342273971752316 0.00347599108219147 0.000460863909840584 -0.0340475658721924
11800 8240 -5978 0.0342930887506284 0.0034176104145 0.000113716100886464 -0.0341218610305786
11800 8040 -5978 0.0344624659695434 0.00329693854331970 -0.000191000501 -0.0343040607147217
11800 7840 -5978 0.0347059422756931 0.00311935928773880 -0.0004534285202 -0.0345625003356934
12000 7840 -5978 0.0344614258469617 0.00212387120342255 -0.000157708071738482 -0.0343953591918945
12000 8040 -5978 0.0342826936271328 0.00224801525735855 4.15186985083892e-06 -0.0342088522567749
12000 8240 -5978 0.0341572421362900 0.00232857046079636 0.000189400867164135 -0.0340772136383
12000 8440 -5978 0.0341032480725377 0.00237271531534195 0.000410366839468479 -0.0340181586837769
12000 8640 -5978 0.0341345070322336 0.0023606718893 0.000626410131096840 -0.0340472633285523
12000 8840 -5978 0.0342527612917 0.0022953292365 0.000830343505144119 -0.0341651551437378
12000 9040 -5978 0.0344333578867997 0.00218026691102982 0.000999917858123779 -0.0343493406753540
12200 9040 -5978 0.0342802351764242 0.00142888302087784 0.000752611685872078 -0.034241904747
12200 8840 -5978 0.0341368324607975 0.00150612610554695 0.000666398063540459 -0.0340970794677734
12200 8640 -5978 0.0340359025395254 0.00155016183233261 0.000545012183785438 -0.0339962713775635
12200 8440 -5978 0.0340042325928247 0.00156023131203651 0.000415571246027947 -0.0339657701187134
12200 8240 -5978 0.0340440032931124 0.00152766906285286 0.000272130601286888 -0.0340085606918335
12200 8040 -5978 0.0341467709273662 0.00146752326464653 0.000153460968375206 -0.0341151611938477
12200 7840 -5978 0.0342969154884662 0.00138037676692009 5.54764237701893e-05 -0.0342689268722534
12400 7840 -5978 0.0342010231034389 0.000801014097929001 0.000231386975049973 -0.0341908300094604
12400 8040 -5978 0.0340733649201570 0.000842899044275284 0.000270584668517113 -0.0340621354446411
12400 8240 -5978 0.0339863298316729 0.000870524190664291 0.000317857836663723 -0.0339738386383
12400 8440 -5978 0.0339473088943828 0.000889228964567184 0.0003815741412 -0.0339338338012695
12400 8640 -5978 0.0339723451283942 0.000888188101530075 0.000443600059747696 -0.0339578352432251
12400 8840 -5978 0.0340609721425947 0.000869117768764496 0.000502919815778732 -0.0340457396316528
12400 9040 -5978 0.0341923167870437 0.000833789442539215 0.0005508683263 -0.0341776361160278
12600 9040 -5978 0.0341765524643678 0.000311339676439762 0.000374499110043049 -0.0341731416320801
12600 8840 -5978 0.0340485127130876 0.000315217912614346 0.000380386039793491 -0.0340449285812378
12600 8640 -5978 0.0339577241152928 0.000314193172216415 0.000378925729751587 -0.0339542906875610
12600 8440 -5978 0.0339279378392995 0.000310449634671211 0.000377891444683075 -0.0339240387725830
12600 8240 -5978 0.0339599066109930 0.000300737584710121 0.000373130465030670 -0.0339565249633789
12600 8040 -5978 0.0340506144149 0.000293689149379730 0.000375562962651253 -0.0340469230041504
12600 7840 -5978 0.0341777137341146 0.0002876822068 0.000382155795753002 -0.0341741535263
12800 7840 -5978 0.0342177383607805 -0.000215682625412941 0.000532753713130951 -0.0342129285430908
12800 8040 -5978 0.0340813318847808 -0.000249309523046017 0.000477426954746246 -0.0340767465209961
12800 8240 -5978 0.0339863292158464 -0.000271712644457817 0.000415847533583641 -0.0339828836593628
12800 8440 -5978 0.0339477735899626 -0.000275246220946312 0.000354448559999466 -0.0339447101516724
12800 8640 -5978 0.0339779500453636 -0.000265420759856701 0.000294606207311153 -0.0339754598693848
12800 8840 -5978 0.0340754278244469 -0.000240829113066196 0.000241556538820267 -0.0340734130706787
12800 9040 -5978 0.0342237830784322 -0.0002038782666 0.000197832166254520 -0.0342224676513672
13000 9040 -5978 0.0343332907911803 -0.000775502828478813 2.1831032347036e-06 -0.0343244135742188
13000 8840 -5978 0.0341591845360336 -0.000842643520593643 9.84975370317698e-05 -0.0341485629806519
13000 8640 -5978 0.0340384148936607 -0.000891309717893601 0.000212262452423573 -0.0340260259246826
13000 8440 -5978 0.0339950544867127 -0.000907902497291565 0.000337603225171566 -0.0339814092559814
13000 8240 -5978 0.034038091477 -0.000897888509273529 0.000467211176991463 -0.0340228586959839
13000 8040 -5978 0.0341558824142751 -0.000852825173139572 0.000589291676878929 -0.0341401483306885
13000 7840 -5978 0.0343252298165511 -0.0007778413006 0.000697436273217201 -0.0343089639434814
13200 7840 -5978 0.0344824533055960 -0.00147455923461914 0.0008998845961 -0.0344390910263
13200 8040 -5978 0.0342670667732902 -0.00159582321929932 0.000725835883021355 -0.0342220279006958
13200 8240 -5978 0.0341202560337853 -0.0016737575531 0.000530875865936279 -0.0340750433349609
13200 8440 -5978 0.0340604941625999 -0.00169903597164154 0.000317893258869648 -0.0340167022705
13200 8640 -5978 0.0341068548098447 -0.00167693848943710 0.000109814089074731 -0.0340660302886963
13200 8840 -5978 0.0342603651306919 -0.00160411727666855 -8.14184361994267e-05 -0.0342226703186
13200 9040 -5978 0.0344947242142207 -0.00148650580215454 -0.000239776988863945 -0.0344615785598755
13400 9040 -5978 0.0346940642853795 -0.00243171958589554 -0.000558545078635216 -0.0346040560302734
13400 8840 -5978 0.0343857032310305 -0.002579461102 -0.000319924741327763 -0.0342873321609497
13400 8640 -5978 0.0341724873138555 -0.00268109968614578 -3.18370524570346e-05 -0.0340668068847656
13400 8440 -5978 0.0341007025880744 -0.00271286638069153 0.000277448584496975 -0.0339914885711670
13400 8240 -5978 0.0341740791155598 -0.00268501436376572 0.000603370498061180 -0.0340629684143
13400 8040 -5978 0.0343812826975828 -0.00258181872558594 0.000903039793729782 -0.0342732366714477
13400 7840 -5978 0.0346892374460412 -0.00240786865568161 0.0011696988542 -0.0345851318817139
13600 7840 -5978 0.0348557553325578 -0.00373818187713623 0.00153507780718803 -0.0346209620666504
13600 8040 -5978 0.0344348682675669 -0.00396097644424438 0.00114605463576317 -0.0341870315551758
13600 8240 -5978 0.0341539551373220 -0.00409667542648315 0.000722825488924980 -0.0338996670379639
13600 8440 -5978 0.0340437676319466 -0.00413830052471161 0.000256269147515297 -0.0337904475631714
13600 8640 -5978 0.0341293673548282 -0.004102140872 -0.000199360324323177 -0.0338808736877441
13600 8840 -5978 0.0344153233472 -0.00398045609378815 -0.0006297159301 -0.0341777992095947
13600 9040 -5978 0.0348623566855622 -0.00377424494361877 -0.00100133751416206 -0.0346429835891724
13800 9040 -5978 0.0348609783689876 -0.00572986056709289 -0.00163545092344284 -0.0343499157028198
13800 8840 -5978 0.0342587901597600 -0.00592692219734192 -0.00109452599763870 -0.0337231841430664
13800 8640 -5978 0.0338529604233 -0.00605948088264465 -0.000472616872191429 -0.0333032433776855
13800 8440 -5978 0.0337174100367444 -0.00610055989074707 0.000168891400635242 -0.0331608430557251
13800 8240 -5978 0.0338525860808447 -0.00607802386951447 0.000844327750921250 -0.0332917755737305
13800 8040 -5978 0.0342512065536374 -0.00594879192256928 0.00147719147992134 -0.0336977378997803
13800 7840 -5978 0.0348682542921264 -0.00569963399505615 0.00206456343507767 -0.0343381197662354
14000 7840 -5978 0.0343223671495897 -0.00864495342826843 0.00278578195142746 -0.0330993511962891
14000 8040 -5978 0.0335111027336 -0.0088334884262 0.00193942090797424 -0.0322676639251709
14000 8240 -5978 0.0329932048755342 -0.00891407476043701 0.001068935045 -0.0317480162353516
14000 8440 -5978 0.0328040484377680 -0.00891071654891967 0.000139021370351315 -0.0315706768341
14000 8640 -5978 0.0329559497657890 -0.00887786544036865 -0.000773006115436554 -0.0317270295028687
14000 8840 -5978 0.0334669799175898 -0.00879790156555176 -0.00168054630184174 -0.0322454408187866
14000 9040 -5978 0.0343146997072556 -0.00863826066017151 -0.00254063506507874 -0.0331122974472
14200 9040 -5978 0.0326587746020436 -0.0126707671279907 -0.00374945937919617 -0.0298693869476318
14200 8840 -5978 0.0317328011341432 -0.0125158670215607 -0.00251356916475296 -0.0290500575027466
14200 8640 -5978 0.0311365928619716 -0.0124239453887939 -0.00125234074139595 -0.0285230374755859
14200 8440 -5978 0.0309452843926130 -0.0124159664669 -3.19263027869165e-05 -0.0283455148849487
14200 8240 -5978 0.0311262568134692 -0.0125332441234589 0.00124090840411186 -0.0284642705917358
14200 8040 -5978 0.0317078098334740 -0.0126956850280762 0.00247910606002808 -0.0289483931808472
14200 7840 -5978 0.0326883164222310 -0.0128477329559326 0.00374236054515839 -0.0298239990997314
14400 7840 -5978 0.0296622086068910 -0.0173694264602661 0.00459579712295532 -0.0236011320877
14400 8040 -5978 0.0287351061744417 -0.0166209179191589 0.00298495885133743 -0.0232495469856262
14400 8240 -5978 0.0281725157695 -0.0161265321197510 0.00148567276215553 -0.0230525691375732
14400 8440 -5978 0.0279758384678932 -0.0158728562583923 -5.13626013733447e-05 -0.0230371159591675
14400 8640 -5978 0.0281239409270760 -0.0159235461235 -0.00156953159832954 -0.0231289728469849
14400 8840 -5978 0.0286552143985 -0.0162868857727 -0.00319011968135834 -0.0233598330574
14400 9040 -5978 0.0295734951393930 -0.0169369676971436 -0.00495244062328339 -0.0237339431190491
14600 9040 -5978 0.0254830007415202 -0.0184888231353760 -0.00545755180454254 -0.0166659948463440
14600 8840 -5978 0.0248196374983528 -0.0177210490951538 -0.00362117769813538 -0.0169960431365967
14600 8640 -5978 0.0243990615529401 -0.0172622060317993 -0.00187355221748352 -0.0171411558151245
14600 8440 -5978 0.0242695558950719 -0.0171649558601379 -0.000249772810697556 -0.0171553471527100
14600 8240 -5978 0.0243885879993 -0.0174243865699768 0.00144111314606667 -0.0170036983070374
14600 8040 -5978 0.0248251381275405 -0.0180415391197205 0.00310892928504944 -0.0167667739410400
14600 7840 -5978 0.0255891287441214 -0.0190130527458191 0.00490756978225708 -0.0164081225738525
14800 7840 -5978 0.0207245656910403 -0.0169367812194824 0.0044411576929 -0.0110878804473877
14800 8040 -5978 0.0203421556218565 -0.0164218444633484 0.00287446477603912 -0.0116560615997314
14800 8240 -5978 0.0201039971937243 -0.0160545387306213 0.00138175740218163 -0.0120214528617859
14800 8440 -5978 0.0200430321245115 -0.0158954375076294 -0.000164179209470749 -0.0122076884937286
14800 8640 -5978 0.0201153048193532 -0.0159354042358398 -0.00169740953731537 -0.0121583134231567
14800 8840 -5978 0.0203443198111745 -0.0161916876983643 -0.00331330376338959 -0.0118638109436
14800 9040 -5978 0.0207187997304743 -0.0166138103599548 -0.00502224024105072 -0.0113149047966
15000 9040 -5978 0.0164012897339346 -0.0137505312652588 -0.00426258034515381 -0.00785833762741089
15000 8840 -5978 0.0163075105901628 -0.0136593971176148 -0.00295091641187668 -0.00840528720474244
15000 8640 -5978 0.0162158347521345 -0.013574129776 -0.00158365114355087 -0.00872882818031311
15000 8440 -5978 0.0161757297951723 -0.0135637180061340 -0.000264913896381855 -0.00880937940788269
15000 8240 -5978 0.0161571098600684 -0.0136145264701843 0.00110484854364395 -0.00862995815277100
15000 8040 -5978 0.0162060921728944 -0.0137448505516 0.00242767352533341 -0.00823538048171997
15000 7840 -5978 0.0163095308328327 -0.0139062366142273 0.00376185746192932 -0.00764640649604797
15200 7840 -5978 0.0128684986430638 -0.0112356388988495 0.00307153286504745 -0.00547017137527466
15200 8040 -5978 0.0128683714425994 -0.0112351975536346 0.00201907110166550 -0.00594042687034607
15200 8240 -5978 0.0128734415028378 -0.011208692276 0.000965648661851883 -0.00625757476425171
15200 8440 -5978 0.0129060554100121 -0.0111998156757355 -0.000159350574314594 -0.00641129435825348
15200 8640 -5978 0.0129302810971925 -0.0111903418922424 -0.00126894669985771 -0.00635246242427826
15200 8840 -5978 0.0129549588283627 -0.0111841015338898 -0.00239692207479477 -0.00608363349914551
15200 9040 -5978 0.0129736385130545 -0.0111534383697510 -0.00350456041145325 -0.00562442575931549
15400 9040 -5978 0.0103384251208754 -0.00905627226638794 -0.00287573638772964 -0.00407343289947510
15400 8840 -5978 0.0103749922673600 -0.00914935565948486 -0.00203762965631485 -0.00444762133789063
15400 8640 -5978 0.0103789742784643 -0.00919428797531128 -0.00112147692584991 -0.00468325435066223
15400 8440 -5978 0.0103657824349534 -0.00921338313293457 -0.000207771216571331 -0.00474565467357636
15400 8240 -5978 0.0103192760645946 -0.00919651532173157 0.0007447879728 -0.00462139608192444
15400 8040 -5978 0.0102742668920217 -0.0091636145401 0.00164494726657867 -0.00434524007606506
15400 7840 -5978 0.0102287788070520 -0.00909607896423340 0.00251867059135437 -0.00394296350479126
15600 7840 -5978 0.00820713123246621 -0.00743298270797730 0.00204696926116943 -0.00281398894786835
15600 8040 -5978 0.00823942912278626 -0.00749805420684815 0.00135237095546722 -0.00313664546632767
15600 8240 -5978 0.00826849502375113 -0.00752926325225830 0.000643237148046494 -0.00335625547409058
15600 8440 -5978 0.0083047280634 -0.0075470692234 -0.000124366952881217 -0.00346334410953522
15600 8640 -5978 0.00831790967063582 -0.0075307058525 -0.000881459840297699 -0.00342051544284821
15600 8840 -5978 0.00831377655884486 -0.00748463980484009 -0.00163722025012970 -0.00322727319049835
15600 9040 -5978 0.0082932677142 -0.00739954296875000 -0.00235822628164291 -0.00290926486206055
15800 9040 -5978 0.00662293946631503 -0.00601572624397278 -0.00192644560337067 -0.00199086680746078
15800 8840 -5978 0.00665092948315866 -0.00609473856639862 -0.00137747083425522 -0.0022785378704
15800 8640 -5978 0.00665989071294449 -0.00614034993267060 -0.000767644047975540 -0.00246205518341064
15800 8440 -5978 0.00665232848407623 -0.00615764395332337 -0.000154058953166008 -0.00251274692773819
15800 8240 -5978 0.00661454584217310 -0.00613582482719421 0.000491983722686768 -0.00242113619184494
15800 8040 -5978 0.00657737986397647 -0.0060970761013 0.00109204346203804 -0.00221225244522095
15800 7840 -5978 0.00654819867658935 -0.00603865713882446 0.0016685040574 -0.00190517951107025
16000 7840 -5978 0.00509671440053206 -0.00474397888469696 0.00131155296826363 -0.00132360927772522
16000 8040 -5978 0.00513858421118198 -0.0048114013853 0.000871298311471939 -0.00158006507062912
16000 8240 -5978 0.00517846219064270 -0.00485468297386170 0.000409849370479584 -0.00175514881896973
16000 8440 -5978 0.00521160512683244 -0.00487776308345795 -9.08071978241205e-05 -0.00183300306129456
16000 8640 -5978 0.00521706335163110 -0.00486297665309906 -0.000584367506384849 -0.00179649334955215
16000 8840 -5978 0.00519735833662945 -0.00481346920967102 -0.00107251641774178 -0.00164123561
16000 9040 -5978 0.00515896976979616 -0.00472930515384674 -0.00152735542035103 -0.00138486111354828
16200 9040 -5978 0.00393086068076208 -0.00358910839653015 -0.00117815042853355 -0.00108716520237923
16200 8840 -5978 0.00400637235112183 -0.00369788861942291 -0.000857609969377518 -0.00128117140913010
16200 8640 -5978 0.00404639592832466 -0.00376215909481049 -0.000484935579299927 -0.00140860915231705
16200 8440 -5978 0.00405020623911288 -0.00378244667816162 -0.000102971879288554 -0.00144472722053528
16200 8240 -5978 0.00401122255706517 -0.00375186221218109 0.000298961842417717 -0.00138702588534355
16200 8040 -5978 0.00394602299782108 -0.00368379959774017 0.000669708538889885 -0.0012458765974
16200 7840 -5978 0.00386237394204985 -0.0035793793354 0.00101418451285362 -0.00103806295394897
16400 7840 -5978 0.00298235532176822 -0.00272618868112564 0.000778768740057945 -0.0009250213139
16400 8040 -5978 0.00306367359014915 -0.00282243818664551 0.000522635252118111 -0.00107082412672043
16400 8240 -5978 0.00312214561134105 -0.00288328043699265 0.000246358738899231 -0.00117213447189331
16400 8440 -5978 0.00315698760709035 -0.00291236858749390 -5.91482623964548e-05 -0.00121703798007965
16400 8640 -5978 0.00315382317676724 -0.00289667546224594 -0.000358637160599232 -0.00119475343751907
16400 8840 -5978 0.00311311123142404 -0.00283769429588318 -0.000649266502022743 -0.00110319419217110
16400 9040 -5978 0.00303782981077188 -0.00273678169822693 -0.000905650109052658 -0.000957945724964142
16600 9040 -5978 0.00241395845417169 -0.00213137282609940 -0.000710199493765831 -0.000883211171627045
16600 8840 -5978 0.00248220710973966 -0.00221630276489258 -0.0005244833014 -0.0009870845642
16600 8640 -5978 0.00252183429944248 -0.00226949932861328 -0.0003004754734 -0.00105760379767418
16600 8440 -5978 0.00252769201428584 -0.00228532246255875 -6.5462417319417e-05 -0.00107800118923187
16600 8240 -5978 0.0024976493772 -0.00226069977426529 0.000180853793740273 -0.00104630428099632
16600 8040 -5978 0.00244271206131779 -0.0022050223546 0.000406435328423977 -0.000969293017625809
16600 7840 -5978 0.00236761586961992 -0.0021200663681 0.000612179937 -0.000858007115125656
16800 7840 -5978 0.00193302339136722 -0.00168819104766846 0.000484973468780518 -0.000806949938774109
16800 8040 -5978 0.00198904860171289 -0.00175025036239624 0.000326394151389599 -0.000886912554264069
16800 8240 -5978 0.00203086824429339 -0.00179167648315430 0.000154016182541847 -0.000943662193298340
16800 8440 -5978 0.00205394475399389 -0.00181070885229111 -3.72028483450413e-05 -0.000968625653743744
16800 8640 -5978 0.00205068099433377 -0.00180002533292770 -0.000225118288815021 -0.000956359445571900
16800 8840 -5978 0.00202104668193726 -0.00176067805719376 -0.000406000176310539 -0.000905430176734924
16800 9040 -5978 0.00196757587132993 -0.00169463624238968 -0.000564407319664955 -0.000824993460416794
17000 9040 -5978 0.0016340519052 -0.00136723735666275 -0.000457488646268844 -0.000769054712295532
17000 8840 -5978 0.0016779242887 -0.00141901824092865 -0.0003380870918 -0.000828837069988251
17000 8640 -5978 0.00170381072718616 -0.00145207945871353 -0.000194014590114355 -0.000869944351673126
17000 8440 -5978 0.00170813892418418 -0.00146234068489075 -4.28778459653258e-05 -0.000881907972335815
17000 8240 -5978 0.00168924558485462 -0.00144731332635879 0.000115315728276968 -0.000863585041522980
17000 8040 -5978 0.00165419214782378 -0.00141339929008484 0.000260451177418232 -0.000819104040384293
17000 7840 -5978 0.00160541260572626 -0.00136137359261513 0.000393686541199684 -0.000754335789442062
17200 7840 -5978 0.0013559831479 -0.00111389331245422 0.000320384552955628 -0.0007037428075
17200 8040 -5978 0.00139154757138606 -0.00115106766843796 0.000214665434360504 -0.0007516293497
17200 8240 -5978 0.0014173383793 -0.00117547753548622 0.0001005962388 -0.000785474736571312
17200 8440 -5978 0.00143220376192980 -0.00118714834094048 -2.53950019218028e-05 -0.000800719044327736
17200 8640 -5978 0.00143006296529611 -0.00118047521591187 -0.000149129136651754 -0.000793072613716125
17200 8840 -5978 0.00141081534061129 -0.00115631054067612 -0.000268328069329262 -0.000762676129698753
17200 9040 -5978 0.00137702394918625 -0.00111621247673035 -0.000374088998198509 -0.000714483045697212
17400 9040 -5978 0.00117203907038218 -0.000918234704971313 -0.000309025980412960 -0.000659540104866028
17400 8840 -5978 0.00120007334575057 -0.0009497778337 -0.000227541161239147 -0.000697386886596680
17400 8640 -5978 0.0012166564991 -0.000970097376585007 -0.000130476303070784 -0.000722685277462006
17400 8440 -5978 0.00121955414333826 -0.0009764616518 -2.93272062689066e-05 -0.000730259373426437
17400 8240 -5978 0.0012078939439 -0.000967767352581024 7.69583974331617e-05 -0.000718607333779335
17400 8040 -5978 0.00118635067706337 -0.000947998287439346 0.000174509950459003 -0.000691462089776993
17400 7840 -5978 0.00115490350242432 -0.000916147241353989 0.000265407591342926 -0.000651220493912697
17600 7840 -5978 0.000994998738343373 -0.000761165269970894 0.0002193352071 -0.000602147495388985
17600 8040 -5978 0.00101766334425222 -0.000783577205777168 0.0001466108641 -0.000632440672516823
17600 8240 -5978 0.00103416234501501 -0.000798274993419647 6.81076591610909e-05 -0.000653974859118462
17600 8440 -5978 0.00104302294467638 -0.000804742236971855 -1.76699558552355e-05 -0.000663161345720291
17600 8640 -5978 0.0010416090102 -0.000800628324031830 -0.000102486647740006 -0.000658379582166672
17600 8840 -5978 0.00102927703937552 -0.000785618843317032 -0.000184404444247484 -0.000638805495262146
17600 9040 -5978 0.00100767696041382 -0.000761285227775574 -0.000257602777540684 -0.000607924373030663
17800 9040 -5978 0.000871661666499570 -0.000633348374366760 -0.000216071309745312 -0.0005585006994
17800 8840 -5978 0.000889362445513835 -0.000652760733127594 -0.000158462583929300 -0.000583082657814026
17800 8640 -5978 0.000900480984776274 -0.0006653266288 -9.06443547308445e-05 -0.000599991734862328
17800 8440 -5978 0.000903077648815135 -0.000670012058019638 -2.05672549214214e-05 -0.000605117238521576
17800 8240 -5978 0.000894896643460671 -0.000664243817687035 5.30828932747245e-05 -0.000597370280981064
17800 8040 -5978 0.000881290848326762 -0.000652457946538926 0.000120743857741356 -0.000580029357075691
17800 7840 -5978 0.000860946326341604 -0.000633083034396171 0.000184598646014929 -0.000553579425692558
18000 7840 -5978 0.0007518544807 -0.000530592489361763 0.000154520181685686 -0.000509762279510498
18000 8040 -5978 0.0007666269043 -0.000544174751996994 0.000102765013739467 -0.000530014595270157
18000 8240 -5978 0.000777304018827560 -0.000553281744 4.75629400461912e-05 -0.000543882606148720
18000 8440 -5978 0.000783149623397163 -0.000557008722066879 -1.268066290766e-05 -0.000550177767157555
18000 8640 -5978 0.000782091470660209 -0.000554400547862053 -7.20694008022547e-05 -0.000547006470441818
18000 8840 -5978 0.000774294099686847 -0.000545540346980095 -0.000129948425382376 -0.000533882467746735
18000 9040 -5978 0.000759683468397911 -0.000529899249672890 -0.0001817893666 -0.000513015042781830
18200 9040 -5978 0.000665153665431712 -0.000444105823516846 -0.0001542235628 -0.000470357821226120
18200 8840 -5978 0.000676503734423975 -0.000456053016185760 -0.000112647991 -0.000487057778596878
18200 8640 -5978 0.000684524593416725 -0.000464521962046623 -6.4599767357111e-05 -0.000498413179755211
18200 8440 -5978 0.000685993196218310 -0.000467247567415238 -1.46900563202798e-05 -0.000502046390533447
18200 8240 -5978 0.000681192891478643 -0.000464191551923752 3.73978418782353e-05 -0.000497017207026482
18200 8040 -5978 0.0006714170138 -0.0004561282432 8.55283982008696e-05 -0.000485252856492996
18200 7840 -5978 0.000658093284116795 -0.0004440393176 0.000131362055778503 -0.000467610805392265
18400 7840 -5978 0.000580849471644058 -0.0003742010253 0.000111312348335981 -0.000430059385776520
18400 8040 -5978 0.000590804426651732 -0.000383098423540592 7.37267798930407e-05 -0.0004437307527
18400 8240 -5978 0.000597480829196590 -0.000388207840323448 3.40172265991569e-05 -0.000452874506473541
18400 8440 -5978 0.000602288185138675 -0.000391306424260139 -9.43243746738881e-06 -0.000457768732786179
18400 8640 -5978 0.000600874191572139 -0.000389115566670895 -5.20765472874045e-05 -0.000455038614511490
18400 8840 -5978 0.000595500996638523 -0.0003832502492 -9.34711239486933e-05 -0.000446098456025124
18400 9040 -5978 0.000585418830377670 -0.000373098513841629 -0.000131171882987022 -0.000431579043745995
18600 9040 -5978 0.000518353688661792 -0.000314372659981251 -0.000112832926690578 -0.000396394267976284
18600 8840 -5978 0.000525957596690466 -0.000321885531842709 -8.18446264415979e-05 -0.000407900247514248
18600 8640 -5978 0.000531010295522882 -0.000327064111888409 -4.68280427157879e-05 -0.000415777677178383
18600 8440 -5978 0.000531942224313754 -0.0003286894412 -1.07129328558221e-05 -0.000418117017388344
18600 8240 -5978 0.000528992451733973 -0.000326930754423142 2.72525852099061e-05 -0.000414739436268806
18600 8040 -5978 0.000522712744448288 -0.000322288034379482 6.18628686666489e-05 -0.000407008895277977
18600 7840 -5978 0.000513669039094325 -0.000314507134556770 9.53885264694691e-05 -0.000394901203811169
18800 7840 -5978 0.000457661239227475 -0.000265656746625900 8.15246166139841e-05 -0.000363728095769882
18800 8040 -5978 0.000463733234497064 -0.000270888404965401 5.3703088670969e-05 -0.000372537196934223
18800 8240 -5978 0.000468965284656212 -0.000274477577745915 2.46875769458711e-05 -0.000379239612519741
18800 8440 -5978 0.000471583267452326 -0.000276152760148048 -6.69099432858638e-06 -0.000382096837043762
18800 8640 -5978 0.000471100395516636 -0.000275064279198647 -3.80534494146705e-05 -0.000380428877115250
18800 8840 -5978 0.000467005284565659 -0.000271170748054981 -6.83978187888861e-05 -0.000374038184642792
18800 9040 -5978 0.000460118916923421 -0.000264576623082161 -9.63479523062706e-05 -0.000363989640951157
19000 9040 -5978 0.0004106304968 -0.000222688208818436 -8.3018062800169e-05 -0.000334716377615929
19000 8840 -5978 0.000416345505965046 -0.000227873634338379 -6.03663169741631e-05 -0.0003432325108
19000 8640 -5978 0.000420037337710801 -0.000231325910747051 -3.44656762257218e-05 -0.000348709289431572
19000 8440 -5978 0.000420786312562762 -0.000232609517633915 -7.8732993490994e-06 -0.000350561628460884
19000 8240 -5978 0.000417931627753009 -0.000230602822244167 2.02425484731793e-05 -0.000348003143310547
19000 8040 -5978 0.000414302429849363 -0.000228332377791405 4.58074458613992e-05 -0.000342679245710373
19000 7840 -5978 0.000407528076533307 -0.000222857132077217 7.07613505721092e-05 -0.000333850861251354
