# amount of points in x direction: 11 (distance of 200 steps)
# amount of points in y direction: 33 (distance of 200 steps)
# abs. coordinates of point 1: P1 (, , ) (offsets not corrected)
# Offsets of the hall probe have already been corrected for all following coordinates.
#
# X (absolute in steps=10um) Y (absolute in steps=10um) Z (absolute in steps=10um) Babs(in T) Bx By Bz
6000 8440 -3978 0.000576897718350632 4.48301816359162e-05 1.67060763482004e-05 -0.000575007389426231
6000 8640 -3978 0.000576272671889913 4.44839574769139e-05 4.82040153443814e-05 -0.000572287787318230
6000 8840 -3978 0.000571304402757096 4.35577732548118e-05 7.99888072609902e-05 -0.000563997545838356
6000 9040 -3978 0.0005621080921 4.30805966258049e-05 0.000110504886448383 -0.000549633483171463
6000 9240 -3978 0.000549709364912592 4.21187529936433e-05 0.0001389995394 -0.000530162195444107
6000 9440 -3978 0.000533442897015699 4.14717933014035e-05 0.000164765438586473 -0.000505557258367538
6000 9640 -3978 0.000514319184544704 4.116313303262e-05 0.000187191807240248 -0.000477191211342812
6000 9840 -3978 0.000492866610565133 4.01179157346487e-05 0.000205579592823982 -0.000446144684672356
6000 10040 -3978 0.000469797854624133 3.92875948026776e-05 0.000220038587510586 -0.0004131205163
6000 10240 -3978 0.000444777921020537 3.8662624001503e-05 0.000230267071068287 -0.000378633103728294
6000 10440 -3978 0.0004185830384 3.86335121616721e-05 0.000237116952359676 -0.000342838318228722
6000 10640 -3978 0.000392979136085657 3.78834509700537e-05 0.000240168959438801 -0.000308587627530098
6000 10840 -3978 0.000366631188210504 3.79350680038333e-05 0.000239818724811077 -0.000274711372196674
6000 11040 -3978 0.000340838834597761 3.77717311456799e-05 0.000236543972611427 -0.000242458408534527
6000 11240 -3978 0.000316390715656862 3.72548918873072e-05 0.0002308471443 -0.000213131872236729
6000 11440 -3978 0.000292768929983056 3.73550057560205e-05 0.0002232412905 -0.000185841045439243
6000 11640 -3978 0.000270664865742428 3.71611588820815e-05 0.000214086115717888 -0.000161548420727253
6000 11840 -3978 0.000250144420881848 3.70460886508227e-05 0.000204169004321098 -0.000139695512771606
6000 12040 -3978 0.000230672934172268 3.70526843965054e-05 0.0001934629341 -0.000120472951471806
6000 12240 -3978 0.000212953475182398 3.67662905976176e-05 0.000182334630221128 -0.000103495959654450
6000 12440 -3978 0.000197593520516990 3.71324327215552e-05 0.000172080781579018 -8.97453477829695e-05
6000 12640 -3978 0.0001825300645 3.78579065203667e-05 0.000161110088586807 -7.69905365407467e-05
6000 12840 -3978 0.0001692915475 3.78400783762336e-05 0.000150955368548632 -6.65807035267353e-05
6000 13040 -3978 0.000157323672112811 3.81001056283712e-05 0.000141260690450668 -5.7687963411212e-05
6000 13240 -3978 0.000146402286640265 3.80404101610184e-05 0.000131786299169064 -5.04973777681589e-05
6000 13440 -3978 0.000136640165847826 3.8488116659224e-05 0.000123507312953472 -4.38548581972718e-05
6000 13640 -3978 0.0001279758925 3.85202332958579e-05 0.000115590088844299 -3.89689191877842e-05
6000 13840 -3978 0.000120429061734819 3.9001576051116e-05 0.000108727726787329 -3.43281740546227e-05
6000 14040 -3978 0.000113257591325644 3.90255402699113e-05 0.000101525806263089 -3.10699628964067e-05
6000 14240 -3978 0.000107139610415986 3.94997149035335e-05 9.56552950143814e-05 -2.80908131711185e-05
6000 14440 -3978 0.000101483601783435 3.94318451061845e-05 8.9922956943512e-05 -2.57718760184944e-05
6000 14640 -3978 9.68895954839024e-05 4.02668435946107e-05 8.50346213281155e-05 -2.31176845096052e-05
6000 14840 -3978 9.21845317731335e-05 4.04465170279145e-05 8.00630325227976e-05 -2.12597737945616e-05
6200 14840 -3978 9.26573147258402e-05 3.97943607643247e-05 8.18281892389059e-05 -1.80389587134123e-05
6200 14640 -3978 9.6848469206056e-05 3.88445423394442e-05 8.6401149392128e-05 -1.99705192632973e-05
6200 14440 -3978 0.000102169027036090 3.89294811040163e-05 9.19572399556637e-05 -2.15637710765004e-05
6200 14240 -3978 0.000107814811437881 3.84081024304032e-05 9.7788918286562e-05 -2.4241180781275e-05
6200 14040 -3978 0.000114063450886147 3.78775240555406e-05 0.000104181704074144 -2.68688767105341e-05
6200 13840 -3978 0.000121627986283829 3.76898637637496e-05 0.000111531833514571 -3.04385488852859e-05
6200 13640 -3978 0.000129751329639307 3.72210740819573e-05 0.0001195389069 -3.45882676914334e-05
6200 13440 -3978 0.0001388054704 3.66811998486519e-05 0.000128001131862402 -3.91612900644541e-05
6200 13240 -3978 0.000149257339159555 3.70026139095426e-05 0.000137498462647200 -4.46764631271362e-05
6200 13040 -3978 0.000160988669397729 3.62772437483072e-05 0.000147893773734570 -5.22664427086711e-05
6200 12840 -3978 0.000174080679575768 3.60735371634364e-05 0.000158975838154554 -6.1069352388382e-05
6200 12640 -3978 0.000188529319543652 3.57994564548135e-05 0.000170834151387215 -7.12943589538336e-05
6200 12440 -3978 0.000204772746722739 3.57172975838184e-05 0.000183346817731857 -8.36790519207716e-05
6200 12240 -3978 0.000222394059825104 3.56073254197836e-05 0.000196143318146467 -9.87165084034205e-05
6200 12040 -3978 0.000242398153837479 3.52415696978569e-05 0.000209647767543793 -0.000116459049940109
6200 11840 -3978 0.000264895775947592 3.51629529222846e-05 0.000223190110445023 -0.000138437478691339
6200 11640 -3978 0.000288794275539430 3.53832081630826e-05 0.000236454116046429 -0.000161967244952917
6200 11440 -3978 0.0003138238071 3.53249084725976e-05 0.0002478484928 -0.000189380782157183
6200 11240 -3978 0.000340890560029101 3.5220116071403e-05 0.000258202506959438 -0.000219693322718143
6200 11040 -3978 0.000369622633783060 3.56890914961696e-05 0.000266425856828690 -0.000253629446625709
6200 10840 -3978 0.000400097386136072 3.58791566342115e-05 0.000272127790391445 -0.000291096324622631
6200 10640 -3978 0.000430264506918130 3.65019820705056e-05 0.0002742651363 -0.000329643882513046
6200 10440 -3978 0.000460645279115899 3.69930132180452e-05 0.000272515145719051 -0.0003696559323
6200 10240 -3978 0.000491945549189027 3.7371967703104e-05 0.000266302213013172 -0.000411980356693268
6200 10040 -3978 0.000522077212667372 3.76189939752221e-05 0.000255536297917366 -0.000453619744181633
6200 9840 -3978 0.000550088370140971 3.88342621028423e-05 0.000239817553818226 -0.000493534857869148
6200 9640 -3978 0.0005757976426 3.97651403471828e-05 0.000219408074736595 -0.000530821269631386
6200 9440 -3978 0.000598743342956746 4.06014367640018e-05 0.000194509725511074 -0.000565048981785774
6200 9240 -3978 0.000618246157914621 4.12821383625269e-05 0.000165164402991533 -0.0005941316564
6200 9040 -3978 0.000634025899656198 4.1765387147665e-05 0.000132190909832716 -0.000618799830794334
6200 8840 -3978 0.000645074241896876 4.24191112369299e-05 9.71281571537256e-05 -0.000636307722449303
6200 8640 -3978 0.000651534399480837 4.36470984295011e-05 5.92484024465084e-05 -0.000647320313572884
6200 8440 -3978 0.000653425798033198 4.42939572036266e-05 2.00793962739408e-05 -0.000651659126281738
6400 8440 -3978 0.000745345465181132 4.38875152096152e-05 2.214703867957e-05 -0.0007436841042
6400 8640 -3978 0.000744064158114005 4.30830744579434e-05 6.62299056649208e-05 -0.000739801455736160
6400 8840 -3978 0.000737431408575720 4.23359794691205e-05 0.000110199646562338 -0.000727981436848640
6400 9040 -3978 0.000724656563676531 4.15052619427443e-05 0.000151189287245274 -0.000707492931365967
6400 9240 -3978 0.000705813216731470 4.02071103975177e-05 0.000190552445650101 -0.000678369709253311
6400 9440 -3978 0.000682988901376295 3.91002755090594e-05 0.000225102482616901 -0.000643552247762680
6400 9640 -3978 0.000654627964017019 3.84705115780234e-05 0.000255303390562534 -0.000601449001789093
6400 9840 -3978 0.000624259977556100 3.74486622735858e-05 0.000278599141359329 -0.000557505934
6400 10040 -3978 0.000590193676748687 3.6865738324821e-05 0.000296459224760532 -0.000509000414013863
6400 10240 -3978 0.000553883071350446 3.5727623321116e-05 0.000308397261381149 -0.000458897621870041
6400 10440 -3978 0.000515719939078812 3.57349698320031e-05 0.000314342961788178 -0.000407041138648987
6400 10640 -3978 0.000479383570868142 3.48746144399047e-05 0.000315248099148274 -0.0003595297684
6400 10840 -3978 0.000442536459011107 3.400143269822e-05 0.000310905600726604 -0.000313200384616852
6400 11040 -3978 0.000406807081128475 3.37164345905185e-05 0.0003028720318 -0.000269508754849434
6400 11240 -3978 0.000372122361787682 3.39159200787544e-05 0.000291401529669762 -0.000228973069548607
6400 11440 -3978 0.000340723638062545 3.35507161766291e-05 0.000277735497832298 -0.000194324485093355
6400 11640 -3978 0.000311535115447771 3.37239330783486e-05 0.000262756978988647 -0.000163830346256495
6400 11840 -3978 0.000283818323850329 3.33275543265045e-05 0.0002463146398 -0.000137030266493559
6400 12040 -3978 0.000259312685633690 3.38888186663389e-05 0.000230279763519764 -0.000114108564764261
6400 12240 -3978 0.000236434610837492 3.39363390877843e-05 0.000213821640849114 -9.49710660427809e-05
6400 12440 -3978 0.000215285747114048 3.39619512185454e-05 0.000197581377744675 -7.8461060076952e-05
6400 12640 -3978 0.000197276196241840 3.42781037241221e-05 0.000182825520843267 -6.56804333627224e-05
6400 12840 -3978 0.000181574545970776 3.4760273642838e-05 0.000169384827435017 -5.52845324873924e-05
6400 13040 -3978 0.000167234347132654 3.48461503461003e-05 0.000156735709071159 -4.65185733735561e-05
6400 13240 -3978 0.000154189505713560 3.53363249450922e-05 0.000144859336376190 -3.93028374612331e-05
6400 13440 -3978 0.000142944411234294 3.56246887370944e-05 0.000134179096549749 -3.40450357049704e-05
6400 13640 -3978 0.000132887989588866 3.60183751583099e-05 0.000124508129596710 -2.93192785084248e-05
6400 13840 -3978 0.0001244009647 3.65543953925371e-05 0.000116254651367664 -2.53961589261889e-05
6400 14040 -3978 0.0001160693354 3.63871473744512e-05 0.000107677965730429 -2.29227432310581e-05
6400 14240 -3978 0.000109518158330067 3.72021963745356e-05 0.000101019217878580 -2.03793360628188e-05
6400 14440 -3978 0.000103327080571922 3.77892238199711e-05 9.44495859593153e-05 -1.81034763157368e-05
6400 14640 -3978 9.76976494192316e-05 3.75901423618197e-05 8.84924503415823e-05 -1.67700635697693e-05
6400 14840 -3978 9.29725848911825e-05 3.83973030224443e-05 8.33930831700564e-05 -1.52549806106836e-05
6600 14840 -3978 9.31337884914665e-05 3.74218033775687e-05 8.45956902056932e-05 -1.18654886428267e-05
6600 14640 -3978 9.80537563757527e-05 3.68020633533597e-05 8.99756794273853e-05 -1.27520071063191e-05
6600 14440 -3978 0.000103410013687079 3.62545846253634e-05 9.58079807758331e-05 -1.4294567563571e-05
6600 14240 -3978 0.000109901097722404 3.59860845804215e-05 0.000102666915029287 -1.55806789174676e-05
6600 14040 -3978 0.000116609436065468 3.50145568326116e-05 0.000109747250914574 -1.79570557773113e-05
6600 13840 -3978 0.000124994130366041 3.48645979464054e-05 0.000118264330536127 -2.02238241061568e-05
6600 13640 -3978 0.000134337404 3.44469784758985e-05 0.000127732846915722 -2.33064436763525e-05
6600 13440 -3978 0.000144885710766228 3.40585578382015e-05 0.000138126577973366 -2.74012023955584e-05
6600 13240 -3978 0.000156907818631662 3.37703957483172e-05 0.000149851323038340 -3.2176135353744e-05
6600 13040 -3978 0.000170642805031820 3.34062962830067e-05 0.000162866373062134 -3.84386628717184e-05
6600 12840 -3978 0.000186086876538653 3.30931924283505e-05 0.0001771056118 -4.65700917169452e-05
6600 12640 -3978 0.0002038358082 3.26609877347946e-05 0.000192885542958975 -5.6774889677763e-05
6600 12440 -3978 0.000223747431041044 3.24531119093299e-05 0.000210202032387257 -6.95684028714895e-05
6600 12240 -3978 0.000245824287041309 3.18628617711365e-05 0.000228284676969051 -8.54311988502741e-05
6600 12040 -3978 0.000271181109644993 3.19079508036375e-05 0.0002478788256 -0.000105248110294342
6600 11840 -3978 0.000299286945779089 3.18735276833177e-05 0.000268267627298832 -0.000129143211126328
6600 11640 -3978 0.000330401704414300 3.11930211186409e-05 0.000288333447873592 -0.000158366843461990
6600 11440 -3978 0.000364559014352995 3.15181596837938e-05 0.000308155393064022 -0.000192186272293329
6600 11240 -3978 0.000401780846594393 3.15768446549773e-05 0.000326496842682362 -0.000232100364625454
6600 11040 -3978 0.000442886149247215 3.1812571965158e-05 0.000342740417599678 -0.000278569619357586
6600 10840 -3978 0.000485208996114721 3.25082986280322e-05 0.000354942190170288 -0.000329337957382202
6600 10640 -3978 0.000529130455947629 3.30206518694758e-05 0.000362422665834427 -0.000384101572096348
6600 10440 -3978 0.000572707953486153 3.37932152599096e-05 0.000364194088041782 -0.000440745534658432
6600 10240 -3978 0.0006179041476 3.40916324257851e-05 0.000359405843317509 -0.000501407964944839
6600 10040 -3978 0.000661762309426408 3.515963588655e-05 0.000347683275222778 -0.000561969300150871
6600 9840 -3978 0.000703263375970770 3.572945484519e-05 0.000328295611917973 -0.000620938376665115
6600 9640 -3978 0.000740625213743425 3.68226632624865e-05 0.000302161892771721 -0.000675277829170227
6600 9440 -3978 0.000774977067132962 3.80920846760273e-05 0.000268144193053246 -0.000726046040415764
6600 9240 -3978 0.000803366238591023 3.96469538062811e-05 0.000228144207835197 -0.000769373592495918
6600 9040 -3978 0.000826897273894160 4.01712548956275e-05 0.000182168909758329 -0.000805595448493958
6600 8840 -3978 0.0008420858162 4.19894388467074e-05 0.000133276256680489 -0.000830411252498627
6600 8640 -3978 0.000851824523927351 4.29419533386826e-05 7.98423627614975e-05 -0.000847086779832840
6600 8440 -3978 0.000854232141492380 4.36733424216509e-05 2.47860990986228e-05 -0.000852902022361756
6800 8440 -3978 0.000985895137459142 4.34754609912634e-05 2.76847445704043e-05 -0.000984411674261093
6800 8640 -3978 0.000984115990626475 4.23832716196776e-05 9.04638675451279e-05 -0.000978609924316406
6800 8840 -3978 0.000973872310045678 4.15486061051488e-05 0.000152812277793884 -0.000960910712480545
6800 9040 -3978 0.000955744964082750 3.97600510492921e-05 0.000210751745045185 -0.000931443438053131
6800 9240 -3978 0.0009280234457 3.85882191210985e-05 0.000266499923348427 -0.000888115457773209
6800 9440 -3978 0.000893794887324800 3.71815158501267e-05 0.000314188714385033 -0.000836025721788407
6800 9640 -3978 0.000851407087328541 3.6039930306375e-05 0.0003552965458 -0.000772775513887405
6800 9840 -3978 0.000806618587246903 3.49748453199863e-05 0.000385976304531098 -0.0007074126079
6800 10040 -3978 0.000756512314478705 3.39846044778824e-05 0.000408230929970741 -0.000636017275214195
6800 10240 -3978 0.000703221848348165 3.24917242452502e-05 0.000420886206388474 -0.0005624481281
6800 10440 -3978 0.000647459083359860 3.15845747068524e-05 0.000424585607051849 -0.000487703838586807
6800 10640 -3978 0.000594953599760540 3.09167967997491e-05 0.000420513423681259 -0.000419763562679291
6800 10840 -3978 0.000541681673416317 3.01703936159611e-05 0.000409220691084862 -0.000353740259826183
6800 11040 -3978 0.000490409230951516 2.97317125163972e-05 0.000392099936783314 -0.000293266932129860
6800 11240 -3978 0.000442422596416790 3.00246233232319e-05 0.000370786894440651 -0.000239392055749893
6800 11440 -3978 0.000398341405423540 2.94990652576089e-05 0.000346702623546123 -0.000193549819916487
6800 11640 -3978 0.000357152110988234 2.9895191911608e-05 0.000321103041231632 -0.000153510516136885
6800 11840 -3978 0.000321156099952994 2.96758999153972e-05 0.000295500486373901 -0.000122080516874790
6800 12040 -3978 0.000289928391128543 2.98543544784188e-05 0.000271519206166267 -9.71828698068857e-05
6800 12240 -3978 0.000261088061428532 2.98656310588121e-05 0.000247770108163357 -7.65237751603127e-05
6800 12440 -3978 0.000235103303525314 3.02791700959206e-05 0.000225314942419529 -5.98717850148678e-05
6800 12640 -3978 0.000212736015410462 3.07734231092036e-05 0.000205131113797426 -4.74142179116607e-05
6800 12840 -3978 0.000193624622764385 3.10880336686969e-05 0.000187325919598341 -3.77487037479877e-05
6800 13040 -3978 0.000176852350647646 3.15688143707812e-05 0.000171325383633375 -3.02645546905696e-05
6800 13240 -3978 0.000161370155588257 3.17575223743916e-05 0.000156329176425934 -2.49544290304184e-05
6800 13440 -3978 0.000148753531062307 3.28284280821681e-05 0.000143660999029875 -1.99938332494348e-05
6800 13640 -3978 0.000137119428552599 3.2946866877377e-05 0.000131980372548103 -1.71249977853149e-05
6800 13840 -3978 0.000127370319628884 3.33879180178046e-05 0.000122058236241341 -1.46277914512903e-05
6800 14040 -3978 0.000118551303635003 3.39382361993194e-05 0.000112885738998652 -1.2626070171129e-05
6800 14240 -3978 0.000110850685199876 3.38852680027485e-05 0.000104726766154170 -1.1442181751132e-05
6800 14440 -3978 0.000104137332759280 3.48358327820897e-05 9.75531329214573e-05 -9.97779133403674e-06
6800 14640 -3978 9.85214422912027e-05 3.52784619778395e-05 9.15083253532648e-05 -9.19911158550531e-06
6800 14840 -3978 9.34273114774309e-05 3.63082369342446e-05 8.56868790537119e-05 -8.24966216064058e-06
7000 14840 -3978 9.30380901823036e-05 3.46969127058983e-05 8.61818711608649e-05 -4.69851026165634e-06
7000 14640 -3978 9.76252800659462e-05 3.38325427472591e-05 9.14111317843199e-05 -5.57997196074575e-06
7000 14440 -3978 0.000103879589757889 3.33985734693706e-05 9.81321976929903e-05 -5.78100632826681e-06
7000 14240 -3978 0.0001106857327 3.30077876895666e-05 0.000105580479651690 -6.32662086340133e-06
7000 14040 -3978 0.000118826775720522 3.28360146284103e-05 0.000113939090371132 -6.84967201510154e-06
7000 13840 -3978 0.000127556287456682 3.18164071775973e-05 0.000123248899012804 -8.22289399150759e-06
7000 13640 -3978 0.000137665745239668 3.14118199497461e-05 0.000133683773458004 -9.81245153199416e-06
7000 13440 -3978 0.000149843523155003 3.11192695572972e-05 0.000146076712846756 -1.20940670417622e-05
7000 13240 -3978 0.000163469178191562 3.0425995670259e-05 0.000159969519853592 -1.52274582237005e-05
7000 13040 -3978 0.000179381373628965 2.98387958444655e-05 0.000175787302315235 -1.96095293052495e-05
7000 12840 -3978 0.000197920259980703 2.97400667890906e-05 0.000194142473757267 -2.5543954052031e-05
7000 12640 -3978 0.000218636692875116 2.86794393844903e-05 0.000214020565748215 -3.43464093506336e-05
7000 12440 -3978 0.000243194751882657 2.83727366141975e-05 0.000237161175727844 -4.57583613321185e-05
7000 12240 -3978 0.000271029843332512 2.82572384662926e-05 0.000262635082364082 -6.05727218985558e-05
7000 12040 -3978 0.000303295882132696 2.81201399415731e-05 0.000290912287533283 -8.10412907749414e-05
7000 11840 -3978 0.000339469749471714 2.77248498946428e-05 0.000320754924058914 -0.000107644998759031
7000 11640 -3978 0.000380653078260646 2.73303814791143e-05 0.000352449677050114 -0.000141236398041248
7000 11440 -3978 0.000426671675426831 2.74346783682704e-05 0.000384507831633091 -0.000182926784694195
7000 11240 -3978 0.000478005627638004 2.76499307453632e-05 0.000415935077786446 -0.000234137630999088
7000 11040 -3978 0.000536373016736385 2.74559602849185e-05 0.000445757968187332 -0.000296989877939224
7000 10840 -3978 0.000597131124568050 2.80568926334381e-05 0.000469842970490456 -0.000367458805561066
7000 10640 -3978 0.000659250743131266 2.85720745809376e-05 0.000486679381489754 -0.000443811503767967
7000 10440 -3978 0.000724386006479460 2.96485357433557e-05 0.000495910759568214 -0.000527392585396767
7000 10240 -3978 0.000791989845246095 3.04313084185123e-05 0.000495127745270729 -0.000617320556163788
7000 10040 -3978 0.000857204781046322 3.17592077553272e-05 0.000483098988652229 -0.000707459716320038
7000 9840 -3978 0.000917784383745687 3.29431758970022e-05 0.000459774339556694 -0.000793691245555878
7000 9640 -3978 0.000974139168134334 3.44739029556513e-05 0.000424741206169128 -0.000875987201213837
7000 9440 -3978 0.00102593575691487 3.62695834115148e-05 0.000377711278676987 -0.000953187525510788
7000 9240 -3978 0.00106908635067246 3.74275772199035e-05 0.000321082445919514 -0.00101922576594353
7000 9040 -3978 0.00110274481019233 3.93990784361959e-05 0.000255903240680695 -0.00107203260612488
7000 8840 -3978 0.00112597366015283 4.10015831887722e-05 0.000186573487281799 -0.00110971877932549
7000 8640 -3978 0.00113988191484173 4.22619022578001e-05 0.000110104915291071 -0.0011337643578
7000 8440 -3978 0.00114349910335351 4.35041213780642e-05 3.08923810757697e-05 -0.00114225358462334
7200 8440 -3978 0.00133344993116852 4.43620642051101e-05 3.41493620574474e-05 -0.00133218904876709
7200 8640 -3978 0.00133087087734111 4.31435321643949e-05 0.000125646112620831 -0.00132428579378128
7200 8840 -3978 0.00131591821235930 4.14454349577427e-05 0.000216209862828255 -0.00129738250732422
7200 9040 -3978 0.00129002617796571 3.92492692023516e-05 0.000299318989276886 -0.0012542832818
7200 9240 -3978 0.00124924539746893 3.73007680997252e-05 0.000378718464493751 -0.00118968971157074
7200 9440 -3978 0.00119817910841737 3.48211792483926e-05 0.000446950427293778 -0.00111115074443817
7200 9640 -3978 0.00113436942238142 3.33803781196475e-05 0.000504400166273117 -0.00101534784221649
7200 9840 -3978 0.00106511089627652 3.14949141144753e-05 0.000546264469981193 -0.000913706151
7200 10040 -3978 0.000991040937348123 2.97460574246943e-05 0.000573280644059181 -0.000808295574069023
7200 10240 -3978 0.000912118506077193 2.85546584948897e-05 0.000586161945939064 -0.000697866142392158
7200 10440 -3978 0.000828018648061358 2.72823499962688e-05 0.000584423960566521 -0.000585934458136558
7200 10640 -3978 0.000747712134565470 2.62014500238001e-05 0.000570048951387406 -0.000482904786586762
7200 10840 -3978 0.000670893481084417 2.56971186362207e-05 0.000545780043244362 -0.000389697868585587
7200 11040 -3978 0.0005979771178 2.53723702915013e-05 0.000513324982881546 -0.000305752030014992
7200 11240 -3978 0.000529192633 2.46756796389818e-05 0.000474150742650032 -0.000233528517365456
7200 11440 -3978 0.000468355459288136 2.50091108456254e-05 0.000433703624963760 -0.000175021559566259
7200 11640 -3978 0.000412759511867658 2.5307915084064e-05 0.000391955616354942 -0.000126961857140064
7200 11840 -3978 0.000364642907064402 2.50783240012825e-05 0.000351960887968540 -9.12937095910311e-05
7200 12040 -3978 0.000323444231156982 2.58091227076948e-05 0.000315951504051685 -6.43552264273167e-05
7200 12240 -3978 0.000287292627193421 2.56773864589632e-05 0.000282650390386581 -4.45308950468898e-05
7200 12440 -3978 0.000255288443669761 2.63863234817982e-05 0.000252150888085365 -2.99312719777226e-05
7200 12640 -3978 0.000227862267397138 2.68952510394156e-05 0.000225524915516376 -1.98503215126693e-05
7200 12840 -3978 0.000204899241386582 2.74085396453738e-05 0.000202576081097126 -1.29625382274389e-05
7200 13040 -3978 0.000184740190156793 2.80517442375422e-05 0.0001824205873 -8.09615928294079e-06
7200 13240 -3978 0.000167480180783657 2.84565763659775e-05 0.000164962700366974 -5.26907664141618e-06
7200 13440 -3978 0.000152807929841417 2.93742164373398e-05 0.000149928695380688 -2.96734436100814e-06
7200 13640 -3978 0.000139761231446835 2.95286757051945e-05 0.000136572204738855 -2.16550224465573e-06
7200 13840 -3978 0.000128393801772941 3.00271154791117e-05 0.0001248594813 -1.92654698563274e-06
7200 14040 -3978 0.000119120740666880 3.07669780924916e-05 0.000115071047812700 -1.33936852191891e-06
7200 14240 -3978 0.000111225061929107 3.13201584070921e-05 0.000106716296076775 -1.21009128330002e-06
7200 14440 -3978 0.000104322191024179 3.23212247416377e-05 9.91826025992632e-05 -1.12663788433747e-06
7200 14640 -3978 9.81517134340078e-05 3.28891902863979e-05 9.22495920062065e-05 -1.13036721835306e-06
7200 14840 -3978 9.23931574097922e-05 3.29848861545324e-05 8.62073649913073e-05 -1.73277741194761e-06
7400 14840 -3978 9.19700981213723e-05 3.18758900538087e-05 8.62442402243614e-05 2.01842970605048e-06
7400 14640 -3978 9.71634563035973e-05 3.16085037477314e-05 9.18347791731358e-05 2.89703565445961e-06
7400 14440 -3978 0.000103143436142086 3.03459704481065e-05 9.85292219668627e-05 3.11173831868655e-06
7400 14240 -3978 0.000110710346179795 3.0102991964668e-05 0.000106458288177848 4.15012099430896e-06
7400 14040 -3978 0.000118639974070014 2.90432695746422e-05 0.000114999652266502 4.93408515548799e-06
7400 13840 -3978 0.000128047264131827 2.874112489447e-05 0.000124768233448267 5.50665181450313e-06
7400 13640 -3978 0.000139211329358228 2.78445312827826e-05 0.000136271830171347 5.98961543961195e-06
7400 13440 -3978 0.000152400133163187 2.71041693165898e-05 0.000149847970277071 6.0626795894932e-06
7400 13240 -3978 0.000168053231653000 2.6589747864753e-05 0.000165835513740778 5.78414728702046e-06
7400 13040 -3978 0.000185861459084375 2.61038295030594e-05 0.000183939647018910 4.8700460078253e-06
7400 12840 -3978 0.000207628848053420 2.54571672156453e-05 0.000205960420668125 2.38673750927046e-06
7400 12640 -3978 0.000232358125492936 2.48906321488321e-05 0.000231085183858871 -2.07700152321195e-06
7400 12440 -3978 0.000262062669565233 2.45146905109286e-05 0.000260760388255119 -8.77439422206953e-06
7400 12240 -3978 0.000296726528268367 2.39990436471999e-05 0.000295038449525833 -2.06428228393197e-05
7400 12040 -3978 0.000337286800472670 2.30384811237454e-05 0.000334293783247471 -3.84614175856113e-05
7400 11840 -3978 0.000384379679685428 2.29686878789216e-05 0.000378487131893635 -6.35838212668896e-05
7400 11640 -3978 0.000438884072043091 2.23437512218952e-05 0.000427047557473183 -9.97760841697454e-05
7400 11440 -3978 0.000502019158531978 2.20145249702036e-05 0.000478813772439957 -0.000149047807514668
7400 11240 -3978 0.000573941386890283 2.26229882277548e-05 0.000532260282397270 -0.000213295723736286
7400 11040 -3978 0.000657105379819125 2.22582576945424e-05 0.000585209454774857 -0.000298030106186867
7400 10840 -3978 0.000745528279656627 2.27432901822031e-05 0.000630923196315766 -0.000396791350483894
7400 10640 -3978 0.000837879387134109 2.34819741584361e-05 0.000666089237451553 -0.000507614241838455
7400 10440 -3978 0.0009364690381 2.49767594262958e-05 0.000689450725197792 -0.000633396351814270
7400 10240 -3978 0.00103839180524810 2.58781795017421e-05 0.000696884370923042 -0.000769545843
7400 10040 -3978 0.00113723628708966 2.79563389793038e-05 0.0006859561094 -0.000906368709087372
7400 9840 -3978 0.00122717534743383 2.96698363013566e-05 0.000656682374358177 -0.00103615186166763
7400 9640 -3978 0.00131266651587572 3.19742562547326e-05 0.000609242405414581 -0.00116255438685417
7400 9440 -3978 0.00139101738591459 3.40509587228298e-05 0.000542249240517616 -0.00128058695125580
7400 9240 -3978 0.00145471629209538 3.62287501916289e-05 0.000460785249233246 -0.00137908364081383
7400 9040 -3978 0.00150368381429903 3.86877454519272e-05 0.000367405620336533 -0.00145772498559952
7400 8840 -3978 0.00153815603293244 4.11561027243734e-05 0.000265536030292511 -0.00151422626757622
7400 8640 -3978 0.00155828882054766 4.4080767095089e-05 0.000154486883193254 -0.001549985399
7400 8440 -3978 0.00156317716145400 4.49683998003602e-05 3.89843163043261e-05 -0.00156202778148651
7600 8440 -3978 0.00184123812898313 4.69883411154151e-05 4.41741566210985e-05 -0.00184018481302261
7600 8640 -3978 0.00183858233182388 4.50492311939597e-05 0.000177764394670725 -0.00182932108068466
7600 8840 -3978 0.00181654718679343 4.25770766660571e-05 0.000310460881769657 -0.00178918116617203
7600 9040 -3978 0.00177857792579867 3.95423890426755e-05 0.000432291995525360 -0.00172478968811035
7600 9240 -3978 0.00171975420634828 3.67724091410637e-05 0.0005482355448 -0.00162928707599640
7600 9440 -3978 0.00164363337498886 3.3726341329515e-05 0.000648174174070358 -0.00150990594077110
7600 9640 -3978 0.00154865236665437 3.13071941137314e-05 0.000730752472281456 -0.00136538707494736
7600 9840 -3978 0.00144484826098271 2.81470399647951e-05 0.000789195449233055 -0.00121011889839172
7600 10040 -3978 0.00133342220691749 2.56191766783595e-05 0.000824292639493942 -0.00104780727434158
7600 10240 -3978 0.00121304445648322 2.32766313552856e-05 0.000835727626562119 -0.000878673212528229
7600 10440 -3978 0.00108551717449978 2.20895979106426e-05 0.000823383610725403 -0.000706615147590637
7600 10640 -3978 0.000962581493669156 2.07569810431451e-05 0.000789903917551041 -0.000549356280446053
7600 10840 -3978 0.000845767437458504 2.00825741812587e-05 0.000739745308399200 -0.000409848412215710
7600 11040 -3978 0.000738491473369241 1.93086443468928e-05 0.000678224130988121 -0.000291562790215015
7600 11240 -3978 0.000639443280951178 1.92850936278701e-05 0.000608679118275643 -0.000193954430252314
7600 11440 -3978 0.0005532293666 1.92776126638055e-05 0.000539418058037758 -0.000121313747793436
7600 11640 -3978 0.000477324122434262 1.99181578867138e-05 0.000472140656232834 -6.72488077580929e-05
7600 11840 -3978 0.000412560163515834 2.00603995025158e-05 0.000410881521344185 -3.13024649173021e-05
7600 12040 -3978 0.000358884280688222 2.08814581744373e-05 0.000358488341867924 -8.05275585403433e-06
7600 12240 -3978 0.000312586309544361 2.14039158150554e-05 0.000311803987979889 6.12103414782177e-06
7600 12440 -3978 0.000273246341431497 2.20164542756975e-05 0.000271974158346653 1.4348410198465e-05
7600 12640 -3978 0.000239881670253372 2.26193398758769e-05 0.000238099017083645 1.84509959332645e-05
7600 12840 -3978 0.000212936894129995 2.32501756772399e-05 0.000210728726089001 1.9400147266686e-05
7600 13040 -3978 0.000189662869786784 2.39283633157611e-05 0.000187222628712654 1.89185462836176e-05
7600 13240 -3978 0.000170211222462438 2.42830932214856e-05 0.000167524647086859 1.7793030584231e-05
7600 13440 -3978 0.000153945981188831 2.48876356892288e-05 0.000151086673915386 1.5742613825947e-05
7600 13640 -3978 0.000140078095258187 2.57591773755848e-05 0.000136954604893923 1.42047087419778e-05
7600 13840 -3978 0.000128454412977055 2.64829140901566e-05 0.000124935620546341 1.25716262091883e-05
7600 14040 -3978 0.000118565297 2.73498629108071e-05 0.000114847036838532 1.08490997025401e-05
7600 14240 -3978 0.000110348108393320 2.81292992420495e-05 0.000106203716143966 9.46330981241772e-06
7600 14440 -3978 0.000102941273762801 2.86182336881757e-05 9.85649617016315e-05 7.98838055989472e-06
7600 14640 -3978 9.63449000911155e-05 2.94542917981744e-05 9.14890805333853e-05 6.67327591148205e-06
7600 14840 -3978 9.08591827022225e-05 3.04922142215073e-05 8.5410582318902e-05 5.53609800596314e-06
7800 14840 -3978 8.98326192388759e-05 2.87786425873637e-05 8.47930239439011e-05 8.79871226008982e-06
7800 14640 -3978 9.51128298372947e-05 2.80530654229224e-05 9.03058354407549e-05 1.01293843500316e-05
7800 14440 -3978 0.000101320687874978 2.73155477382243e-05 9.68120915144682e-05 1.20504764113575e-05
7800 14240 -3978 0.000108027394991920 2.5676394470036e-05 0.000104035350516438 1.35969511596486e-05
7800 14040 -3978 0.000116816129641024 2.55965573787689e-05 0.000112742330223322 1.65590383503586e-05
7800 13840 -3978 0.000126100747043595 2.40444924756885e-05 0.000122254552841186 1.8858708024025e-05
7800 13640 -3978 0.0001381184591 2.37220931388438e-05 0.000134121991246939 2.24488646909595e-05
7800 13440 -3978 0.000152170880579866 2.32802317738533e-05 0.000148041913717985 2.6107745051384e-05
7800 13240 -3978 0.0001690271785 2.27405765652657e-05 0.000164761166185141 3.00912135466933e-05
7800 13040 -3978 0.000188413100668035 2.19349098429084e-05 0.000184064911067486 3.36573328450322e-05
7800 12840 -3978 0.000212966650674341 2.15686501376331e-05 0.0002084867987 3.78798908665776e-05
7800 12640 -3978 0.0002420952232 2.09609905444086e-05 0.000237632236540318 4.1251110650599e-05
7800 12440 -3978 0.000277910275832236 2.00725028254092e-05 0.000273927843868732 4.26699515357614e-05
7800 12240 -3978 0.000319692963412969 1.91443432681263e-05 0.000316513986110687 4.01846210509539e-05
7800 12040 -3978 0.000371752617342280 1.882037679106e-05 0.000369850472033024 3.27258283048868e-05
7800 11840 -3978 0.0004333228367 1.766479322128e-05 0.000432687696099281 1.53938060561195e-05
7800 11640 -3978 0.000506660148877288 1.71686444170773e-05 0.000506123167276382 -1.5782384336926e-05
7800 11440 -3978 0.000592962204390010 1.60277927089483e-05 0.000589002828359604 -6.69512968659401e-05
7800 11240 -3978 0.000695073308746894 1.64495073761791e-05 0.000679843643426895 -0.000143280441820622
7800 11040 -3978 0.000816186751324766 1.58454327192158e-05 0.000775114287018776 -0.000255570545196533
7800 10840 -3978 0.000949117505922917 1.6557953638956e-05 0.000861721436977386 -0.000397312028825283
7800 10640 -3978 0.00108965031944702 1.71230669952929e-05 0.000931559455871582 -0.000565014689564705
7800 10440 -3978 0.0012419997904 1.88866015188396e-05 0.000982253810167313 -0.000759639525532722
7800 10240 -3978 0.00139854616553122 2.06091100014746e-05 0.00100544276475906 -0.000971735961198807
7800 10040 -3978 0.0015491754294 2.34683721363544e-05 0.000997048425197601 -0.0011851284821
7800 9840 -3978 0.00168769220187375 2.6068230483681e-05 0.000958007019281387 -0.00138918967986107
7800 9640 -3978 0.0018146628611 2.97707458473742e-05 0.000889799575567245 -0.00158155370831490
7800 9440 -3978 0.00192934894139607 3.29362137764692e-05 0.0007918182857 -0.00175926950168610
7800 9240 -3978 0.00202217360381552 3.62611519247293e-05 0.000672387929797172 -0.00190682796001434
7800 9040 -3978 0.00209443674735174 3.97431293204427e-05 0.000532881601929665 -0.00202542596244812
7800 8840 -3978 0.00214314886959391 4.31478733643889e-05 0.000382708533287048 -0.00210814852666855
7800 8640 -3978 0.00217245843563345 4.73959283009172e-05 0.000220581611931324 -0.00216071123313904
7800 8440 -3978 0.00217835124204725 4.92201835587621e-05 5.14379149749875e-05 -0.00217738320493698
8000 8440 -3978 0.0025876047526 5.22628496363759e-05 5.77799495905638e-05 -0.00258632418918610
8000 8640 -3978 0.00258344995253746 5.01981712132692e-05 0.000255083163499832 -0.00257033584976196
8000 8840 -3978 0.00255419121291927 4.58032668530941e-05 0.000448558802485466 -0.00251391398477554
8000 9040 -3978 0.00250037697069531 4.18194058835507e-05 0.000629622806310654 -0.00241944441032410
8000 9240 -3978 0.00241526137356875 3.74861857369542e-05 0.000803015555858612 -0.00227744088888168
8000 9440 -3978 0.00230790160649575 3.31075139120221e-05 0.000951242757558822 -0.0021021769762
8000 9640 -3978 0.00217015811932521 2.95118098407984e-05 0.00107575934314728 -0.00188522792291641
8000 9840 -3978 0.00201694041584368 2.48145510070026e-05 0.00116294292044640 -0.00164724788904190
8000 10040 -3978 0.00184756617008506 2.13338786512613e-05 0.00121354273796082 -0.00139245294785500
8000 10240 -3978 0.00166366641773033 1.79883834943175e-05 0.00122399242448807 -0.00112638089728355
8000 10440 -3978 0.00146508435415339 1.5814978023991e-05 0.00119181181335449 -0.000852595311641693
8000 10640 -3978 0.00127374514718354 1.39359662653878e-05 0.00112192736983299 -0.0006034281342
8000 10840 -3978 0.00109379239061453 1.22970600230619e-05 0.00102278532719612 -0.0003878495115
8000 11040 -3978 0.000929492199 1.23047597715631e-05 0.000904695971965790 -0.000212907348871231
8000 11240 -3978 0.000782880536529144 1.28631995525211e-05 0.000778192845821381 -8.36726230680943e-05
8000 11440 -3978 0.000658874480238002 1.34883072003722e-05 0.000658736175656319 -1.52920265387365e-07
8000 11640 -3978 0.0005522149707 1.36311248736456e-05 0.0005499291048 4.83107201531529e-05
8000 11840 -3978 0.000464530645684468 1.49418426826596e-05 0.000458631278395653 7.24234956651926e-05
8000 12040 -3978 0.000393899109493152 1.57734097652137e-05 0.000385301266968250 8.03158868253231e-05
8000 12240 -3978 0.000335206686378711 1.66370890066028e-05 0.000325115031182766 7.91282841712237e-05
8000 12440 -3978 0.000286088622174736 1.76914307456464e-05 0.000276065207898617 7.36384330689907e-05
8000 12640 -3978 0.0002469120236 1.83181770145893e-05 0.000237259283661842 6.59000449478626e-05
8000 12840 -3978 0.000215687891610663 1.9084540322423e-05 0.000206924519062042 5.79323745369911e-05
8000 13040 -3978 0.0001901779858 1.95711366795003e-05 0.000182139930754900 4.97905679568648e-05
8000 13240 -3978 0.000168755411460247 2.01539273671806e-05 0.0001621001442 4.23439680337906e-05
8000 13440 -3978 0.000151484486430809 2.10985506959259e-05 0.000145539093673229 3.63017383739352e-05
8000 13640 -3978 0.000137167355426698 2.17048932351172e-05 0.000131865952193737 3.09055279269814e-05
8000 13840 -3978 0.000124925698544650 2.21978120803833e-05 0.000120192828774452 2.58562626428902e-05
8000 14040 -3978 0.000115216076861932 2.31266551949084e-05 0.000110642807930708 2.20129849426448e-05
8000 14240 -3978 0.000107040941843761 2.39483873993158e-05 0.000102641117855906 1.8543310213834e-05
8000 14440 -3978 0.000100133901940224 2.49053978137672e-05 9.56968147605657e-05 1.59659536965191e-05
8000 14640 -3978 9.39033721775735e-05 2.56061035729945e-05 8.93298397064209e-05 1.35037218630314e-05
8000 14840 -3978 8.84439926902399e-05 2.67853830419481e-05 8.34810169637203e-05 1.14979491587728e-05
