# amount of points in x direction: 66 (distance of 200 steps)
# amount of points in y direction: 13 (distance of 183 steps)
# abs. coordinates of point 1: P1 (, , ) (offsets not corrected)
# Offsets of the hall probe have already been corrected for all following coordinates.
#
# X (absolute in steps=10um) Y (absolute in steps=10um) Z (absolute in steps=10um) Babs(in T) Bx By Bz
6000 7240 -5578 0.000456002569061303 0.000226585169613361 -0.000120906676083803 -0.0003767520473
6000 7423 -5578 0.000468550655167264 0.000233478644669056 -0.000103358921274543 -0.000392876759231091
6000 7606 -5578 0.000480180173866397 0.000239248161554336 -8.37688182294369e-05 -0.000407963046431542
6000 7789 -5578 0.000489897965188234 0.000244300611376762 -6.27283033579588e-05 -0.000419886634111405
6000 7972 -5578 0.000497262542859061 0.000248177537739277 -3.97677545771003e-05 -0.000429212006688118
6000 8155 -5578 0.000502033907257941 0.000250453449428081 -1.5874885590747e-05 -0.000434741471648216
6000 8338 -5578 0.000504625893515404 0.000251527605652809 7.83469061506912e-06 -0.000437393702387810
6000 8521 -5578 0.000504717463162316 0.000251059690654278 3.1966083265841e-05 -0.000436677133440971
6000 8704 -5578 0.000502128044742654 0.000249701023638248 5.59670805484056e-05 -0.0004319895116
6000 8887 -5578 0.000496793908693438 0.000247008425533772 7.91443086117506e-05 -0.000423700847744942
6000 9070 -5578 0.000489258638242935 0.000242486887216568 0.0001007538107 -0.000412996852278709
6000 9253 -5578 0.000479538629158609 0.000237062882065773 0.000121054471313953 -0.000398878805875778
6000 9436 -5578 0.000467592783856887 0.0002304539203 0.000139053741484881 -0.000382415862679482
6200 9436 -5578 0.000516551910838997 0.000259301274895668 0.000159760220915079 -0.000417332666873932
6200 9253 -5578 0.000530679414764985 0.000267284703373909 0.000139064095199108 -0.000436841357469559
6200 9070 -5578 0.000542276802843379 0.000273804263174534 0.000116121512264013 -0.000453556820869446
6200 8887 -5578 0.000551348548321223 0.000279228061139584 9.080480055511e-05 -0.000466659833073616
6200 8704 -5578 0.000557600909648625 0.000282610621154308 6.38748936206103e-05 -0.000476304233074188
6200 8521 -5578 0.000560324567529982 0.000284347285330296 3.60974753275514e-05 -0.000481463617086411
6200 8338 -5578 0.000560453648883794 0.000284964134871960 8.03232158254832e-06 -0.000482742810964584
6200 8155 -5578 0.000557438012973791 0.000283186160862446 -2.00978542789817e-05 -0.000479695049881935
6200 7972 -5578 0.000550985174983535 0.000280417977511883 -4.71614801064134e-05 -0.000471977464914322
6200 7789 -5578 0.000542261142916196 0.000275829498350620 -7.36225804537535e-05 -0.0004610718131
6200 7606 -5578 0.000530871642075320 0.000269742556452751 -9.80098000615835e-05 -0.0004466069107
6200 7423 -5578 0.000516998550826272 0.000261899668574333 -0.000120403779685497 -0.000429169170856476
6200 7240 -5578 0.000501162440147773 0.000253259485125542 -0.000140428718656301 -0.0004090152269
6400 7240 -5578 0.000553331315390928 0.000285773718237877 -0.000163252184242010 -0.000444901752829552
6400 7423 -5578 0.000572208358016548 0.000296292595922947 -0.000141148854196072 -0.000468858014941216
6400 7606 -5578 0.000589085041045387 0.000305648537158966 -0.000115436548531055 -0.0004901134417
6400 7789 -5578 0.000603141512188861 0.000312989205777645 -8.71418927013874e-05 -0.000508199148774147
6400 7972 -5578 0.000613913955858437 0.000319691750526428 -5.64453394860029e-05 -0.000521129652619362
6400 8155 -5578 0.000621443285275374 0.000323078837513924 -2.4789351478219e-05 -0.000530265282034874
6400 8338 -5578 0.000625328085376803 0.000325030651390553 7.93889664718882e-06 -0.000534160335421562
6400 8521 -5578 0.000625602902943868 0.000324542588233948 4.0995891392231e-05 -0.000533329146862030
6400 8704 -5578 0.000621807336380735 0.000322182916581631 7.33473076373339e-05 -0.0005268494029
6400 8887 -5578 0.000614794757176080 0.000318149066925049 0.000104423496082425 -0.0005154746828
6400 9070 -5578 0.000604097464181356 0.000311681201219559 0.000133461423456669 -0.000500138804793358
6400 9253 -5578 0.000590271896792380 0.000303502414584160 0.000160383149176836 -0.000480034001350403
6400 9436 -5578 0.000573325944162876 0.000293465500473976 0.000183698818057775 -0.000456965983390808
6600 9436 -5578 0.000639192065781829 0.000335345563232899 0.000212920669019222 -0.0005008307836
6600 9253 -5578 0.000659054692888877 0.000347039680123329 0.0001859253481 -0.000528457088232041
6600 9070 -5578 0.000676025095276232 0.0003570406174 0.0001550424371 -0.000552714908123016
6600 8887 -5578 0.000688826052028966 0.000365211803436279 0.000121171422392130 -0.000571331037998200
6600 8704 -5578 0.000697153810069622 0.000370660888910294 8.47633218318224e-05 -0.000584299109935761
6600 8521 -5578 0.000701355528638455 0.000373206310629845 4.63780167251825e-05 -0.000591892602682114
6600 8338 -5578 0.000700984526579138 0.000373340540468693 7.81866470770911e-06 -0.000593426097154618
6600 8155 -5578 0.000696125470713563 0.000370961498856545 -3.0529006768018e-05 -0.000588279187798500
6600 7972 -5578 0.000686891080653921 0.000366678594231605 -6.73981316536665e-05 -0.000576908707737923
6600 7789 -5578 0.0006736462418 0.000358890882194042 -0.000103019250914454 -0.000560729557871819
6600 7606 -5578 0.000656789632058236 0.000349133983433247 -0.000135922544956207 -0.000539683896422386
6600 7423 -5578 0.000636100211238832 0.000337481918871403 -0.000165427314549685 -0.000513396476268768
6600 7240 -5578 0.000613087689769584 0.000324342603087425 -0.0001909969086 -0.000484033043026924
6800 7240 -5578 0.000683234029380742 0.000370893962442875 -0.000224592128992081 -0.000528028922796249
6800 7423 -5578 0.000711242072981013 0.000387373595118523 -0.000195574648261070 -0.000563558396339417
6800 7606 -5578 0.0007356275842 0.0004018081901 -0.000161382527828217 -0.000594851526737213
6800 7789 -5578 0.0007567242298 0.000414176616430283 -0.000122915448516607 -0.000621273758411408
6800 7972 -5578 0.000773094744750146 0.000423494045972824 -8.13234349191189e-05 -0.000641711549997330
6800 8155 -5578 0.000784393798144249 0.000429716550946236 -3.74544738531113e-05 -0.000655042652487755
6800 8338 -5578 0.000790497633946454 0.000432808733940124 7.77937592938542e-06 -0.000661493175983429
6800 8521 -5578 0.000791054004130199 0.0004322429943 5.32803250923753e-05 -0.000660249930143356
6800 8704 -5578 0.000786193530863719 0.000429168725013733 9.80412439405918e-05 -0.000651521346569062
6800 8887 -5578 0.000775933727961877 0.000422888338565826 0.0001409753386 -0.000635107301950455
6800 9070 -5578 0.000760471236612526 0.000412883687138557 0.000180668953895569 -0.000612660283923149
6800 9253 -5578 0.000740238002478585 0.000400294291675091 0.000216639441728592 -0.000583768400073051
6800 9436 -5578 0.000715979330516789 0.000385432321548462 0.000247907876253128 -0.000550128079771996
7000 9436 -5578 0.000806034689022054 0.0004463617773 0.000290023377537727 -0.000605259881496429
7000 9253 -5578 0.000835399596667281 0.000464549208998680 0.000253993869662285 -0.0006461209824
7000 9070 -5578 0.000859924651280941 0.000480354545712471 0.000212327893018723 -0.000680811213493347
7000 8887 -5578 0.000878626347682736 0.000492248270153999 0.000165027948230505 -0.000708861610412598
7000 8704 -5578 0.000891207653494210 0.000500161834716797 0.000114213138610125 -0.000728501257061958
7000 8521 -5578 0.000897340980797235 0.000505158726334572 6.11484413295984e-05 -0.000738946912884712
7000 8338 -5578 0.000896044232828233 0.000504690801620483 7.09246007927868e-06 -0.000740419352054596
7000 8155 -5578 0.000888579923428817 0.000501044128179550 -4.66913755089045e-05 -0.000732281004428864
7000 7972 -5578 0.000874494067784162 0.000493483816385269 -9.79009026288986e-05 -0.000715448649883270
7000 7789 -5578 0.000854622700710685 0.000481476499915123 -0.000147312450796366 -0.000690554677963257
7000 7606 -5578 0.000829148666131294 0.000466492507934570 -0.000191961753040552 -0.000658166834235191
7000 7423 -5578 0.000798448130680043 0.000448030449032783 -0.000231709827840328 -0.000618870856761932
7000 7240 -5578 0.000764343218274318 0.0004267168852 -0.000265295540690422 -0.0005759787594
7200 7240 -5578 0.000859712076699344 0.000495644653439522 -0.000315175159752369 -0.000627959410429001
7200 7423 -5578 0.000901641651313742 0.000522050385117531 -0.000276858820259571 -0.0006811278156
7200 7606 -5578 0.000939163894949404 0.0005446438719 -0.000230500369727611 -0.000729556432962418
7200 7789 -5578 0.000970719801710602 0.000564132858037949 -0.000177445198923349 -0.000769781951785088
7200 7972 -5578 0.000995350914989844 0.000579231554150581 -0.000118795044898987 -0.000800563972473144
7200 8155 -5578 0.00101260353255994 0.000589022313952446 -5.739230273664e-05 -0.000821683017730713
7200 8338 -5578 0.00102238084608064 0.0005939884063 6.06975016151046e-06 -0.000832002252578735
7200 8521 -5578 0.00102349920069672 0.000593718762159348 7.03785883486271e-05 -0.000830588046550751
7200 8704 -5578 0.00101660734427191 0.000588202966094017 0.000133638075619936 -0.000818301039218903
7200 8887 -5578 0.00100136917016731 0.000578449083447456 0.000194077482730150 -0.000794185813069344
7200 9070 -5578 0.000978889886661862 0.000563754634857178 0.000249253661990166 -0.000760446404337883
7200 9253 -5578 0.000948962915091414 0.000544059884190559 0.0002990498265 -0.0007176803801
7200 9436 -5578 0.000912972704635487 0.000520677197813988 0.000341038203537464 -0.000667973064184189
7400 9436 -5578 0.00104052912701059 0.000612812794089317 0.0004036887086 -0.000737631078958511
7400 9253 -5578 0.00108388464189425 0.000641269068121910 0.000354423441112041 -0.000798794671654701
7400 9070 -5578 0.00112060613501791 0.000665385795474053 0.000296008014738560 -0.000851703650474549
7400 8887 -5578 0.00114859008376929 0.000684581223726273 0.000229958246171474 -0.0008931415348
7400 8704 -5578 0.00116701164623738 0.000697458343863487 0.000157929442286491 -0.000922192952632904
7400 8521 -5578 0.00117551593502954 0.000703596396088600 8.18840322196484e-05 -0.000938150251626969
7400 8338 -5578 0.00117378165145272 0.000703539304971695 4.64796511470195e-06 -0.000939697150230408
7400 8155 -5578 0.0011621607909 0.000697569443464279 -7.1967978656292e-05 -0.000926733610868454
7400 7972 -5578 0.00114055318286693 0.000685285547256470 -0.000145039759039879 -0.000900076769590378
7400 7789 -5578 0.00110996839605710 0.0006662754215 -0.000214754828214645 -0.000861284048795700
7400 7606 -5578 0.00107132179837981 0.000641915627598762 -0.000277197640419006 -0.000811953812599182
7400 7423 -5578 0.00102492222779125 0.000612693755865097 -0.000331827541589737 -0.000751392197012901
7400 7240 -5578 0.000972491817369725 0.000578858253836632 -0.000376544093787670 -0.0006849954257
7600 7240 -5578 0.0011086073078 0.000682362064838410 -0.000452610080361366 -0.000747352855443954
7600 7423 -5578 0.00117265639107155 0.000724421413183212 -0.000401353355467319 -0.000830228721618652
7600 7606 -5578 0.00122994651995469 0.000762051244854927 -0.000336428646087647 -0.000904942429780960
7600 7789 -5578 0.00127827073963347 0.000792451122522354 -0.000261799888849258 -0.000968186432123184
7600 7972 -5578 0.00131619308046212 0.000816699709415436 -0.000178043336957693 -0.00101669384765625
7600 8155 -5578 0.00134288898229347 0.000832225973367691 -8.94873713105917e-05 -0.00105017085385323
7600 8338 -5578 0.00135771985547643 0.000839983533859253 2.61643721332075e-06 -0.00106680939579010
7600 8521 -5578 0.00136015362466142 0.000840126993179321 9.57358261793852e-05 -0.00106537784433365
7600 8704 -5578 0.00135031759628405 0.000832611773967743 0.000187126552343369 -0.00104646973109245
7600 8887 -5578 0.00132717910812418 0.0008163064258 0.000274063257813454 -0.00100985198974609
7600 9070 -5578 0.00129367264754473 0.000793240916013718 0.000352631477832794 -0.000959069552898407
7600 9253 -5578 0.00124782583316361 0.000762118094325066 0.000422702685713768 -0.000893355925559998
7600 9436 -5578 0.00119400233361467 0.000726035312891006 0.000480575164198875 -0.000816732652425766
7800 9436 -5578 0.0013810820305 0.000867679615020752 0.000576156391143799 -0.000907063134431839
7800 9253 -5578 0.00144767358842959 0.000913010444641113 0.000507843294024467 -0.00100199700617790
7800 9070 -5578 0.00150345330205028 0.000951549921035767 0.000424376529693603 -0.00108364698481560
7800 8887 -5578 0.00154559219956635 0.000980832913875580 0.0003286738252 -0.00114841036295891
7800 8704 -5578 0.00157360755698554 0.00100075063586235 0.000223328098416328 -0.0011936022675
7800 8521 -5578 0.00158640817443233 0.0010100604968 0.000112606415420771 -0.00121789288258553
7800 8338 -5578 0.00158304238079095 0.00101030651712418 -2.13480380141846e-07 -0.00121873587274551
7800 8155 -5578 0.0015646498952 0.0010004878323 -0.000112010298281908 -0.00119774807238579
7800 7972 -5578 0.00153140111235647 0.000980779110670090 -0.000219109356582165 -0.00115559470176697
7800 7789 -5578 0.00148431153571835 0.000950755489349365 -0.000320195933878422 -0.00109376112747192
7800 7606 -5578 0.00142483369234807 0.000912532402515412 -0.000409747460722923 -0.00101462809967995
7800 7423 -5578 0.00135327975137693 0.000865124703168869 -0.000486694161295891 -0.000919971389532089
7800 7240 -5578 0.00127307727144357 0.000810444526910782 -0.000547353461146355 -0.000815051898
8000 7240 -5578 0.00147620237263679 0.000972107683897018 -0.000667962509036064 -0.000887970783710480
8000 7423 -5578 0.00157591784394795 0.00104131484532356 -0.000596381384134293 -0.00102180160832405
8000 7606 -5578 0.0016648707762 0.00110160875058174 -0.000503934258341789 -0.00114223784065247
8000 7789 -5578 0.00173980823607638 0.00115073095273972 -0.0003943414275 -0.00124351064467430
8000 7972 -5578 0.00179781462609500 0.00118798770546913 -0.000271362344920635 -0.00132181130242348
8000 8155 -5578 0.00183917024684891 0.00121282337498665 -0.000140912561625242 -0.00137535698008537
8000 8338 -5578 0.0018620816649 0.00122494168663025 -4.25633939664112e-06 -0.00140233739113808
8000 8521 -5578 0.00186640257501567 0.00122515328502655 0.000133535132259130 -0.00140157240056992
8000 8704 -5578 0.0018515099251 0.00121338693761826 0.000268060045599937 -0.00137256145739555
8000 8887 -5578 0.00181694649206983 0.00118891094613075 0.000396329370856285 -0.00131544063305855
8000 9070 -5578 0.00176613470836448 0.00115290452837944 0.000511925071835518 -0.00123615160059929
8000 9253 -5578 0.00169613007545215 0.00110459628939629 0.000614270190477371 -0.00113103375101089
8000 9436 -5578 0.00161267790886359 0.00104640100646019 0.000696222447037697 -0.00101048330068588
8200 9436 -5578 0.00190384176122081 0.00127383957147598 0.000848325924158096 -0.00113222270679474
8200 9253 -5578 0.00200674913227297 0.00134627928662300 0.000748921092987061 -0.00128602514243126
8200 9070 -5578 0.00209190070243479 0.00140506792545319 0.0006250050677 -0.0014181683042
8200 8887 -5578 0.0021559655451 0.00145070239162445 0.000481604085445404 -0.0015205384221
8200 8704 -5578 0.00219753941112781 0.00148049249935150 0.000324897124111652 -0.00159126069593430
8200 8521 -5578 0.00221667594748086 0.00149545560288429 0.000159385871618986 -0.00162838853073120
8200 8338 -5578 0.00221149737053835 0.00149513273787498 -9.44907636913558e-06 -0.00162962243843079
8200 8155 -5578 0.00218322679442093 0.00148010753202438 -0.000177372284650803 -0.00159491459035873
8200 7972 -5578 0.00213232239801130 0.00145022240924835 -0.000337213342130184 -0.00152659219169617
8200 7789 -5578 0.00206036534321234 0.0014036511538 -0.000487891013622284 -0.00142717593336105
8200 7606 -5578 0.00196840166516427 0.00134284174466133 -0.000621757769584656 -0.00129796247148514
8200 7423 -5578 0.00185712928383935 0.0012669872117 -0.000734794176340103 -0.00114166775822639
8200 7240 -5578 0.00173152700466505 0.00117787424707413 -0.000820993730783463 -0.000968167234897613
8400 7240 -5578 0.00206256542031403 0.00144526256918907 -0.00102011606693268 -0.0010604710927
8400 7423 -5578 0.00221884416071247 0.00155821067309380 -0.000914914275884628 -0.00128770368313789
8400 7606 -5578 0.00235611234511103 0.00165267140769958 -0.000774700616955757 -0.00149015760111809
8400 7789 -5578 0.00247020555456359 0.00172749505233765 -0.000608313775897026 -0.00165791390609741
8400 7972 -5578 0.00255824584855207 0.00178418387937546 -0.000420886658430100 -0.00178449990653992
8400 8155 -5578 0.0026203544081 0.00181980872535706 -0.000223546521723270 -0.00187191924381256
8400 8338 -5578 0.00265458053669461 0.00183772545814514 -1.72300600924063e-05 -0.00191553284788132
8400 8521 -5578 0.00266114620217271 0.00183809005832672 0.000191010905086994 -0.00191476210117340
8400 8704 -5578 0.00263910314809357 0.00181983455848694 0.000394868161737919 -0.00186988563537598
8400 8887 -5578 0.00258811747288077 0.00178394726562500 0.000589015484333038 -0.00177996497774124
8400 9070 -5578 0.00251215545756974 0.00173007563018799 0.000764416108369827 -0.00165330921792984
8400 9253 -5578 0.00240657730031079 0.00165713126611710 0.000919887603521347 -0.00148288631248474
8400 9436 -5578 0.00227863533253704 0.00156733935809135 0.00104384755539894 -0.00128279973053932
8600 9436 -5578 0.00277233847104753 0.00195077692222595 0.00129783261227608 -0.00148265778446197
8600 9253 -5578 0.00292674652098630 0.00205855244445801 0.00114161092877388 -0.00173961985301971
8600 9070 -5578 0.0030519109421 0.00214403047752380 0.000947216261148453 -0.00195482318687439
8600 8887 -5578 0.00314496700957275 0.0022086991415 0.000725847111463547 -0.00211773394775391
8600 8704 -5578 0.00320515094246969 0.00225070796489716 0.000485215390443802 -0.00222981539916992
8600 8521 -5578 0.00323203838696293 0.00227084222221375 0.000230666168093681 -0.00228827312088013
8600 8338 -5578 0.00322458586607461 0.00227170468521118 -2.65920969881117e-05 -0.00228836288452148
8600 8155 -5578 0.00318399335625964 0.0022517418437 -0.000282166602611542 -0.00223373148393631
8600 7972 -5578 0.00311060037938955 0.00221098951292038 -0.000526794349431992 -0.00212398148965836
8600 7789 -5578 0.00300521067854537 0.0021448861351 -0.000760721638441086 -0.00196206707715988
8600 7606 -5578 0.00286855403948795 0.00205672043275833 -0.000968894320487976 -0.00174900917577744
8600 7423 -5578 0.00270050287858380 0.00194280576467514 -0.00114688878989220 -0.00148389234852791
8600 7240 -5578 0.00250643973279088 0.00180174918222427 -0.00128304950499535 -0.00117886555051804
8800 7240 -5578 0.00312201583447584 0.00228738498973846 -0.00163336738729477 -0.00135910659742355
8800 7423 -5578 0.00335054508308065 0.00245201031255722 -0.0014532725749 -0.00176152920341492
8800 7606 -5578 0.00354695613156237 0.0025829251914 -0.00122216448235512 -0.00210142479705811
8800 7789 -5578 0.00370642949818329 0.00268142701196671 -0.000954716418266296 -0.002373914186
8800 7972 -5578 0.00382731331817221 0.00275367568969727 -0.000660685328722000 -0.00257486577367783
8800 8155 -5578 0.00391144700359741 0.00279718507194519 -0.000355275049567223 -0.00271088938903809
8800 8338 -5578 0.00395755026708607 0.00281791576623917 -3.83429400846362e-05 -0.00277828414535522
8800 8521 -5578 0.00396549440406507 0.00281600904798508 0.000280594017863274 -0.00277754092836380
8800 8704 -5578 0.00393522510324811 0.00279310720777512 0.000593894755959511 -0.00270773664855957
8800 8887 -5578 0.00386627730386638 0.0027471222434 0.000896338362455368 -0.00256844349813461
8800 9070 -5578 0.00376242009905487 0.00267609962081909 0.0011732573142 -0.00237042311668396
8800 9253 -5578 0.00361664443416514 0.00257956453847885 0.00142371265983582 -0.00209705027723312
8800 9436 -5578 0.00343663772505974 0.00245620831823349 0.00163008745765686 -0.0017664468379
9000 9436 -5578 0.00433539478338250 0.00311465819025040 0.00206024977207184 -0.00220241920232773
9000 9253 -5578 0.0045282805103 0.00324163967323303 0.00178319007778168 -0.00261084648418426
9000 9070 -5578 0.00468292615376848 0.00334021110153198 0.00146121721577644 -0.00293838553953171
9000 8887 -5578 0.00479838427998908 0.00341512778854370 0.00110729428601265 -0.00318412695837021
9000 8704 -5578 0.00487227332378206 0.00346195789813995 0.000730839352488518 -0.00334959231758118
9000 8521 -5578 0.0049056909763 0.00348670695114136 0.0003408853172 -0.003434170475
9000 8338 -5578 0.00489729223451376 0.00349000436306000 -5.29508755505085e-05 -0.0034350728712
9000 8155 -5578 0.00484807275169707 0.00347050081062317 -0.000444915934324265 -0.00335614369964600
9000 7972 -5578 0.00475797319704205 0.00342944042301178 -0.000823707683086395 -0.00319316678667068
9000 7789 -5578 0.00462639910737646 0.00335731718635559 -0.00119495011782646 -0.0029502685008
9000 7606 -5578 0.00445618343821565 0.00325955328941345 -0.00153592723965645 -0.00262129949951172
9000 7423 -5578 0.00424388294837018 0.00312747748231888 -0.00184244876098633 -0.00219957586336136
9000 7240 -5578 0.00399589756318268 0.00295482899045944 -0.00209736131191254 -0.00168490777444840
9200 7240 -5578 0.0051966972212 0.00383059138679505 -0.00268298586511612 -0.00226578430843353
9200 7423 -5578 0.00542595359893677 0.00397743827724457 -0.00232718861436844 -0.00286446336364746
9200 7606 -5578 0.00563273791347091 0.00409411063098907 -0.00192121763801575 -0.00335789051437378
9200 7789 -5578 0.00580454719939981 0.00418098078727722 -0.00148299041438103 -0.00374368535614014
9200 7972 -5578 0.00593697691787814 0.00424530826377869 -0.0010191695435 -0.00402332261943817
9200 8155 -5578 0.00602889343091423 0.0042796511898 -0.000549306260943413 -0.00421071952915192
9200 8338 -5578 0.00607845586571562 0.00429387797164917 -6.97563813179731e-05 -0.00430205483627319
9200 8521 -5578 0.00608705239038962 0.00428799034881592 0.000412456788361072 -0.00430038390254975
9200 8704 -5578 0.00605090837661291 0.00426201867866516 0.000889277362585068 -0.00420234261322021
9200 8887 -5578 0.00597772497883622 0.00421934574222565 0.00135675385046005 -0.00401068421745300
9200 9070 -5578 0.00586454069439772 0.00414984998321533 0.00179831279611588 -0.00373331672382355
9200 9253 -5578 0.00570688986802717 0.00405648413276672 0.00221909050703049 -0.00334497180557251
9200 9436 -5578 0.00551809273729883 0.00393804332351685 0.00259403330564499 -0.00286528157281876
9400 9436 -5578 0.00700479083199454 0.00491011928653717 0.00322677593994141 -0.00381480691051483
9400 9253 -5578 0.0071829529617 0.00501238781738281 0.00273638223695755 -0.00435602997398377
9400 9070 -5578 0.00733166026192724 0.0050917093954 0.00220721796274185 -0.00479127644062042
9400 8887 -5578 0.00744612953035890 0.00515486943626404 0.00165151450109482 -0.00511362378215790
9400 8704 -5578 0.00751897254439423 0.0051935458126 0.00107994043827057 -0.0053283463459
9400 8521 -5578 0.00755223493819362 0.00521508350944519 0.000497837742328644 -0.00543990994262695
9400 8338 -5578 0.00754530499615975 0.00522465783309937 -8.44046292752027e-05 -0.00544322505092621
9400 8155 -5578 0.00749787704241922 0.00521699391174316 -0.000668383068561554 -0.0053436316061
9400 7972 -5578 0.00741026162984649 0.0051953850193 -0.0012423174436 -0.00513526852321625
9400 7789 -5578 0.00728075657761049 0.00514616811466217 -0.00181286044931412 -0.00482120187664032
9400 7606 -5578 0.00711565912179061 0.00507793708705902 -0.00236023554992676 -0.00439067347049713
9400 7423 -5578 0.00691861824371334 0.00498376702404022 -0.00288642817258835 -0.00383268767261505
9400 7240 -5578 0.00670740739944972 0.00486375322532654 -0.00337188395404816 -0.00315829218816757
9600 7240 -5578 0.00848287801275955 0.00600254558753967 -0.00414209245872498 -0.00433263613891602
9600 7423 -5578 0.00871152141829630 0.00611563575458527 -0.0035274173212 -0.00510343730735779
9600 7606 -5578 0.00891129913392800 0.00619161876487732 -0.00286733995771408 -0.00573219393062592
9600 7789 -5578 0.00907261970176209 0.00623685876274109 -0.00218557119321823 -0.00621550553226471
9600 7972 -5578 0.00919359896976324 0.00626720301818848 -0.0014900658164 -0.00655989847946167
9600 8155 -5578 0.00927440718125725 0.00627119108486176 -0.000799490474820137 -0.00678583863067627
9600 8338 -5578 0.00931604524178003 0.006267432621 -0.000102973126456141 -0.00689216100692749
9600 8521 -5578 0.00932130642033085 0.00625428580665588 0.000595732251763344 -0.00688615868186951
9600 8704 -5578 0.0092916600707 0.00623646120357514 0.00128861185812950 -0.00676648103332520
9600 8887 -5578 0.00922416176387573 0.00620845852661133 0.00198078478527069 -0.00652828687477112
9600 9070 -5578 0.00912066323063505 0.00616027403068543 0.00265075603055954 -0.00618150581169128
9600 9253 -5578 0.00897427497411606 0.00609673287582397 0.0033171042509 -0.00568865162467957
9600 9436 -5578 0.00879641712204022 0.00600889385223389 0.0039417840023 -0.00507259746456146
9800 9436 -5578 0.0109877711812205 0.00726368525123596 0.00475508683776855 -0.00673542207527161
9800 9253 -5578 0.0111535060335 0.0073148549633 0.00397296131801605 -0.00742355521774292
9800 9070 -5578 0.0112769061170555 0.00734192564773560 0.00316024650478363 -0.00795502264404297
9800 8887 -5578 0.0113664120769971 0.00736445780563355 0.0023421541419 -0.00833517914581299
9800 8704 -5578 0.0114194008312536 0.00737460056877136 0.00151900695204735 -0.00858579645538330
9800 8521 -5578 0.0114432516167781 0.00738375198173523 0.000698246690273285 -0.00871396187782288
9800 8338 -5578 0.0114414047179777 0.0074024783287 -0.000120526732981205 -0.00872359622383118
9800 8155 -5578 0.0114121375490610 0.00742241291046143 -0.000939596465826034 -0.00861753030204773
9800 7972 -5578 0.0113513127511882 0.00744815443992615 -0.00175524278068542 -0.0083844818077
9800 7789 -5578 0.0112507787206982 0.00745466780281067 -0.00259010540056229 -0.0080180523014
9800 7606 -5578 0.0111102997275802 0.00745245087814331 -0.00341732359123230 -0.00749920655059815
9800 7423 -5578 0.0109187239651648 0.00742127838706970 -0.00424081401348114 -0.00679343227386475
9800 7240 -5578 0.0106672539057376 0.00733554881858826 -0.00503138685798645 -0.00588771396255493
10000 7240 -5578 0.0134977624800883 0.00896628082847595 -0.00606865700912476 -0.008060240942
10000 7423 -5578 0.0137059833886654 0.00894671437835694 -0.0050505711174 -0.00907210902976990
10000 7606 -5578 0.0138315754595973 0.00887664576339722 -0.00402223066616058 -0.00981466345405579
10000 7789 -5578 0.0139027083104916 0.00878984696769714 -0.00301493876695633 -0.0103399416522980
10000 7972 -5578 0.0139448981144122 0.0087182795372 -0.00203055765867233 -0.0106924562625885
10000 8155 -5578 0.0139616197279936 0.00864358617782593 -0.00107925799918175 -0.0109109474582672
10000 8338 -5578 0.0139672277128783 0.00859719199562073 -0.000133236919984221 -0.0110068747119904
10000 8521 -5578 0.0139636880134721 0.00857165836715698 0.000810870854973793 -0.0109933708972931
10000 8704 -5578 0.0139553656905523 0.00857514166069031 0.00175539024162293 -0.0108689095363617
10000 8887 -5578 0.0139377999183260 0.00860133315277100 0.00272183255815506 -0.0106240746459961
10000 9070 -5578 0.0139009709640477 0.00862878039932251 0.00368686990261078 -0.0102563020362854
10000 9253 -5578 0.0138386708577935 0.00867450595855713 0.00468946944808960 -0.00970931983375549
10000 9436 -5578 0.0137354563956972 0.00870657718849182 0.00568502265834808 -0.00897567954826355
10200 9436 -5578 0.0171941755508827 0.0102836843185425 0.00669380987167358 -0.0120433863639832
10200 9253 -5578 0.0171089622691958 0.0100855291042328 0.00544239024066925 -0.0127035066452
10200 9070 -5578 0.0170177921078915 0.00991532902336121 0.00423720457553863 -0.0131662181320190
10200 8887 -5578 0.0169502000351522 0.00979974702835083 0.00309456416749954 -0.0134793813133240
10200 8704 -5578 0.0168998740437140 0.00972263137054444 0.00199624165201187 -0.0136779511489868
10200 8521 -5578 0.0168757044824118 0.00969389474678040 0.000922286947488785 -0.0137828759155273
10200 8338 -5578 0.0168878111781552 0.00972700141716004 -0.000132525075122714 -0.0138045661621
10200 8155 -5578 0.0169282995367452 0.00981147767448426 -0.00119863404369354 -0.0137428967437744
10200 7972 -5578 0.0169967910278442 0.00995785066413880 -0.00227248336315155 -0.0135853647689819
10200 7789 -5578 0.0170771395704916 0.0101369377040863 -0.00341075988197327 -0.0133128019218445
10200 7606 -5578 0.0171698229828562 0.0103711954383850 -0.00460046239757538 -0.0128860875015259
10200 7423 -5578 0.0172517197888 0.0106485305252 -0.00588056778812408 -0.0122350253543854
10200 7240 -5578 0.0172646351627832 0.0109206109218597 -0.00722227029228211 -0.0112537414321899
10400 7240 -5578 0.0221427908236656 0.0130037709846497 -0.00832156918525696 -0.0158734319992
10400 7423 -5578 0.0215582895746 0.0122871995296478 -0.00660855558586121 -0.0164348666496277
10400 7606 -5578 0.0210557501681258 0.0117088221626282 -0.00508374651145935 -0.0167449474639893
10400 7789 -5578 0.0206636447670524 0.0112678991222382 -0.00371623019218445 -0.0169175714263916
10400 7972 -5578 0.0203860464340120 0.0109621929435730 -0.00245163757991791 -0.0170122992706299
10400 8155 -5578 0.0201881981952547 0.0107322006072998 -0.00127508895802498 -0.0170518075904846
10400 8338 -5578 0.0200850386249546 0.0106080118885 -0.000126356445237994 -0.0170546753196716
10400 8521 -5578 0.0200644640684491 0.0105684509181976 0.00101593715786934 -0.0170251420745850
10400 8704 -5578 0.0201344512175790 0.0106200603790283 0.00217519468498230 -0.0169669965362549
10400 8887 -5578 0.0202978502538881 0.0107656627655 0.00339343751525879 -0.0168701462478638
10400 9070 -5578 0.0205392138780740 0.0109806155319214 0.00466367501163483 -0.0167194066009521
10400 9253 -5578 0.0208968153134958 0.0113195438232422 0.00607798667907715 -0.0164806446151733
10400 9436 -5578 0.0213581033260737 0.0117630159931183 0.00762923815155029 -0.0161119445648193
10600 9436 -5578 0.0257728194610872 0.0125913924255371 0.00814719244956970 -0.0209586529045105
10600 9253 -5578 0.0247992947972813 0.0119286888732910 0.00640784510993957 -0.0207771392211914
10600 9070 -5578 0.0241111034683785 0.0114613348083496 0.00488967297077179 -0.0206421298446655
10600 8887 -5578 0.0236606780211696 0.0111610051155 0.00353018523025513 -0.0205619857482910
10600 8704 -5578 0.0233740808980388 0.0109728444519 0.00227063611698151 -0.0205136026268
10600 8521 -5578 0.0232446033124476 0.0108970599994659 0.0010722829318 -0.0205037331962585
10600 8338 -5578 0.0232723558035220 0.0109409162006378 -9.44849701970816e-05 -0.0205402385444641
10600 8155 -5578 0.0234446161292940 0.0110898630332947 -0.00127095847821236 -0.0206165416717529
10600 7972 -5578 0.0237847034558637 0.0113718002071381 -0.00248452370357513 -0.0207419395484924
10600 7789 -5578 0.0242921785524231 0.0117724939327240 -0.00380106632232666 -0.0209056870384216
10600 7606 -5578 0.0250408041809450 0.0123643291931152 -0.0052427564516 -0.0211344956779480
10600 7423 -5578 0.0261178148705304 0.0132149698104858 -0.0069145054264 -0.0214404860305786
10600 7240 -5578 0.0276407101080336 0.0144278776283264 -0.00891421774101257 -0.0218289049606323
10800 7240 -5578 0.0319350519825783 0.0138261420631409 -0.00842879148674011 -0.0275239908905
10800 7423 -5578 0.0298449489263767 0.0126724822597504 -0.00655665768814087 -0.0262120834121704
10800 7606 -5578 0.0284060901560868 0.0118723665237427 -0.00497291426467895 -0.0253223813018799
10800 7789 -5578 0.0274143943554773 0.0113126674652100 -0.00359087752532959 -0.0247109291954
10800 7972 -5578 0.0267540622089280 0.0109389660911560 -0.00233573967218399 -0.0243039175033569
10800 8155 -5578 0.0263221557471682 0.0106782825450897 -0.00117195518398285 -0.0240306210746765
10800 8338 -5578 0.0261018889105113 0.0105362074012756 -4.5644201912437e-05 -0.0238808470306397
10800 8521 -5578 0.0260730376901 0.0104992318286896 0.00107951391124725 -0.0238410017280579
10800 8704 -5578 0.0262399150075498 0.0105684087524414 0.0022212130804 -0.0239141186370850
10800 8887 -5578 0.0266193530796807 0.0107506951618195 0.0034355978403 -0.0241085163803101
10800 9070 -5578 0.0272066959378200 0.0110292039127350 0.0047226845293 -0.0244186430435181
10800 9253 -5578 0.0281274307997203 0.0114843307762146 0.00619438768482208 -0.0249177059783936
10800 9436 -5578 0.0294416924961128 0.0121231953468323 0.00787886325836182 -0.0256477279586792
11000 9436 -5578 0.0317156340881497 0.0103774508476257 0.00682616925239563 -0.0291813213195801
11000 9253 -5578 0.0304287203493176 0.0100211731414795 0.00549036924457550 -0.0282003025741577
11000 9070 -5578 0.0294899818819128 0.00974656663513184 0.00425919969844818 -0.0275064748611450
11000 8887 -5578 0.0288695973240716 0.0095643245716 0.00312907216215134 -0.0270582294082642
11000 8704 -5578 0.0284712577537587 0.00944729709434510 0.00205774142932892 -0.0267795109634399
11000 8521 -5578 0.0282838183802613 0.00939744055366516 0.00103306775999069 -0.0266571733779907
11000 8338 -5578 0.0283116364096944 0.00942376322746277 2.45110875604587e-05 -0.0266978522720337
11000 8155 -5578 0.0285385769293500 0.0095176439495 -0.000984928962469101 -0.0268868880081177
11000 7972 -5578 0.0289853686984124 0.00968916905784607 -0.00201132652187347 -0.0272441314239502
11000 7789 -5578 0.0296590694142513 0.00992255043411255 -0.00310436108732223 -0.0277775028381348
11000 7606 -5578 0.0306425170049828 0.0102496238021851 -0.00425928093051910 -0.0285601507492
11000 7423 -5578 0.0320264933476362 0.0106732119789124 -0.00552723468303681 -0.0296854930725
11000 7240 -5578 0.0339170528632456 0.0111808153133392 -0.00692602695846558 -0.0312643982391357
11200 7240 -5578 0.034502790581 0.00818506939125061 -0.00514698830795288 -0.0331201555099487
11200 7423 -5578 0.0330857007870706 0.008218159132 -0.00427478449821472 -0.0317630529251
11200 7606 -5578 0.0319627980133519 0.00816802858161926 -0.00337310870933533 -0.0307158575057983
11200 7789 -5578 0.0311110230708474 0.00808840332794190 -0.0024810876441 -0.0299385652999878
11200 7972 -5578 0.0305138445501538 0.00801532299423218 -0.00160287730526924 -0.0293988077087402
11200 8155 -5578 0.0301125677462891 0.00794940106582642 -0.0007519593091 -0.0290341219100952
11200 8338 -5578 0.0299066229479213 0.00790932802963257 9.4214778251946e-05 -0.0288411272811890
11200 8521 -5578 0.0298838534558354 0.00789492051696777 0.000945612181663513 -0.0288066093978882
11200 8704 -5578 0.0300533736767761 0.00791054890251160 0.00180254826211929 -0.0289379916152954
11200 8887 -5578 0.0304206909395 0.00795207995796204 0.0026826706314 -0.0292401703338623
11200 9070 -5578 0.0309704616792592 0.0080037911396 0.00357429554653168 -0.0297041204528809
11200 9253 -5578 0.0317885946039868 0.008077306921 0.00451042511749268 -0.0304118448715210
11200 9436 -5578 0.0328544929717362 0.00813459444236755 0.00544456437206268 -0.0313629845352173
11400 9436 -5578 0.0333602753773458 0.00607294290351868 0.00414780381774902 -0.0325396853408814
11400 9253 -5578 0.0325388437353840 0.00619017055892944 0.00354652726173401 -0.0317465469589233
11400 9070 -5578 0.0318846994248 0.006253088027 0.00289142821025848 -0.0311307729873657
11400 8887 -5578 0.0314165532684425 0.00628622248268127 0.00220978731298447 -0.0307017925567627
11400 8704 -5578 0.0311071274664110 0.00630233181571961 0.0015263108263 -0.0304237467803955
11400 8521 -5578 0.0309591633430360 0.00630953535079956 0.000844260568618774 -0.0302972550811768
11400 8338 -5578 0.0309730666846134 0.0063135644865 0.000162340513527393 -0.0303222027130127
11400 8155 -5578 0.0311475842819804 0.00631163831615448 -0.000514503099441528 -0.0304977128906250
11400 7972 -5578 0.0314837504326711 0.00630232199764252 -0.00117865073275566 -0.0308233877410889
11400 7789 -5578 0.0319756819815495 0.00626610847759247 -0.00184548566436768 -0.0313013467025757
11400 7606 -5578 0.0326487714863181 0.00619180307102203 -0.00248619027566910 -0.0319585966873169
11400 7423 -5578 0.0335111604747285 0.00604572618198395 -0.00308778810071945 -0.0328182332534790
11400 7240 -5578 0.0345457177839683 0.00578303365516663 -0.00360151772117615 -0.0338684775238
11600 7240 -5578 0.0344274927320510 0.00405599911212921 -0.00242169380807877 -0.0341017564697266
11600 7423 -5578 0.0336781363437894 0.00435730893325806 -0.00213196285629272 -0.0333269479675293
11600 7606 -5578 0.0330273513677263 0.00456682509803772 -0.0017417225728 -0.0326635882873535
11600 7789 -5578 0.0324965120364 0.00470413805007934 -0.00129122334933281 -0.0321283711776733
11600 7972 -5578 0.0321023656583176 0.0047919299221 -0.000802276461482048 -0.0317325270614624
11600 8155 -5578 0.0318283274571879 0.00484025145339966 -0.000300380384445190 -0.0314567030410767
11600 8338 -5578 0.0316867855458839 0.00486386855888367 0.000216499405473471 -0.0313096478881836
11600 8521 -5578 0.0316731212334410 0.00486529066371918 0.000741159745931625 -0.0312884171066284
11600 8704 -5578 0.0317955616073 0.00484555272388458 0.00126005845832825 -0.0313988346557617
11600 8887 -5578 0.0320515720530929 0.00480079447269440 0.00177401704311371 -0.0316402987823486
11600 9070 -5578 0.0324203249274373 0.00472562586498260 0.00226030244064331 -0.0319950086212158
11600 9253 -5578 0.0329376243282263 0.00460677477836609 0.00271557679033279 -0.0325001470184326
11600 9436 -5578 0.0335662782280167 0.00443027744293213 0.00309791662693024 -0.0331274582519531
11800 9436 -5578 0.0336378458899217 0.00317975937795639 0.00228929142236710 -0.0334095536346436
11800 9253 -5578 0.0331564850287240 0.00335329980468750 0.00205231884193420 -0.0329212981719971
11800 9070 -5578 0.0327472353413855 0.00347818041706085 0.00174875624465942 -0.0325160392608643
11800 8887 -5578 0.0324455307988598 0.00356109135341644 0.00140296198153496 -0.0322189650802612
11800 8704 -5578 0.0322372025089404 0.00361184759235382 0.00103349465346336 -0.0320175525512695
11800 8521 -5578 0.0321324799310634 0.00363426629161835 0.000649294032335281 -0.0319200531845
11800 8338 -5578 0.0321412167362286 0.00363006013393402 0.000263070542097092 -0.0319342651824951
11800 8155 -5578 0.0322568750885707 0.00359903931236267 -0.000118148664593697 -0.0320549549942
11800 7972 -5578 0.0324773659791540 0.00354027173519134 -0.000479438944339752 -0.0322796174774170
11800 7789 -5578 0.0327937630122572 0.00344289263057709 -0.000827510162115097 -0.0326013467330933
11800 7606 -5578 0.0332056177167956 0.00330170201778412 -0.00113170199584961 -0.0330216756439209
11800 7423 -5578 0.0337091733139771 0.00310025771665573 -0.0013821412425 -0.0335378361434937
11800 7240 -5578 0.0342706935726476 0.00283182708406448 -0.00154655174255371 -0.0341171503829956
12000 7240 -5578 0.0341292581048290 0.00194954915904999 -0.000897636362791061 -0.0340618099212646
12000 7423 -5578 0.0336985242578179 0.00215387231349945 -0.000808156830310822 -0.0336196982727
12000 7606 -5578 0.0333015235545754 0.00231624578952789 -0.000653616968393326 -0.0332144435653686
12000 7789 -5578 0.0329658792940968 0.00243666530179977 -0.000453095429897308 -0.0328732863235474
12000 7972 -5578 0.0327079918118593 0.00252211053085327 -0.000217233616918325 -0.0326095530319214
12000 8155 -5578 0.0325262043182268 0.00257645580148697 3.25700552538037e-05 -0.0324235144882202
12000 8338 -5578 0.0324307987375209 0.00260572934389114 0.000297906680226326 -0.0323245747528
12000 8521 -5578 0.0324242085835241 0.00261052935266495 0.000568504899978638 -0.0323141011962891
12000 8704 -5578 0.0325102380176 0.00259177119016647 0.000834876761436462 -0.0323959325332642
12000 8887 -5578 0.0326851729492488 0.00254639060115814 0.00108975444936752 -0.0325675638427735
12000 9070 -5578 0.032930948077 0.00247575178337097 0.00132124295735359 -0.0328111613845825
12000 9253 -5578 0.0332638420234880 0.00237103147411346 0.00152170267963409 -0.0331442651596
12000 9436 -5578 0.0336494974041658 0.00223097458982468 0.00166970669412613 -0.0335334889984131
12200 9436 -5578 0.0336398978181989 0.0014895220642 0.00118090508842468 -0.0335867378921509
12200 9253 -5578 0.0333159806173964 0.00158584178853035 0.00109528306102753 -0.0332600867385864
12200 9070 -5578 0.0330338805502984 0.00165944103288651 0.000975064967632294 -0.0329777617187500
12200 8887 -5578 0.0328170704095323 0.00170904550504684 0.000828038059473038 -0.0327624470977783
12200 8704 -5578 0.0326663398557580 0.00174072424936295 0.000667391357779503 -0.0326132528610229
12200 8521 -5578 0.0325897352368377 0.00175392460632324 0.000498015098452568 -0.0325385546569824
12200 8338 -5578 0.0325937791201993 0.00174829054069519 0.000326334385097027 -0.0325456351089478
12200 8155 -5578 0.0326742889861320 0.00172520774698257 0.000158050402194262 -0.0326281973266602
12200 7972 -5578 0.0328307256088423 0.00168413004064560 1.77406878047623e-06 -0.0327877297592163
12200 7789 -5578 0.0330507506460599 0.00162190161514282 -0.000143009038984776 -0.0330102095489502
12200 7606 -5578 0.0333310944455680 0.00153663447403908 -0.000263180651664734 -0.0332955122604370
12200 7423 -5578 0.0336636993269794 0.00142313850665093 -0.000351538447916508 -0.0336319086303711
12200 7240 -5578 0.0340221252734159 0.00128334333157539 -0.000397449681460857 -0.0339948120040894
12400 7240 -5578 0.0339548335631137 0.000747176260828972 1.01912189926952e-05 -0.0339466102294922
12400 7423 -5578 0.0336368651042907 0.000820936970949173 2.54071190878749e-05 -0.0336272433471680
12400 7606 -5578 0.0333393639906935 0.000882651427984238 6.40963145345449e-05 -0.0333274857101440
12400 7789 -5578 0.0330829738347537 0.000930398603677750 0.000119109497040510 -0.0330701139602661
12400 7972 -5578 0.0328841610128469 0.000965928530454636 0.000188742215126753 -0.0328694296264648
12400 8155 -5578 0.0327411921808 0.0009900822823 0.000264307745337486 -0.0327253946533203
12400 8338 -5578 0.0326683084631 0.0010049569261 0.000348076552689075 -0.0326507631149292
12400 8521 -5578 0.0326650636520282 0.00101002639031410 0.000433083528637886 -0.0326462504043579
12400 8704 -5578 0.0327368709015707 0.00100508851623535 0.000517596835017204 -0.0327173441314697
12400 8887 -5578 0.0328780992550407 0.000989355033159256 0.00059878046 -0.0328578914031982
12400 9070 -5578 0.0330734932858302 0.000964186583518982 0.000671013517260551 -0.0330530108413696
12400 9253 -5578 0.0333332263577764 0.000927068191051483 0.000731967232227325 -0.0333121156082153
12400 9436 -5578 0.0336285718762317 0.000877852103948593 0.000775116339087486 -0.0336074661102295
12600 9436 -5578 0.0336195409704674 0.000334198005616665 0.000410756972789764 -0.0336148935546875
12600 9253 -5578 0.0333281314796790 0.000336328105747700 0.0004049703899 -0.0333243550949
12600 9070 -5578 0.0330726580767 0.000337141558229923 0.000397402651071548 -0.0330680693664551
12600 8887 -5578 0.0328732956512388 0.000334727422654629 0.000387678689122200 -0.0328692713928223
12600 8704 -5578 0.0327339265860218 0.000332556819677353 0.000379277237653732 -0.0327307457656860
12600 8521 -5578 0.0326615503536352 0.000328888284027576 0.000372538282632828 -0.0326577696609497
12600 8338 -5578 0.0326614357649836 0.0003245364322 0.000365850563347340 -0.0326576623306274
12600 8155 -5578 0.0327323479889681 0.000318549598991871 0.0003609241988 -0.0327298781585693
12600 7972 -5578 0.0328721822733 0.000312818989634514 0.000359058650255203 -0.0328690781555176
12600 7789 -5578 0.0330692727760710 0.000305728930294514 0.000358188113987446 -0.0330658705444336
12600 7606 -5578 0.0333204774146533 0.000297630263626576 0.000359879932463169 -0.0333167822036743
12600 7423 -5578 0.0336132784451 0.000287820622086525 0.000364993446171284 -0.0336097770385742
12600 7240 -5578 0.0339305066893 0.000276028029441834 0.000372169625699520 -0.0339279961318970
12800 7240 -5578 0.0339441706645496 -0.000189562781989574 0.000729087584614754 -0.0339358274536133
12800 7423 -5578 0.0336020556544668 -0.000241960539937019 0.000698282671332359 -0.0335945253829956
12800 7606 -5578 0.0332834590350474 -0.000283854872226715 0.000651236609578133 -0.0332758765869141
12800 7789 -5578 0.0330106373830170 -0.000314719678938389 0.0005927748444 -0.0330040410614
12800 7972 -5578 0.0328015302166996 -0.000336196999073029 0.0005256192789 -0.0327953842315674
12800 8155 -5578 0.0326536045556757 -0.000348797120749950 0.000454517251372337 -0.0326483077850342
12800 8338 -5578 0.0325788732948402 -0.000352537850022316 0.000381067752897739 -0.0325747369842529
12800 8521 -5578 0.0325783894181333 -0.000348088398635387 0.000308473502278328 -0.0325753859634399
12800 8704 -5578 0.0326571824091919 -0.000336273879826069 0.000238598141431809 -0.0326546404037476
12800 8887 -5578 0.0328085516021454 -0.000316215241253376 0.000174934783279896 -0.0328062383499146
12800 9070 -5578 0.0330177811446450 -0.000287241625249386 0.000120858903676271 -0.0330163104705811
12800 9253 -5578 0.0332968403628273 -0.000248715515017510 7.75810027420521e-05 -0.0332960502700806
12800 9436 -5578 0.0336133736937996 -0.000202226542949677 5.02536726221442e-05 -0.0336123883590698
13000 9436 -5578 0.0336010040219915 -0.000788903963327408 -0.000345018320262432 -0.0335904064483643
13000 9253 -5578 0.0332316289813115 -0.000883683126449585 -0.000277240348279476 -0.0332179390182495
13000 9070 -5578 0.0329109211283942 -0.000958079685688019 -0.000177038217127323 -0.0328967595291138
13000 8887 -5578 0.0326645792335684 -0.00101510846233368 -5.39368880093098e-05 -0.0326492438659668
13000 8704 -5578 0.0324930847952483 -0.00105246065688133 8.7205677241087e-05 -0.0324764051742554
13000 8521 -5578 0.0324023452684779 -0.00107236362218857 0.000239283116459847 -0.0323835090942383
13000 8338 -5578 0.03240121946 -0.00107728987598419 0.000396190571367741 -0.0323813114013672
13000 8155 -5578 0.032484726684 -0.00106501215219498 0.000553180953145027 -0.0324625440673828
13000 7972 -5578 0.0326527060419256 -0.00103586583781242 0.000703004957318306 -0.0326286986846924
13000 7789 -5578 0.0328934110229743 -0.000986166876792908 0.000844144474267960 -0.0328680726165771
13000 7606 -5578 0.0332056611693920 -0.000915986420154571 0.000965922771215439 -0.0331793194351196
13000 7423 -5578 0.0335800573862726 -0.000822076895713806 0.00106191122388840 -0.0335535361328125
13000 7240 -5578 0.0339908315110653 -0.000704400657534599 0.00112169793009758 -0.0339645203475952
13200 7240 -5578 0.0340534868539424 -0.00133286988162994 0.00159414326 -0.0339900298919678
13200 7423 -5578 0.0335337559597776 -0.00151793272423744 0.00149120030188561 -0.0334652410278320
13200 7606 -5578 0.0330696311704589 -0.0016620979371 0.00133178039503098 -0.0330011082305908
13200 7789 -5578 0.0326854981796467 -0.00176834182024002 0.00113204341578484 -0.0326182364883423
13200 7972 -5578 0.0323962904796467 -0.00184296398401260 0.0009035272243 -0.0323312041091919
13200 8155 -5578 0.0321969739167 -0.00188673171186447 0.000662221999645233 -0.0321344284210205
13200 8338 -5578 0.0320984372708930 -0.00190516919088364 0.000410985309 -0.0320399846496582
13200 8521 -5578 0.0321014991088447 -0.00190025275897980 0.000158604416519403 -0.0320453043823242
13200 8704 -5578 0.0322079796393501 -0.00187249457073212 -8.58993562608957e-05 -0.0321535545272827
13200 8887 -5578 0.0324137213785657 -0.00182018080949783 -0.000316984201431274 -0.0323608492736816
13200 9070 -5578 0.0327044687143863 -0.00174103082656860 -0.000521570948123932 -0.0326539285430908
13200 9253 -5578 0.0330971256298590 -0.00162970418453217 -0.0006936169548 -0.0330491939086914
13200 9436 -5578 0.0335589396660275 -0.00148681956744194 -0.0008142170577 -0.0335157696456909
13400 9436 -5578 0.0334397503852267 -0.00237171433877945 -0.00140687246537209 -0.0333254936218262
13400 9253 -5578 0.0328526021141347 -0.00255342683267593 -0.00120706873559952 -0.0327309709930420
13400 9070 -5578 0.0323637012282332 -0.00268930429983139 -0.000940407789468765 -0.0322374214401245
13400 8887 -5578 0.0320015812543841 -0.00278775755453110 -0.000631570044875145 -0.0318744754104614
13400 8704 -5578 0.0317532605979538 -0.00284931726598740 -0.000292839824140072 -0.0316234319305420
13400 8521 -5578 0.0316220837801276 -0.00288193732976913 6.35595293939113e-05 -0.0314900959472656
13400 8338 -5578 0.0316168569747 -0.00288900594282150 0.000427317190647125 -0.0314816881637573
13400 8155 -5578 0.0317347045225876 -0.00286785049104691 0.000789569774031639 -0.0315955574798584
13400 7972 -5578 0.0319754039968991 -0.00281746668577194 0.00113908845782280 -0.0318301512451172
13400 7789 -5578 0.0323289315397827 -0.00272687376213074 0.0014752579627 -0.0321800413360596
13400 7606 -5578 0.0328056938584757 -0.00259458690118790 0.00177564287757874 -0.0326552721786499
13400 7423 -5578 0.0334052513015331 -0.00240722493124008 0.00202605780601501 -0.0332567462692261
13400 7240 -5578 0.0340984760113750 -0.00215582510995865 0.00220019698381424 -0.0339599237213135
13600 7240 -5578 0.0340431037693304 -0.00329208876037598 0.00300905665636063 -0.0337495477905273
13600 7423 -5578 0.0331145107044289 -0.00358805443191528 0.00271733407211304 -0.0328062847824
13600 7606 -5578 0.0323454857415634 -0.00379373857021332 0.00233400579786301 -0.0320363694381714
13600 7789 -5578 0.0317437574623509 -0.00392993266868591 0.00189522888326645 -0.0314424851837158
13600 7972 -5578 0.0313091195715739 -0.00401761641693115 0.00142195297265053 -0.0310169225997925
13600 8155 -5578 0.0310194404074 -0.00406140097236633 0.000939059286594391 -0.0307382541122436
13600 8338 -5578 0.0308823047005249 -0.0040778331995 0.000445246785759926 -0.0306083306350708
13600 8521 -5578 0.0308863473554676 -0.00406787555408478 -5.06639668866992e-05 -0.0306172545242310
13600 8704 -5578 0.0310382573254100 -0.00403557507801056 -0.000538592823266983 -0.0307699225769
13600 8887 -5578 0.0313438220636596 -0.00397587287712097 -0.00101366001963615 -0.0310733586349487
13600 9070 -5578 0.0317794695280131 -0.0038783140192 -0.00145401894092560 -0.0315081028442383
13600 9253 -5578 0.0323930341423886 -0.00373492327785492 -0.00185592827081680 -0.0321224232559204
13600 9436 -5578 0.0331523771397655 -0.00353441832447052 -0.00218013297128677 -0.0328906029968262
13800 9436 -5578 0.0325437775122823 -0.00507560760498047 -0.00319444373893738 -0.0319869167861939
13800 9253 -5578 0.0315912417802133 -0.00523949000835419 -0.00267532583141327 -0.0310407893676758
13800 9070 -5578 0.0308539547504520 -0.00534151874351502 -0.00208812120437622 -0.0303146327667236
13800 8887 -5578 0.0303255299093628 -0.00541222185802460 -0.00146880927109718 -0.0298024867782593
13800 8704 -5578 0.0299756215681551 -0.00545126781654358 -0.000830546887636185 -0.0294639315795898
13800 8521 -5578 0.0297956007787 -0.00547323758316040 -0.000185309252083302 -0.0292880244369507
13800 8338 -5578 0.02978819293 -0.00548794226551056 0.000463421920180321 -0.0292740506973267
13800 8155 -5578 0.0299446058363688 -0.0054895402317 0.00111112568402290 -0.0294168540496826
13800 7972 -5578 0.0302783758044822 -0.00547823256206512 0.00175144130373001 -0.0297273866882324
13800 7789 -5578 0.0307901247180294 -0.0054284461317 0.00239690968799591 -0.0302134319534302
13800 7606 -5578 0.0315145892651361 -0.00533949018383026 0.00301678122234345 -0.0309114550933838
13800 7423 -5578 0.0324850453753671 -0.00517776858043671 0.00359992826938629 -0.0318671089172363
13800 7240 -5578 0.0337178237898176 -0.0048986442728 0.00409737005901337 -0.0331086564102173
14000 7240 -5578 0.0327944853859649 -0.00715070624923706 0.00552196327686310 -0.0315254738540649
14000 7423 -5578 0.031273990569 -0.00725068555831909 0.00469018541717529 -0.0300575694961548
14000 7606 -5578 0.0301414300514537 -0.0072503210659 0.00382581707286835 -0.0290067395858765
14000 7789 -5578 0.0293226821655855 -0.00720876368904114 0.00296371951246262 -0.0282688934402466
14000 7972 -5578 0.0287583398106914 -0.00716293040084839 0.00211579056167603 -0.0277718974914551
14000 8155 -5578 0.0283984105335107 -0.00710834817504883 0.00129545433974266 -0.0274643936767578
14000 8338 -5578 0.0282327612371376 -0.00707227966499329 0.000477861495256424 -0.0273286217193604
14000 8521 -5578 0.0282428133888134 -0.00705026182937622 -0.000337750702917576 -0.0273470397186279
14000 8704 -5578 0.0284340162311303 -0.00704889635848999 -0.0011535456233 -0.0275225428924561
14000 8887 -5578 0.0288191494992665 -0.00706347530555725 -0.00198666329717636 -0.0278694073028564
14000 9070 -5578 0.0293874998478950 -0.00706933001518250 -0.00281203811359406 -0.0283865339431763
14000 9253 -5578 0.0302358968622851 -0.00707866524314880 -0.00366031421184540 -0.0291648292083740
14000 9436 -5578 0.0313552169817801 -0.00705126039695740 -0.00448064596462250 -0.0302206557312
14200 9436 -5578 0.0293356712472820 -0.00933468391609192 -0.0059444281845 -0.0271697134323120
14200 9253 -5578 0.0281747280385766 -0.00908015648269653 -0.00472600341987610 -0.0262493990402222
14200 9070 -5578 0.0273288590399370 -0.00887583719062805 -0.0035787804079 -0.0255985115890503
14200 8887 -5578 0.0267489290892546 -0.00874311426925659 -0.0025065639882 -0.0251539157905579
14200 8704 -5578 0.0263728896984617 -0.0086524717884 -0.00148325363063812 -0.0248698557853699
14200 8521 -5578 0.0261840615937 -0.00861776636123657 -0.000489574451327324 -0.0247195576171875
14200 8338 -5578 0.0261701662055159 -0.00864775438308716 0.000486067286610603 -0.0246955495681763
14200 8155 -5578 0.0263276893732918 -0.00873420965576172 0.00146869500446320 -0.0247932197265625
14200 7972 -5578 0.0266717172839434 -0.00888566888427734 0.00246676932001114 -0.0250272922706604
14200 7789 -5578 0.0272203718485407 -0.00908036665534973 0.00352767275619507 -0.0254181938819885
14200 7606 -5578 0.0280293723946984 -0.00934820335769653 0.00464767705535889 -0.0260112771301270
14200 7423 -5578 0.0291873233604227 -0.00968643794822693 0.00586849706077576 -0.026901490242
14200 7240 -5578 0.0308283264088188 -0.0100613537292480 0.00720034056663513 -0.0282376417083740
14400 7240 -5578 0.0277003869254934 -0.0128829287033 0.00866483237457275 -0.0229402425613403
14400 7423 -5578 0.0262646076076 -0.0118561660518646 0.00685380813598633 -0.0224117436485291
14400 7606 -5578 0.0252578436752853 -0.0111309734096527 0.00531634248733520 -0.0220414213676453
14400 7789 -5578 0.0245585627467688 -0.0106207681522369 0.00396399352359772 -0.0217847558555603
14400 7972 -5578 0.0240901116332809 -0.0102793568973541 0.00273277647256851 -0.0216146089515686
14400 8155 -5578 0.0237964173031228 -0.0100343864994 0.00159106440377235 -0.0215185751876831
14400 8338 -5578 0.0236667571832109 -0.00990633187675476 0.000479456198930740 -0.0214884795837402
14400 8521 -5578 0.0236810591763204 -0.00986875121688843 -0.000624389388799667 -0.0215178663444519
14400 8704 -5578 0.0238441758192213 -0.00993360851097107 -0.00174776093244553 -0.0216062665138245
14400 8887 -5578 0.0241730265116 -0.0101027691307 -0.00293279033756256 -0.0217641021156311
14400 9070 -5578 0.0246695979663 -0.0103556714229584 -0.00418895276069641 -0.0219954951744
14400 9253 -5578 0.0254187582652 -0.0107698685836792 -0.00561619328975678 -0.0223302236061
14400 9436 -5578 0.0264559447350616 -0.0113454266605377 -0.00723233364677429 -0.0227807921142578
14600 9436 -5578 0.0230192644878315 -0.0122437607860565 -0.00782589413261414 -0.0178531973228455
14600 9253 -5578 0.0222278021285258 -0.0115518906307220 -0.00605440517616272 -0.0179994152717590
14600 9070 -5578 0.0216626478850643 -0.0110661142368317 -0.00452293353652954 -0.0180652844238281
14600 8887 -5578 0.0212715554476595 -0.0107568378772736 -0.00315919862794876 -0.0180767397918701
14600 8704 -5578 0.0210196898924886 -0.0105613595943451 -0.00190377331018448 -0.0180740342369
14600 8521 -5578 0.0208904760628 -0.0104799733295441 -0.000710567241430283 -0.0180577472839355
14600 8338 -5578 0.0208725966162304 -0.0105162271270752 0.0004553934921 -0.0180239287490845
14600 8155 -5578 0.0209657028878298 -0.0106611488304138 0.00162788104605675 -0.0179793008117676
14600 7972 -5578 0.0211784872975227 -0.010935444664 0.00283189979028702 -0.0179143718223572
14600 7789 -5578 0.0215241440050344 -0.0113290397815704 0.00414070009422302 -0.0178271939086914
14600 7606 -5578 0.0220359359039229 -0.0119154849128723 0.00557339579582214 -0.0176785834922791
14600 7423 -5578 0.0227765301945224 -0.0127638681488 0.0072300573101 -0.0174240961227417
14600 7240 -5578 0.0238440878526760 -0.0139884897766113 0.0092135028553 -0.0169695160751343
14800 7240 -5578 0.0197186827948474 -0.0129493051376343 0.00867758718109131 -0.0120765430088
14800 7423 -5578 0.0191254640578386 -0.0121473459224701 0.00693967263221741 -0.0130413218269348
14800 7606 -5578 0.0186917851045847 -0.0115254822368622 0.00540383527469635 -0.0136877072448730
14800 7789 -5578 0.0183826994028261 -0.0110591304016113 0.00402649162101746 -0.0141216083679199
14800 7972 -5578 0.0181745387822637 -0.0107381421203613 0.00275530654048920 -0.0144024142951965
14800 8155 -5578 0.0180463829434164 -0.0105045674858 0.00157138751244545 -0.0145896107063293
14800 8338 -5578 0.0179952335703235 -0.0103821527729 0.000413574054896832 -0.0146924085464478
14800 8521 -5578 0.0180139368402304 -0.0103494016647339 -0.000740922207713127 -0.0147258741531372
14800 8704 -5578 0.0181034460101936 -0.0104156151580811 -0.00191281529092789 -0.0146833063278198
14800 8887 -5578 0.0182734121482326 -0.0105838803901672 -0.00315065191888809 -0.0145592233047485
14800 9070 -5578 0.0185254401611 -0.0108313098678589 -0.00445382059764862 -0.0143539433937
14800 9253 -5578 0.0188970830047387 -0.0112265822620392 -0.00592408943557739 -0.0139982983207703
14800 9436 -5578 0.0193980273554508 -0.0117497952251434 -0.00756275010681152 -0.0134556795539856
15000 9436 -5578 0.0159806399394944 -0.0104244743270874 -0.00675616868209839 -0.0100525796451569
15000 9253 -5578 0.0157370534553200 -0.0101519325561523 -0.00541088472843170 -0.0107385028419495
15000 9070 -5578 0.0155453632066975 -0.00992669178581238 -0.00413482243728638 -0.0112264489784241
15000 8887 -5578 0.0154022251128715 -0.00977178722572327 -0.00294517784452438 -0.0115352606601715
15000 8704 -5578 0.0153077796519133 -0.00966889637947082 -0.00181228029012680 -0.0117283547096252
15000 8521 -5578 0.0152510800713154 -0.0096254606266 -0.0007173345623 -0.0118083976783752
15000 8338 -5578 0.0152292737897671 -0.00964904456138611 0.000362687356114388 -0.0117768916568756
15000 8155 -5578 0.0152447594999434 -0.00973296531677246 0.00144357087826729 -0.0116440822257996
15000 7972 -5578 0.0152955524206881 -0.00988620711898804 0.00253392761135101 -0.0113926158008575
15000 7789 -5578 0.0153880682208212 -0.0100871031112671 0.00368873399829865 -0.0110201970195770
15000 7606 -5578 0.0155200366915640 -0.010353889822 0.0048934732685 -0.0104744057369232
15000 7423 -5578 0.0156997628365752 -0.0106774148292542 0.00619332169723511 -0.00970003655624390
15000 7240 -5578 0.0159232839346311 -0.0110212385025 0.00757286481857300 -0.00864502968788147
15200 7240 -5578 0.0127778007774 -0.00910567054557800 0.00637518879699707 -0.00630221367835999
15200 7423 -5578 0.0127550786621292 -0.00903832967376709 0.00532829197597504 -0.00725256996726990
15200 7606 -5578 0.0127316194992562 -0.0089347810955 0.00427966326999664 -0.00799765887832642
15200 7789 -5578 0.0127140228219197 -0.00882451475334168 0.00325093098545074 -0.00855603666496277
15200 7972 -5578 0.0127024060004195 -0.00873346131706238 0.00224446381092072 -0.0089466678524
15200 8155 -5578 0.0127034487104359 -0.00865141978454590 0.00127660233354568 -0.0092145611248
15200 8338 -5578 0.0127134211261365 -0.00860516481399536 0.000308516242682934 -0.00935344582939148
15200 8521 -5578 0.0127351287925113 -0.00858749245452881 -0.000660880400538444 -0.00938084068107605
15200 8704 -5578 0.0127664095894131 -0.00860523859596253 -0.00163765423846245 -0.00928738875579834
15200 8887 -5578 0.0128088336006372 -0.00865244518661499 -0.00263934387207031 -0.00906788388061523
15200 9070 -5578 0.0128665571629323 -0.0087120870552 -0.0036529258089 -0.00873476310348511
15200 9253 -5578 0.0129380780905200 -0.00880119563865662 -0.00472037410259247 -0.00822434401512146
15200 9436 -5578 0.0130161700820987 -0.0088839918003 -0.00579211118221283 -0.00754631177139282
15400 9436 -5578 0.0105560440906635 -0.00743550791168213 -0.00487093010711670 -0.00569320382118225
15400 9253 -5578 0.0105660883333106 -0.0074565612297 -0.00402605318355560 -0.00631139120674133
15400 9070 -5578 0.0105681801198631 -0.00745700471496582 -0.00316148018121719 -0.00678905996513367
15400 8887 -5578 0.0105582735869550 -0.00745271439743042 -0.00229636868715286 -0.00711722558021545
15400 8704 -5578 0.0105505848682977 -0.007446993721 -0.00143953527307510 -0.00733381645393372
15400 8521 -5578 0.0105363724917649 -0.00744708165168762 -0.000585934975385666 -0.00743039985084534
15400 8338 -5578 0.0105145004925 -0.0074583159027 0.000258845761299133 -0.00740660459136963
15400 8155 -5578 0.0104891681828283 -0.00747784877395630 0.00110203767919540 -0.00727293580436707
15400 7972 -5578 0.0104560772295257 -0.00750739181709290 0.00193647662019730 -0.00701541002273560
15400 7789 -5578 0.0104227108698510 -0.00752916217613220 0.00279123563432694 -0.00664550883674622
15400 7606 -5578 0.0103803535489399 -0.00754430193901062 0.00363676200962067 -0.00613217993259430
15400 7423 -5578 0.0103272629758194 -0.00753251833343506 0.00448186219215393 -0.00546112624454498
15400 7240 -5578 0.0102650084070685 -0.00747247254562378 0.00529393567466736 -0.00463741122341156
15600 7240 -5578 0.00825647878896261 -0.00613195816707611 0.00436536890029907 -0.00339261646652222
15600 7423 -5578 0.00834078951827998 -0.00623033012104035 0.00373469772529602 -0.00410065753459931
15600 7606 -5578 0.00842237171603166 -0.00629314878177643 0.00305722357463837 -0.00468892394351959
15600 7789 -5578 0.00849467402119377 -0.0063272736845 0.0023569063735 -0.00515465893554688
15600 7972 -5578 0.008551986172 -0.00634680179309845 0.00164198977899551 -0.00549178277683258
15600 8155 -5578 0.00860112194451402 -0.00634782400321961 0.000932815723896027 -0.00572837533283234
15600 8338 -5578 0.00863315480164484 -0.00634530523777008 0.000212804146051407 -0.00585029141235352
15600 8521 -5578 0.00865339749696461 -0.00633735338687897 -0.0005107643733 -0.00587040860176086
15600 8704 -5578 0.00865623228727415 -0.00632568825435639 -0.00123282965683937 -0.00577899572849274
15600 8887 -5578 0.00864393623777104 -0.00630899706459045 -0.00196096522188187 -0.00557393982028961
15600 9070 -5578 0.00862352868842696 -0.00627786049461365 -0.00267031368732452 -0.00527496960735321
15600 9253 -5578 0.00858624686621346 -0.00623553275966644 -0.00338053408718109 -0.00483907255744934
15600 9436 -5578 0.00853634447357928 -0.00616692568778992 -0.00405351047992706 -0.00429059789657593
15800 9436 -5578 0.00685955272637354 -0.00505655693626404 -0.0033325242958 -0.00322164203071594
15800 9253 -5578 0.00693355531531826 -0.0051441099348 -0.00280162995243073 -0.00371007647705078
15800 9070 -5578 0.00699437960716361 -0.00520974131965637 -0.00223430465412140 -0.00409764259815216
15800 8887 -5578 0.00703350649834149 -0.00525732052135467 -0.00164539999103546 -0.00437301294803619
15800 8704 -5578 0.00705823351705168 -0.00528784385013580 -0.00104221881198883 -0.00455726292133331
15800 8521 -5578 0.00706228894475639 -0.00530433110237122 -0.000435261277318001 -0.00464251515865326
15800 8338 -5578 0.00704413423702690 -0.00530944129276276 0.000171634743630886 -0.00462603521633148
15800 8155 -5578 0.00700838686949229 -0.00530171258068085 0.000776681285858154 -0.00451748738002777
15800 7972 -5578 0.00695137871144293 -0.00528229934215546 0.0013682006309 -0.00430642947673798
15800 7789 -5578 0.00688168020725952 -0.00524223067665100 0.00195829669809341 -0.00400547136402130
15800 7606 -5578 0.0067956061029 -0.00518385318279266 0.00252373069 -0.00359716512298584
15800 7423 -5578 0.0066972175145 -0.00510050662994385 0.00306347844219208 -0.00307581725072861
15800 7240 -5578 0.00660220573695083 -0.0049934389286 0.00356207943534851 -0.00244259664201736
16000 7240 -5578 0.00520411708376778 -0.00396597490024567 0.00285479242086410 -0.00179014393758774
16000 7423 -5578 0.00532744201587021 -0.00409593605136871 0.0024829818654 -0.0023329618287
16000 7606 -5578 0.00544402756195897 -0.00420049874591827 0.00206251304006577 -0.00278258562135696
16000 7789 -5578 0.00554500617265058 -0.00427841723346710 0.00160821329879761 -0.00313940908718109
16000 7972 -5578 0.00562285020658660 -0.00433430056571961 0.00112589514946938 -0.00340079465103149
16000 8155 -5578 0.00568403231445535 -0.00436494340133667 0.000639034443736076 -0.00358453934288025
16000 8338 -5578 0.00572093021012021 -0.00437970320606232 0.000138701394617558 -0.00367808229446411
16000 8521 -5578 0.00573706030271739 -0.0043764305067 -0.0003661082471 -0.00369139468765259
16000 8704 -5578 0.00572806349416700 -0.00435640283584595 -0.000865248481512070 -0.00361714018249512
16000 8887 -5578 0.00569321714195643 -0.00431780595016479 -0.00136036163401604 -0.00345227694416046
16000 9070 -5578 0.00564195327316275 -0.00425905560112000 -0.00183119239616394 -0.00321542234706879
16000 9253 -5578 0.00556261450122048 -0.00417860691738129 -0.00228494598674774 -0.00287390480709076
16000 9436 -5578 0.00546441316361391 -0.00407403604698181 -0.00269524938774109 -0.00244901454639435
16200 9436 -5578 0.00431915394434611 -0.00321813668537140 -0.00213944319057465 -0.00192870370244980
16200 9253 -5578 0.00443816185812691 -0.00333649764823914 -0.00183574494695663 -0.00227968128728867
16200 9070 -5578 0.00453062256961650 -0.00342786558437347 -0.00148744848966598 -0.00256220475101471
16200 8887 -5578 0.00459171204162458 -0.00349364355182648 -0.00110839717388153 -0.00276540858364105
16200 8704 -5578 0.00463110622473457 -0.00353679656982422 -0.000711361387372017 -0.00290382159662247
16200 8521 -5578 0.00464493473685297 -0.00355912609767914 -0.000301824424743652 -0.00296938085174561
16200 8338 -5578 0.00463133191121014 -0.0035608279066 0.000110420482158661 -0.00295937315273285
16200 8155 -5578 0.0045939305818 -0.00354144810485840 0.000519451618790626 -0.00287967246866226
16200 7972 -5578 0.00453135527612547 -0.00350255838489532 0.0009143947637 -0.00272558563899994
16200 7789 -5578 0.00444834145613171 -0.00343738027858734 0.00129933408522606 -0.00250700873851776
16200 7606 -5578 0.00434098912842439 -0.00334754629993439 0.00165399579381943 -0.00221409581995010
16200 7423 -5578 0.00420729841336159 -0.00322477808284760 0.00197392154645920 -0.0018449566636
16200 7240 -5578 0.00404909243821495 -0.00306386561012268 0.00224229630851746 -0.0014071191709
16400 7240 -5578 0.00317801048529374 -0.00236502342128754 0.00175525511026382 -0.00119394551587105
16400 7423 -5578 0.00333971655214795 -0.00252488844394684 0.00156528931403160 -0.0015258773365
16400 7606 -5578 0.00347356692966340 -0.00264973506164551 0.00132414069056511 -0.00181372642135620
16400 7789 -5578 0.00358133050493837 -0.00274355715894699 0.00104596379923821 -0.00205054275941849
16400 7972 -5578 0.00366170357547537 -0.00281093898677826 0.0007387543689 -0.00222713097524643
16400 8155 -5578 0.00372283501165713 -0.00285307636451721 0.000419956166982651 -0.00235428968334198
16400 8338 -5578 0.00375658392108643 -0.00287356371593475 8.76505841761827e-05 -0.00241799295806885
16400 8521 -5578 0.00376806231178284 -0.00287277058029175 -0.000247554871916771 -0.00242578633689880
16400 8704 -5578 0.00375351364334567 -0.00285068117332459 -0.000577262126445770 -0.00237260404539108
16400 8887 -5578 0.00371281003721494 -0.0028070741291 -0.000896743128061295 -0.0022585879569
16400 9070 -5578 0.0036506077943 -0.00274078718662262 -0.00119251136946678 -0.00209581354618072
16400 9253 -5578 0.00355459562981240 -0.00264782839059830 -0.00146320631146431 -0.00186675490808487
16400 9436 -5578 0.00343069565739194 -0.00252836660861969 -0.00168826550006866 -0.00158982925724983
16600 9436 -5578 0.00275587318413775 -0.00199250319957733 -0.00133585867047310 -0.00135655800437927
16600 9253 -5578 0.00286966911552914 -0.00209980263996124 -0.00116682225799561 -0.00156986251282692
16600 9070 -5578 0.00295819283917084 -0.00218489862918854 -0.000958120275497437 -0.00174907276725769
16600 8887 -5578 0.00301791401306144 -0.00224657634162903 -0.000722314523339272 -0.00188112269973755
16600 8704 -5578 0.0030568834987 -0.00228815284013748 -0.000467712681174278 -0.00197225570678711
16600 8521 -5578 0.00307151224199369 -0.00230852868366241 -0.000201801451712847 -0.0020159759283
16600 8338 -5578 0.00306154986063730 -0.00230854379081726 6.93838646262884e-05 -0.00200986723852158
16600 8155 -5578 0.00303087062451167 -0.00228840260887146 0.000337507245719433 -0.00195841083526611
16600 7972 -5578 0.00297657098748428 -0.00224871626806259 0.000592410480022430 -0.001858182693
16600 7789 -5578 0.00290295670181794 -0.00218573376464844 0.000836834030866623 -0.00171765003824234
16600 7606 -5578 0.00280688226131490 -0.00210088202381134 0.00105376989817619 -0.00153442228627205
16600 7423 -5578 0.00268498215943995 -0.0019881371541 0.0012401765623 -0.00131087831139565
16600 7240 -5578 0.00253953363612326 -0.00184848052978516 0.00138222954392433 -0.00105940361166000
16800 7240 -5578 0.00207167848073561 -0.00146873647999763 0.00110300753259659 -0.0009582881546
16800 7423 -5578 0.00219289351162679 -0.0015820901165 0.000992716695547104 -0.00114903818106651
16800 7606 -5578 0.00229579652395424 -0.00167597393608093 0.000847323323965073 -0.00132057919144630
16800 7789 -5578 0.00237928757759024 -0.0017499307084 0.000673577461361885 -0.00146483257555962
16800 7972 -5578 0.00244218397501613 -0.00180448534202576 0.000477735342621803 -0.00157477324628830
16800 8155 -5578 0.00248948290985216 -0.00183980399227142 0.000271553737580776 -0.00165478255176544
16800 8338 -5578 0.00251531439845302 -0.00185727053499222 5.54392747059465e-05 -0.00169536475276947
16800 8521 -5578 0.00252362826455683 -0.00185764471101761 -0.000163724128752947 -0.00170039731645584
16800 8704 -5578 0.00251032575275326 -0.00183927978706360 -0.000377592368185520 -0.00166602520847321
16800 8887 -5578 0.00247560481376502 -0.00180328128957748 -0.000582962553739548 -0.00159277039313316
16800 9070 -5578 0.00242393065258625 -0.00174992167997360 -0.000769305317044258 -0.00149018095111847
16800 9253 -5578 0.00234700942264344 -0.00167720360183716 -0.000934882471084595 -0.00134960589551926
16800 9436 -5578 0.00224853752795626 -0.00158589956521988 -0.0010672709918 -0.00118391551256180
17000 9436 -5578 0.00185888595332880 -0.00127290278053284 -0.000860089039087296 -0.00104663405799866
17000 9253 -5578 0.00194045943764561 -0.00134689450407028 -0.000754803863525391 -0.00117539033865929
17000 9070 -5578 0.00200482351611753 -0.00140730849575996 -0.000623021498322487 -0.00128462908387184
17000 8887 -5578 0.00204965607492237 -0.00145204539799690 -0.000472668547630310 -0.00136720102095604
17000 8704 -5578 0.00207844324497021 -0.00148229547452927 -0.000307240070044994 -0.00142451109409332
17000 8521 -5578 0.00209085793002257 -0.00149801863551140 -0.000133630144566298 -0.00145247118806839
17000 8338 -5578 0.00208361541119627 -0.00149714869809151 4.43243976905942e-05 -0.00144871610045433
17000 8155 -5578 0.0020621535883 -0.00148255570912361 0.000219190029799938 -0.00141660224366188
17000 7972 -5578 0.00202283791158366 -0.00145294933009148 0.000385323258161545 -0.00135360721492767
17000 7789 -5578 0.0019697352476 -0.00140737325191498 0.000543368388652802 -0.00126641966295242
17000 7606 -5578 0.00190098035099672 -0.00134722135019302 0.000682182963848114 -0.00115472009015083
17000 7423 -5578 0.00181573592365033 -0.00127112871241569 0.000799725189685821 -0.00102064297699928
17000 7240 -5578 0.00171695034656205 -0.00118130089163780 0.000888998815536499 -0.000872864156246186
17200 7240 -5578 0.00144353228418523 -0.000961271122217179 0.000724733548641205 -0.000796508200049400
17200 7423 -5578 0.00152286872313498 -0.00103143130421638 0.000651530712723732 -0.0009114777317
17200 7606 -5578 0.00159169269209210 -0.00109164468407631 0.000555902617335320 -0.00101628051185608
17200 7789 -5578 0.00164879293736686 -0.00114071226215363 0.000442025396823883 -0.00110548350977898
17200 7972 -5578 0.00169217155668845 -0.00117757151079178 0.0003136645292 -0.00117407011842728
17200 8155 -5578 0.00172441866258910 -0.00120189867711067 0.000178317979276180 -0.00122377104449272
17200 8338 -5578 0.00174265436031642 -0.00121440465402603 3.55746435150504e-05 -0.00124938095188141
17200 8521 -5578 0.0017480495911 -0.00121450080442429 -0.000108810062170029 -0.00125252766013145
17200 8704 -5578 0.0017377955796 -0.00120166692376137 -0.000249906953990459 -0.00123011717295647
17200 8887 -5578 0.00171317429004852 -0.00117664861035347 -0.000384666206419468 -0.00118416047239304
17200 9070 -5578 0.00167657296251561 -0.0011401784017 -0.000506002895236015 -0.00112014951372147
17200 9253 -5578 0.00162394707223733 -0.00109176581668854 -0.000613891075611115 -0.00103362916088104
17200 9436 -5578 0.00155737881737041 -0.00103221504044533 -0.000700698255062103 -0.0009321332612
17400 9436 -5578 0.00131774491162252 -0.000842771956682205 -0.0005754858787 -0.000833609298944473
17400 9253 -5578 0.00137115722113463 -0.000889490811586380 -0.000503628429055214 -0.0009138469851
17400 9070 -5578 0.00141441258337660 -0.000928578263521194 -0.000415862044811249 -0.000982788152933121
17400 8887 -5578 0.00144511215739624 -0.0009582897818 -0.000315465357899666 -0.00103465523219109
17400 8704 -5578 0.00146554345212886 -0.000978780997991562 -0.000205561551272869 -0.00107126334691048
17400 8521 -5578 0.00147346751861352 -0.000988761388540268 -8.95607191175223e-05 -0.00108874201488495
17400 8338 -5578 0.00146931395122130 -0.000988571526765823 2.8501306284219e-05 -0.00108647779297829
17400 8155 -5578 0.00145497664898908 -0.000979108003854752 0.000145225218445063 -0.00106652736592293
17400 7972 -5578 0.00142835801778366 -0.000959459137439728 0.000255866054713726 -0.0010267259593
17400 7789 -5578 0.00139266003527587 -0.000929572408914566 0.000361158637046814 -0.000972091327667236
17400 7606 -5578 0.00134721664887508 -0.000891437222480774 0.000454103309273720 -0.000902263229846955
17400 7423 -5578 0.00129112471248909 -0.000843424923896790 0.000533610173583031 -0.000819060241937637
17400 7240 -5578 0.00122643501919504 -0.000787979900240898 0.000596147337198258 -0.000726662433385849
17600 7240 -5578 0.00105169395454428 -0.000649998853087425 0.000494044921517372 -0.000662986527562142
17600 7423 -5578 0.00110325762667536 -0.000693325291156769 0.000441289609193802 -0.000736030510425568
17600 7606 -5578 0.00114804089066862 -0.0007305736891 0.0003753111847 -0.000802183902621270
17600 7789 -5578 0.00118591855232247 -0.000761551140785217 0.000297765892982483 -0.000859110775947571
17600 7972 -5578 0.00121467234411566 -0.000785164000630379 0.000210872700810432 -0.000902568308830261
17600 8155 -5578 0.00123672563109345 -0.000801103181719780 0.000119257049322128 -0.000934613147258758
17600 8338 -5578 0.00124881504271146 -0.000809186208486557 2.31978895701468e-05 -0.000950884124517441
17600 8521 -5578 0.00125212074583241 -0.000809204485893250 -7.38873965889216e-05 -0.000952571103334427
17600 8704 -5578 0.00124467039996937 -0.000800486595988274 -0.000168798688679934 -0.000938053329944611
17600 8887 -5578 0.00122826024453776 -0.00078437325 -0.0002598190056 -0.000908777154922485
17600 9070 -5578 0.00120339090107850 -0.000760559437990189 -0.000341880853295326 -0.000867583553552628
17600 9253 -5578 0.00116816449397403 -0.000729491488337517 -0.000415383727312088 -0.000812247077465057
17600 9436 -5578 0.00112489890826838 -0.000692206553220749 -0.000475913156151772 -0.000748147372364998
17800 9436 -5578 0.000967604802026529 -0.000571162424325943 -0.000396158155798912 -0.000673047256469726
17800 9253 -5578 0.00100272100715770 -0.000600687214374542 -0.000345322288990021 -0.000724836534857750
17800 9070 -5578 0.00103144749785173 -0.000625391881346703 -0.000284565631031990 -0.000769234390974045
17800 8887 -5578 0.00105185249799306 -0.000644536586284637 -0.000215401501119137 -0.0008029898591
17800 8704 -5578 0.00106583384471347 -0.000657884502291679 -0.000140311895072460 -0.000826708374738693
17800 8521 -5578 0.00107141415611588 -0.000664181929945946 -6.15238451808691e-05 -0.000838343151330948
17800 8338 -5578 0.00106911018184763 -0.0006646586157 1.85778969153762e-05 -0.000837185981273651
17800 8155 -5578 0.00105892126786170 -0.000657753131151199 9.85358062833548e-05 -0.0008239802258
17800 7972 -5578 0.00104147055604611 -0.000645709232211113 0.000174083853155375 -0.0007982068417
17800 7789 -5578 0.00101814117583909 -0.000626989308834076 0.000246438553214073 -0.000763303196430207
17800 7606 -5578 0.000987519318638814 -0.000602570908427238 0.0003105737468 -0.000718248660087585
17800 7423 -5578 0.000950949809137688 -0.000572953733086586 0.0003663536939 -0.000664691304445267
17800 7240 -5578 0.000908923934429194 -0.0005391819812 0.000411739975810051 -0.000604986129164696
18000 7240 -5578 0.000790431530130012 -0.000448291913986206 0.000345808368682861 -0.000551802912235260
18000 7423 -5578 0.000824710853952253 -0.0004752156496 0.000307108326792717 -0.000599954983592033
18000 7606 -5578 0.000854565788660516 -0.000498689506411552 0.000259875718832016 -0.000643336279988289
18000 7789 -5578 0.000879381642466849 -0.0005180382961 0.000205475095927715 -0.000680200909137726
18000 7972 -5578 0.000899001197960449 -0.000533307042956352 0.000145024163722992 -0.0007089289714
18000 8155 -5578 0.000912453476411472 -0.000542505606651306 8.20766123980284e-05 -0.000729242605566979
18000 8338 -5578 0.000920726766556502 -0.000547898920536041 1.55980604868382e-05 -0.000739634990930557
18000 8521 -5578 0.000922791042185390 -0.000547582824110985 -5.10194647312164e-05 -0.000741008348464966
18000 8704 -5578 0.000918255820921854 -0.000542332455992699 -0.000116591827362776 -0.0007317258054
18000 8887 -5578 0.000906785470515726 -0.000531986190199852 -0.000179188227564096 -0.000712234555959702
18000 9070 -5578 0.000890101038450338 -0.0005167915486 -0.000236461074948311 -0.000685188463449478
18000 9253 -5578 0.000867248572914276 -0.000497318567276001 -0.000288494802594185 -0.0006493899337
18000 9436 -5578 0.000838446410035094 -0.000473635043144226 -0.000331807531177998 -0.0006071310929
18200 9436 -5578 0.000730251044215535 -0.000393205648124218 -0.000279738709986210 -0.000548186189174652
18200 9253 -5578 0.000754016175086503 -0.000412178901195526 -0.000242504132211208 -0.000582886979341507
18200 9070 -5578 0.000772524541067625 -0.000427552348017692 -0.000198736347645521 -0.000611980997562408
18200 8887 -5578 0.000786716083764525 -0.000440131307959557 -0.000150286636143923 -0.000634692006349564
18200 8704 -5578 0.000795994384834833 -0.000448289604425430 -9.78800608366728e-05 -0.000650432921171188
18200 8521 -5578 0.000799894440246464 -0.000452911532878876 -4.30646920204163e-05 -0.000657955385446549
18200 8338 -5578 0.000797966549436908 -0.000452568091869354 1.28169307243079e-05 -0.0006568794099
18200 8155 -5578 0.000791441974898701 -0.000448535713076591 6.85073137432337e-05 -0.000648540711164475
18200 7972 -5578 0.000780355878579222 -0.000441419366955757 0.000121099857270718 -0.000632095695614815
18200 7789 -5578 0.000764385859640628 -0.000429183604717254 0.000172005504041910 -0.000608754303693771
18200 7606 -5578 0.000744080295738661 -0.000413975368857384 0.000217314290761948 -0.000578838819980621
18200 7423 -5578 0.000719889389976294 -0.000395617930650711 0.000257852819561958 -0.000543412377238274
18200 7240 -5578 0.000691483265882589 -0.000373815640926361 0.000291797076880932 -0.000503153395175934
18400 7240 -5578 0.000608391249056930 -0.000312295242488384 0.000247645738422871 -0.000459688010215759
18400 7423 -5578 0.0006315842023 -0.000329556861519814 0.000218280053675175 -0.000492430059313774
18400 7606 -5578 0.000651338211738892 -0.000344145648539066 0.000183869866430759 -0.000521491222739220
18400 7789 -5578 0.000668031654826827 -0.000356131568789482 0.000145138254612684 -0.000546325843572617
18400 7972 -5578 0.000681202088576161 -0.000366247305154800 0.000101970283120871 -0.000565327861189842
18400 8155 -5578 0.000690776458582985 -0.000372343677818775 5.75981058478355e-05 -0.000578956050157547
18400 8338 -5578 0.000695535478349860 -0.000375227933764458 1.09875792767853e-05 -0.000585536397218704
18400 8521 -5578 0.000696643274920729 -0.000374931723654270 -3.60617609471083e-05 -0.000586061107516289
18400 8704 -5578 0.000694306193314678 -0.000371928824543953 -8.22429578304291e-05 -0.000580453830480575
18400 8887 -5578 0.000686403683741524 -0.000365152055680752 -0.000126457638561726 -0.000567314793825149
18400 9070 -5578 0.000675488018942007 -0.000355496645748615 -0.000167084039866924 -0.000549480607986450
18400 9253 -5578 0.000659332014474428 -0.0003426808629 -0.000204492562025785 -0.000524921695947647
18400 9436 -5578 0.000640429229927729 -0.000327770529091358 -0.000236743416666985 -0.000496659085869789
18600 9436 -5578 0.0005634205473 -0.0002729175567 -0.000201015330761671 -0.000450119361877441
18600 9253 -5578 0.0005797344991 -0.000285136062443256 -0.000173670258194208 -0.000473957988977432
18600 9070 -5578 0.000592961039956403 -0.000295491109192371 -0.000141895930290222 -0.000493931373119354
18600 8887 -5578 0.000601464963774319 -0.000302708752751350 -0.000106679150924087 -0.000508671871066093
18600 8704 -5578 0.000608265633896778 -0.000308461266458035 -6.93381818532944e-05 -0.0005196694411
18600 8521 -5578 0.000611104517342524 -0.000311230285644531 -3.03344680070877e-05 -0.000525118478775024
18600 8338 -5578 0.000610316552533189 -0.000311572128951549 9.15864985249937e-06 -0.000524657552599907
18600 8155 -5578 0.000605461167 -0.000308592017889023 4.87438410595059e-05 -0.0005184824804
18600 7972 -5578 0.000598084360958985 -0.0003040503537 8.61797858029604e-05 -0.000507770942211151
18600 7789 -5578 0.000587482346813066 -0.000296337007939816 0.000122495351642370 -0.000492131355524063
18600 7606 -5578 0.000573441267131706 -0.000286515545547009 0.000155689636141062 -0.000471812992811203
18600 7423 -5578 0.000556817379163167 -0.000274642476856709 0.000185484575033188 -0.000447699807882309
18600 7240 -5578 0.000538083290638403 -0.000261153945028782 0.000210909130036831 -0.000420617419362068
18800 7240 -5578 0.000478218189294502 -0.000218587339937687 0.000180496340572834 -0.000385140600860119
18800 7423 -5578 0.000493712302791497 -0.000229226308941841 0.000158584232598543 -0.000407569666087628
18800 7606 -5578 0.000507924885820684 -0.000239019104599953 0.000132968754649162 -0.000427738698959351
18800 7789 -5578 0.000519021719992209 -0.000246717735528946 0.000104511248826981 -0.000444553666949272
18800 7972 -5578 0.000527581759181071 -0.000252750864744186 7.32968513071537e-05 -0.000457260412216186
18800 8155 -5578 0.000534488038473360 -0.000256927771091461 4.12202240303159e-05 -0.000466717001557350
18800 8338 -5578 0.000537690827598937 -0.000258746814310551 7.81381667032838e-06 -0.000471286595582962
18800 8521 -5578 0.000538536965641408 -0.000258596642136574 -2.57281610257924e-05 -0.000471795455098152
18800 8704 -5578 0.000535915273582279 -0.000256266592025757 -5.86329754590988e-05 -0.000467006197452545
18800 8887 -5578 0.000530982428650504 -0.000252390981614590 -9.07643333524465e-05 -0.000458469122529030
18800 9070 -5578 0.0005232680096 -0.000245703567981720 -0.000120186482399702 -0.000446084776997566
18800 9253 -5578 0.000512703043163192 -0.000237702449440956 -0.000147926599532366 -0.000429452454328537
18800 9436 -5578 0.000499154777177226 -0.000227746806263924 -0.000171633806437254 -0.000409737158477306
19000 9436 -5578 0.000443982684 -0.000189876349419355 -0.000147231924384832 -0.000373304045081139
19000 9253 -5578 0.000455018136343418 -0.000197598581552506 -0.000126629630088806 -0.000389854655921459
19000 9070 -5578 0.000463750329717676 -0.0002042478137 -0.000102834088757634 -0.000403489407479763
19000 8887 -5578 0.000470769539251272 -0.0002094778077 -7.76218778938055e-05 -0.000414388526916504
19000 8704 -5578 0.000474975754149202 -0.000213125346720219 -5.0230909653008e-05 -0.000421581306338310
19000 8521 -5578 0.000476760150257229 -0.000214705677688122 -2.1733602412045e-05 -0.000425000525474548
19000 8338 -5578 0.000476401802621707 -0.000215128918468952 6.6780526783914e-06 -0.000425019330739975
19000 8155 -5578 0.000473091156983059 -0.000212924222350121 3.53457559719682e-05 -0.000420932540774345
19000 7972 -5578 0.000468067647194547 -0.000210068713426590 6.25152936279774e-05 -0.000413582272410393
19000 7789 -5578 0.000460650136394766 -0.000205273708522320 8.90883739888668e-05 -0.000402785563528538
19000 7606 -5578 0.000451224798651457 -0.000198753233015537 0.000113537511795759 -0.000388918123960495
19000 7423 -5578 0.000439880168212210 -0.000191098493993282 0.000135866713255644 -0.000372262281775475
19000 7240 -5578 0.000426730720682583 -0.000182053211897612 0.0001555158433 -0.000353275503098965
