# amount of points in x direction: 11 (distance of 200 steps)
# amount of points in y direction: 34 (distance of 200 steps)
# abs. coordinates of point 1: P1 (, , ) (offsets not corrected)
# Offsets of the hall probe have already been corrected for all following coordinates.
#
# X (absolute in steps=10um) Y (absolute in steps=10um) Z (absolute in steps=10um) Babs(in T) Bx By Bz
6000 8440 -2978 4.57469400341822e-05 4.48610523790121e-05 -1.35824469009094e-06 8.91042425576597e-06
6000 8640 -2978 4.54715295792628e-05 4.4568333901465e-05 -1.906776004741e-06 8.8140694797039e-06
6000 8840 -2978 4.53959080486556e-05 4.44938265234232e-05 -1.9598670559601e-06 8.79420433845371e-06
6000 9040 -2978 4.52755037331649e-05 4.43357598632574e-05 -2.473854902928e-06 8.7845829743892e-06
6000 9240 -2978 4.50879840758919e-05 4.42447553947568e-05 -2.84512872534106e-06 8.50864312052727e-06
6000 9440 -2978 4.49729153290679e-05 4.41164321824908e-05 -3.2494426701378e-06 8.10455002356321e-06
6000 9640 -2978 4.48383977611391e-05 4.40462102666497e-05 -3.42709958368505e-06 7.85074840113521e-06
6000 9840 -2978 4.47450579879085e-05 4.38987213820219e-05 -3.88022142766568e-06 7.38882137741894e-06
6000 10040 -2978 4.45730989121878e-05 4.38243506327272e-05 -4.16583341744263e-06 7.00425761379302e-06
6000 10240 -2978 4.45958324047205e-05 4.39093505069614e-05 -4.64162641065195e-06 6.38145756814629e-06
6000 10440 -2978 4.44027505219064e-05 4.37554596215486e-05 -4.85224029095844e-06 5.67426111921668e-06
6000 10640 -2978 4.43274987748695e-05 4.37202143371105e-05 -5.18037483096123e-06 5.17718049534596e-06
6000 10840 -2978 4.45360487515011e-05 4.39623214229941e-05 -5.58374035824091e-06 4.41701159416698e-06
6000 11040 -2978 4.42233307805191e-05 4.37046682760119e-05 -5.77068918570876e-06 3.67818590777461e-06
6000 11240 -2978 4.42745980267184e-05 4.37841683924198e-05 -5.83776021329686e-06 2.88394430013432e-06
6000 11440 -2978 4.41276307084239e-05 4.36467362046242e-05 -6.26172585552558e-06 1.86029924629474e-06
6000 11640 -2978 4.40993698898257e-05 4.36316948607564e-05 -6.36125750700012e-06 6.12681200436782e-07
6000 11840 -2978 4.40778819508032e-05 4.36182427704334e-05 -6.30334694078192e-06 -1.4990374529134e-07
6000 12040 -2978 4.40825731569263e-05 4.36124305874109e-05 -6.1779153496027e-06 -1.24692160330596e-06
6000 12240 -2978 4.40694698116073e-05 4.35638463795185e-05 -6.18510895036161e-06 -2.3314986192247e-06
6000 12440 -2978 4.42647252872228e-05 4.37217080667615e-05 -5.89619702519849e-06 -3.62014118915431e-06
6000 12640 -2978 4.41811672229855e-05 4.35599141642451e-05 -5.61645021894947e-06 -4.84269994590432e-06
6000 12840 -2978 4.44446571498294e-05 4.37227146029472e-05 -5.29773563332856e-06 -5.71981911687181e-06
6000 13040 -2978 4.44777508910595e-05 4.36877518743277e-05 -4.65503737097606e-06 -6.89143734844402e-06
6000 13240 -2978 4.47282293472071e-05 4.37778719589114e-05 -4.15573797537945e-06 -8.19601429905742e-06
6000 13440 -2978 4.49814081871227e-05 4.39111896604299e-05 -3.58631283478462e-06 -9.20020288322121e-06
6000 13640 -2978 4.51329407206789e-05 4.38884445130825e-05 -2.91127060676354e-06 -1.01149038439617e-05
6000 13840 -2978 4.53375157951596e-05 4.39319692775607e-05 -2.21547158943031e-06 -1.11136011071503e-05
6000 14040 -2978 4.5519891690651e-05 4.39403072372079e-05 -1.44093920475279e-06 -1.1940720692277e-05
6000 14240 -2978 4.58386643041984e-05 4.40627858564258e-05 -8.28556919784205e-07 -1.27370426710695e-05
6000 14440 -2978 4.62229077887294e-05 4.42638095393777e-05 -3.97673528168525e-08 -1.32170502711088e-05
6000 14640 -2978 4.65542380079091e-05 4.44888832643628e-05 8.13691622675833e-07 -1.368847136572e-05
6000 14840 -2978 4.69158744454083e-05 4.45788430795074e-05 1.64984687259494e-06 -1.46040736585855e-05
6000 15040 -2978 4.73081986344479e-05 4.47886232808232e-05 2.38797574144337e-06 -1.50123338550329e-05
6200 15040 -2978 4.63370536442418e-05 4.3734551154077e-05 1.87309104551059e-06 -1.51666210088879e-05
6200 14840 -2978 4.59857230500358e-05 4.36414669081569e-05 1.01292344820831e-06 -1.44082005433738e-05
6200 14640 -2978 4.56616891953181e-05 4.34167907908559e-05 2.12960775331339e-07 -1.41101495381445e-05
6200 14440 -2978 4.51453521027319e-05 4.31601173356175e-05 -6.73288819862137e-07 -1.32232284341007e-05
6200 14240 -2978 4.51485073016905e-05 4.3314538359642e-05 -1.72875558242231e-06 -1.2472271213308e-05
6200 14040 -2978 4.45410938696061e-05 4.29065934568644e-05 -2.11878925572e-06 -1.17662234008312e-05
6200 13840 -2978 4.43466471244478e-05 4.29174296706915e-05 -3.10428767438862e-06 -1.06300243958831e-05
6200 13640 -2978 4.39291707154505e-05 4.26470705792308e-05 -3.91547823694418e-06 -9.68073748517782e-06
6200 13440 -2978 4.38611116858434e-05 4.2713077172637e-05 -4.45798165473389e-06 -8.84643820486963e-06
6200 13240 -2978 4.34049522745409e-05 4.24156264737248e-05 -5.10192398400977e-06 -7.54335298575461e-06
6200 13040 -2978 4.33789887687752e-05 4.24845943301916e-05 -5.94428314175457e-06 -6.54749792860821e-06
6200 12840 -2978 4.33087899690489e-05 4.25254833400249e-05 -6.37870016880334e-06 -5.15235280594788e-06
6200 12640 -2978 4.32191116091331e-05 4.25133636072278e-05 -6.69683028012514e-06 -4.01931261032587e-06
6200 12440 -2978 4.3226772504225e-05 4.25687689259648e-05 -7.05974847264588e-06 -2.66390700575721e-06
6200 12240 -2978 4.30850757804738e-05 4.24674213379622e-05 -7.14220580738038e-06 -1.29128304528967e-06
6200 12040 -2978 4.2952395970934e-05 4.23167887479067e-05 -7.36015420500189e-06 -7.74058742754278e-08
6200 11840 -2978 4.28341953041867e-05 4.21577604189515e-05 -7.52305945660919e-06 9.81177181113707e-07
6200 11640 -2978 4.30260293444511e-05 4.23361651003361e-05 -7.36845873296261e-06 2.14339488832047e-06
6200 11440 -2978 4.30929159078023e-05 4.23516880571842e-05 -7.1239794776775e-06 3.35953940070976e-06
6200 11240 -2978 4.31159533911136e-05 4.23164234161377e-05 -6.91623844066635e-06 4.59135148813948e-06
6200 11040 -2978 4.31768459007012e-05 4.23157831132412e-05 -6.85374722955749e-06 5.35618622461334e-06
6200 10840 -2978 4.31827445368262e-05 4.22586124315858e-05 -6.30789212323726e-06 6.22375362878665e-06
6200 10640 -2978 4.32848768538164e-05 4.22748500108719e-05 -6.12951959762722e-06 7.01091037970036e-06
6200 10440 -2978 4.33162341673335e-05 4.22680697068572e-05 -5.69863540830556e-06 7.56518209818751e-06
6200 10240 -2978 4.34584083074519e-05 4.23562688454986e-05 -5.21388732199557e-06 8.10920706624165e-06
6200 10040 -2978 4.34767372690518e-05 4.23668809980154e-05 -4.80691476655193e-06 8.74882626626641e-06
6200 9840 -2978 4.35527970182691e-05 4.23266944661736e-05 -4.41799386916682e-06 9.35080777667463e-06
6200 9640 -2978 4.38749795894774e-05 4.26285334154964e-05 -3.9805513760657e-06 9.64148213155568e-06
6200 9440 -2978 4.3748253741901e-05 4.24879070520401e-05 -3.5346407967736e-06 9.81783249136061e-06
6200 9240 -2978 4.41315581951286e-05 4.2824983112514e-05 -3.08734049301711e-06 1.02021359931678e-05
6200 9040 -2978 4.39826290178853e-05 4.263227827847e-05 -2.73294636147693e-06 1.07017785906792e-05
6200 8840 -2978 4.4052780373623e-05 4.27040389552713e-05 -2.16486503047781e-06 1.0577815419063e-05
6200 8640 -2978 4.43838817062576e-05 4.29975520372391e-05 -2.0436397800695e-06 1.07720373971388e-05
6200 8440 -2978 4.44718893789312e-05 4.30682272985578e-05 -1.56621153713513e-06 1.10190825536847e-05
6400 8440 -2978 4.32744720557687e-05 4.1230299115181e-05 -1.67787272180794e-06 1.28587004952133e-05
6400 8640 -2978 4.30544658901454e-05 4.10406150072813e-05 -2.15088156812999e-06 1.28957109656185e-05
6400 8840 -2978 4.31559127614726e-05 4.1125341758132e-05 -2.586490815258e-06 1.28165769409388e-05
6400 9040 -2978 4.2959137503476e-05 4.09494031891227e-05 -2.95357598759801e-06 1.26455629523844e-05
6400 9240 -2978 4.27527117274948e-05 4.08214425519109e-05 -3.38642678852193e-06 1.23345051445067e-05
6400 9440 -2978 4.28350812568457e-05 4.09542885869742e-05 -3.72877834722749e-06 1.1831612477079e-05
6400 9640 -2978 4.27793053943387e-05 4.09731205999851e-05 -4.2526174011291e-06 1.16525266487151e-05
6400 9840 -2978 4.26529115307831e-05 4.08426431268454e-05 -4.70898798119743e-06 1.13567071221769e-05
6400 10040 -2978 4.25934948783052e-05 4.08651864007115e-05 -5.22096618567593e-06 1.0855475474149e-05
6400 10240 -2978 4.24757740198074e-05 4.0758508130908e-05 -5.79383909725584e-06 1.02278261426836e-05
6400 10440 -2978 4.25543253095865e-05 4.08971699774265e-05 -6.40179933281615e-06 9.89726904500276e-06
6400 10640 -2978 4.23824605821348e-05 4.08615506142378e-05 -6.73612785595469e-06 9.0913081811741e-06
6400 10840 -2978 4.23151593311813e-05 4.08676026985049e-05 -7.12222581729293e-06 8.34779361914843e-06
6400 11040 -2978 4.2163487601541e-05 4.08197803497314e-05 -7.6999192442745e-06 7.4136882936582e-06
6400 11240 -2978 4.19646849027584e-05 4.06993766948581e-05 -8.10114184115082e-06 6.3038106765598e-06
6400 11440 -2978 4.21342010107678e-05 4.09881273210049e-05 -8.32410979270935e-06 5.07290218328126e-06
6400 11640 -2978 4.20709199776781e-05 4.10232215747237e-05 -8.47142612654716e-06 3.81976937231957e-06
6400 11840 -2978 4.19445487082266e-05 4.09661003649235e-05 -8.55008344352245e-06 2.83193579316503e-06
6400 12040 -2978 4.19496751032367e-05 4.10360846593976e-05 -8.66601618379354e-06 1.21748185164051e-06
6400 12240 -2978 4.18808315512221e-05 4.09871224239469e-05 -8.68214285280555e-06 7.79108933775206e-08
6400 12440 -2978 4.19491885209342e-05 4.1089918769896e-05 -8.30795385036618e-06 -1.51820767983531e-06
6400 12640 -2978 4.19615986094082e-05 4.10819498598575e-05 -8.03635860327631e-06 -2.83997790198191e-06
6400 12840 -2978 4.19549267346626e-05 4.10259587541223e-05 -7.6539998576045e-06 -4.31486238806974e-06
6400 13040 -2978 4.2244790559217e-05 4.12049697116017e-05 -7.24001596495509e-06 -5.86069393018261e-06
6400 13240 -2978 4.23560081875334e-05 4.12519037202001e-05 -6.54114007996395e-06 -7.1739794947207e-06
6400 13440 -2978 4.26185798131517e-05 4.13927982151508e-05 -5.72304787160829e-06 -8.36898866388947e-06
6400 13640 -2978 4.27222110210091e-05 4.13682736679912e-05 -4.96603741738363e-06 -9.524508273229e-06
6400 13840 -2978 4.31075981259228e-05 4.14960081577301e-05 -4.25298258120893e-06 -1.05945170270279e-05
6400 14040 -2978 4.32986036034988e-05 4.16004505008459e-05 -3.31842596191564e-06 -1.14018209539354e-05
6400 14240 -2978 4.37771514295799e-05 4.18637839630246e-05 -2.24254148582077e-06 -1.25485677253455e-05
6400 14440 -2978 4.40851511299607e-05 4.20351662859321e-05 -1.26826470423816e-06 -1.32641679812223e-05
6400 14640 -2978 4.44569957762332e-05 4.21946489736438e-05 -5.20401820453117e-07 -1.38619546070695e-05
6400 14840 -2978 4.50669882461029e-05 4.26565662175417e-05 4.58864689070651e-07 -1.4477246331051e-05
6400 15040 -2978 4.53205028179292e-05 4.26818495467305e-05 1.31850725905679e-06 -1.51812131777406e-05
6600 15040 -2978 4.43599091388694e-05 4.16519114002585e-05 9.97042744294049e-07 -1.53197727203369e-05
6600 14840 -2978 4.39187215901087e-05 4.13831639662385e-05 8.66457988374805e-08 -1.46369721293449e-05
6600 14640 -2978 4.3531974601207e-05 4.1236685141921e-05 -8.82770503412758e-07 -1.39608099218458e-05
6600 14440 -2978 4.30596360856184e-05 4.08629394769669e-05 -2.06589845131384e-06 -1.34419748857617e-05
6600 14240 -2978 4.28274674454283e-05 4.08228896483779e-05 -3.10497079477682e-06 -1.25715076625347e-05
6600 14040 -2978 4.22702254713143e-05 4.04710221216083e-05 -3.91068455745699e-06 -1.15214585643262e-05
6600 13840 -2978 4.18449453992058e-05 4.01685815528035e-05 -4.90316974464804e-06 -1.06193948220462e-05
6600 13640 -2978 4.16343576417815e-05 4.01072031185031e-05 -6.1462313584052e-06 -9.35628677159548e-06
6600 13440 -2978 4.14445215944834e-05 4.00462228357792e-05 -6.89623036514968e-06 -8.05805541295558e-06
6600 13240 -2978 4.1169361891049e-05 3.9901445813477e-05 -7.6615403899923e-06 -6.68768792226911e-06
6600 13040 -2978 4.10929574319175e-05 3.99025682881474e-05 -8.29478671774268e-06 -5.2547795213759e-06
6600 12840 -2978 4.085150722531e-05 3.97055835202336e-05 -8.98781746905297e-06 -3.73094553040573e-06
6600 12640 -2978 4.09327836224718e-05 3.97600740790367e-05 -9.47906075045467e-06 -2.20440330341444e-06
6600 12440 -2978 4.07232165265666e-05 3.94907437860966e-05 -9.71694964822382e-06 -4.6267314609554e-07
6600 12240 -2978 4.08827466708023e-05 3.96157321855426e-05 -1.00502648735419e-05 1.11101382920788e-06
6600 12040 -2978 4.08367303038333e-05 3.9519076667726e-05 -9.93346535041928e-06 2.67997884822034e-06
6600 11840 -2978 4.09190484684965e-05 3.94357820600271e-05 -1.01118256486952e-05 4.01889092783676e-06
6600 11640 -2978 4.11219137792797e-05 3.95764475092292e-05 -9.8672803780064e-06 5.65026621939615e-06
6600 11440 -2978 4.12180503764247e-05 3.9470166914165e-05 -9.42456100787967e-06 6.89163418859243e-06
6600 11240 -2978 4.11621342834782e-05 3.93086441606283e-05 -9.20513145904988e-06 8.05584048293531e-06
6600 11040 -2978 4.13120678348832e-05 3.93259026780725e-05 -8.64962050877512e-06 9.33239039499313e-06
6600 10840 -2978 4.13802288342089e-05 3.92518970668316e-05 -8.08678022073582e-06 1.02409081999213e-05
6600 10640 -2978 4.13883026388216e-05 3.92025740817189e-05 -7.55616083648056e-06 1.09111967310309e-05
6600 10440 -2978 4.14944854515806e-05 3.91610606908798e-05 -7.10671060578898e-06 1.18047242145985e-05
6600 10240 -2978 4.17213227023729e-05 3.92646076828242e-05 -6.37662797840312e-06 1.23602975402027e-05
6600 10040 -2978 4.16641847835427e-05 3.91101551353931e-05 -5.93549605831504e-06 1.31086449734867e-05
6600 9840 -2978 4.15366733531328e-05 3.89540249928832e-05 -5.1566642660182e-06 1.33522785995156e-05
6600 9640 -2978 4.16838791433506e-05 3.89944415017962e-05 -4.68591255904175e-06 1.38927999790758e-05
6600 9440 -2978 4.16736229137612e-05 3.90481528565288e-05 -4.14225278266531e-06 1.39304697606713e-05
6600 9240 -2978 4.17320109095659e-05 3.90494280830026e-05 -3.65012497144198e-06 1.42611180711538e-05
6600 9040 -2978 4.19427472031471e-05 3.91830044984818e-05 -2.98948232238763e-06 1.45678633712232e-05
6600 8840 -2978 4.21683622600812e-05 3.94035698398948e-05 -2.71107044930795e-06 1.48577468805015e-05
6600 8640 -2978 4.22740594523425e-05 3.95068080127239e-05 -2.25502743730249e-06 1.49116224516183e-05
6600 8440 -2978 4.21110690390513e-05 3.93553838133812e-05 -1.70784057940364e-06 1.49336100686342e-05
6800 8440 -2978 4.12776914385477e-05 3.75740336403251e-05 -1.94586447812253e-06 1.69780275039375e-05
6800 8640 -2978 4.10813846487167e-05 3.73028093129396e-05 -2.46873843236608e-06 1.69909314699471e-05
6800 8840 -2978 4.10942439717308e-05 3.73533714488149e-05 -2.98265913556679e-06 1.67214661557227e-05
6800 9040 -2978 4.10270196424014e-05 3.73730447143316e-05 -3.40621233946877e-06 1.66218207292259e-05
6800 9240 -2978 4.07674621626716e-05 3.71491852477193e-05 -3.78447360283462e-06 1.64300345312804e-05
6800 9440 -2978 4.06305244138001e-05 3.69681549444795e-05 -4.302468961454e-06 1.6105792729184e-05
6800 9640 -2978 4.06043665442474e-05 3.71239798590541e-05 -5.08411731990054e-06 1.61097211074084e-05
6800 9840 -2978 4.07677580487622e-05 3.72301663011313e-05 -5.71263756626286e-06 1.56426528338343e-05
6800 10040 -2978 4.05724796155831e-05 3.70738103836775e-05 -6.13603060739115e-06 1.5128407150507e-05
6800 10240 -2978 4.06761438792198e-05 3.72119194343686e-05 -6.92891472298652e-06 1.48294811211526e-05
6800 10440 -2978 4.07071990859379e-05 3.73822763189673e-05 -7.69294412946329e-06 1.41583927497268e-05
6800 10640 -2978 4.07226121940416e-05 3.74378953352571e-05 -8.40091381128877e-06 1.37140395231545e-05
6800 10840 -2978 4.07079542925652e-05 3.76235308945179e-05 -9.24198898300529e-06 1.25495905783027e-05
6800 11040 -2978 4.0626668589707e-05 3.7699007883668e-05 -9.67430990189314e-06 1.15973200295121e-05
6800 11240 -2978 4.04253811055688e-05 3.77324044778943e-05 -1.01812650030479e-05 1.04014209015295e-05
6800 11440 -2978 4.02920773083597e-05 3.7760412722826e-05 -1.07845931518823e-05 9.01638926472515e-06
6800 11640 -2978 4.02227252618861e-05 3.78711722418666e-05 -1.11931487582624e-05 7.71341991145164e-06
6800 11840 -2978 4.00961490811925e-05 3.78984438702464e-05 -1.15121657755226e-05 6.06106978608295e-06
6800 12040 -2978 3.99576784720143e-05 3.79898492768407e-05 -1.1591042323038e-05 4.3020746531929e-06
6800 12240 -2978 3.9943683845539e-05 3.81066263839603e-05 -1.16833412311971e-05 2.61483546326463e-06
6800 12440 -2978 3.99165970759474e-05 3.82646037191153e-05 -1.13230466134846e-05 9.71308257692727e-07
6800 12640 -2978 3.98553996400817e-05 3.83114367797971e-05 -1.09437694959343e-05 -8.12539920592826e-07
6800 12840 -2978 3.97179960714587e-05 3.81962423920632e-05 -1.05254236897454e-05 -2.86530528122785e-06
6800 13040 -2978 3.98873525963498e-05 3.83113966137171e-05 -1.01321293450892e-05 -4.53626956720837e-06
6800 13240 -2978 4.00702151725672e-05 3.84904161766171e-05 -9.17844260856509e-06 -5.98199995001778e-06
6800 13440 -2978 4.01333877563885e-05 3.84672794044018e-05 -8.51694080792368e-06 -7.75099965743721e-06
6800 13640 -2978 4.04199747952661e-05 3.86970395222306e-05 -7.24220352293923e-06 -9.18257689196617e-06
6800 13840 -2978 4.07286511867138e-05 3.88201713487506e-05 -6.40407023532316e-06 -1.05370101742446e-05
6800 14040 -2978 4.09775683222122e-05 3.89474018588662e-05 -5.14722056896426e-06 -1.16519146263599e-05
6800 14240 -2978 4.15142441294373e-05 3.93123255670071e-05 -3.84663401210855e-06 -1.26770065594465e-05
6800 14440 -2978 4.19319706551211e-05 3.95668764635921e-05 -2.85111750466331e-06 -1.35923240371049e-05
6800 14640 -2978 4.2456247696695e-05 3.9888642385602e-05 -1.81484938089216e-06 -1.43380094934255e-05
6800 14840 -2978 4.28076093575028e-05 4.0099316932261e-05 -7.02943379767931e-07 -1.48506830446422e-05
6800 15040 -2978 4.34885831872391e-05 4.06291413903236e-05 4.36052740587911e-07 -1.5460732454434e-05
7000 15040 -2978 4.21761013443751e-05 3.91317773982882e-05 -2.69843546961965e-08 -1.60117479600012e-05
7000 14840 -2978 4.19112906074915e-05 3.90089117586613e-05 -1.08871592924334e-06 -1.53603463321924e-05
7000 14640 -2978 4.11795683336063e-05 3.8399306870997e-05 -2.48032884341956e-06 -1.46957476437092e-05
7000 14440 -2978 4.09790483521427e-05 3.83420937359333e-05 -3.61223319341661e-06 -1.38704456649721e-05
7000 14240 -2978 4.03567115258827e-05 3.78869762793183e-05 -4.87423325167037e-06 -1.30467118918896e-05
7000 14040 -2978 3.9802822431805e-05 3.74942053183913e-05 -6.21861192537472e-06 -1.1764227354899e-05
7000 13840 -2978 3.97126379664367e-05 3.74981185793877e-05 -7.63478246517479e-06 -1.05564043540508e-05
7000 13640 -2978 3.92599070220661e-05 3.71762897521258e-05 -8.7399568464607e-06 -9.10367694776505e-06
7000 13440 -2978 3.90775995443042e-05 3.70544358193874e-05 -9.6859285440296e-06 -7.62130414880812e-06
7000 13240 -2978 3.90171032098737e-05 3.70540269613266e-05 -1.08027215125039e-05 -5.89774015382864e-06
7000 13040 -2978 3.87444050673117e-05 3.67388004288077e-05 -1.16027799770236e-05 -3.93358604423702e-06
7000 12840 -2978 3.87862479464224e-05 3.67276245802641e-05 -1.22999752685428e-05 -1.97295102635326e-06
7000 12640 -2978 3.87710881365232e-05 3.65509240701795e-05 -1.2930517166853e-05 1.70149063304052e-07
7000 12440 -2978 3.9107713037036e-05 3.66890717372298e-05 -1.32778686340898e-05 1.92930317409264e-06
7000 12240 -2978 3.90572245743025e-05 3.64780535176396e-05 -1.34215186275542e-05 3.96401598188095e-06
7000 12040 -2978 3.91205253444531e-05 3.63045387715101e-05 -1.32288997750729e-05 5.93772076442838e-06
7000 11840 -2978 3.95337603888854e-05 3.64819918051362e-05 -1.31099021825939e-05 7.74579280707985e-06
7000 11640 -2978 3.97596784833081e-05 3.64517651200295e-05 -1.27066334597766e-05 9.52062596939504e-06
7000 11440 -2978 3.97334846919115e-05 3.60822135135531e-05 -1.22831311523914e-05 1.12226718217135e-05
7000 11240 -2978 3.9943521263533e-05 3.60618244111538e-05 -1.17002702951431e-05 1.24277643729001e-05
7000 11040 -2978 4.00128785590632e-05 3.60074932128191e-05 -1.09054156737402e-05 1.36603076215833e-05
7000 10840 -2978 4.02210224746428e-05 3.59396956115961e-05 -1.014365019463e-05 1.49807682279497e-05
7000 10640 -2978 4.02261477422938e-05 3.58075345680118e-05 -9.36163002066315e-06 1.58212727550417e-05
7000 10440 -2978 4.0008702018146e-05 3.54559235945344e-05 -8.46919028554112e-06 1.64877692591399e-05
7000 10240 -2978 4.00381187996675e-05 3.54298879057169e-05 -7.5269095050171e-06 1.72545484751463e-05
7000 10040 -2978 4.00553210148332e-05 3.5437123298645e-05 -6.75888533098623e-06 1.74630805682391e-05
7000 9840 -2978 3.9980456864728e-05 3.5215027756989e-05 -6.03955349978059e-06 1.79405279941857e-05
7000 9640 -2978 3.99866262669016e-05 3.5234870955348e-05 -5.37462973874062e-06 1.81367804780602e-05
7000 9440 -2978 3.98825864480684e-05 3.50830777287483e-05 -4.68124648509547e-06 1.82189347743988e-05
7000 9240 -2978 3.98381418127084e-05 3.50487398058176e-05 -4.23554040129602e-06 1.84278373792768e-05
7000 9040 -2978 3.97677651936928e-05 3.49853566586971e-05 -3.59885153110372e-06 1.85233560241759e-05
7000 8840 -2978 3.99588506153557e-05 3.51329277530313e-05 -3.09366529328577e-06 1.8687973536551e-05
7000 8640 -2978 4.00738230606415e-05 3.52219039872289e-05 -2.62172911082598e-06 1.89329160638154e-05
7000 8440 -2978 4.0270024349412e-05 3.5303934879601e-05 -2.08265702383142e-06 1.91829755529761e-05
7200 8440 -2978 3.91901380500412e-05 3.30620973855257e-05 -2.24388968787389e-06 2.0899245403707e-05
7200 8640 -2978 3.90612020455555e-05 3.28716620504856e-05 -2.91699542604329e-06 2.0971946965903e-05
7200 8840 -2978 3.88997997196475e-05 3.2696851849556e-05 -3.23640125327802e-06 2.07271116152406e-05
7200 9040 -2978 3.89518582118571e-05 3.27734685242176e-05 -3.85224831083906e-06 2.06955841183662e-05
7200 9240 -2978 3.91125674244049e-05 3.3025816783309e-05 -4.17447329041897e-06 2.05943969413638e-05
7200 9440 -2978 3.89696759139011e-05 3.29141389802098e-05 -4.80141747626476e-06 2.03705140128732e-05
7200 9640 -2978 3.91070623429743e-05 3.2896178856492e-05 -5.64861739403568e-06 2.05269461497664e-05
7200 9840 -2978 3.93744991143202e-05 3.32424781695008e-05 -6.1717890962027e-06 2.03722038418055e-05
7200 10040 -2978 3.95423479510023e-05 3.33643134981394e-05 -7.13561209104955e-06 1.9987568795681e-05
7200 10240 -2978 3.96503366275897e-05 3.34399823099375e-05 -8.02380464039743e-06 1.97109104171395e-05
7200 10440 -2978 3.98972024149447e-05 3.37052424401045e-05 -9.01036481466144e-06 1.93842415958643e-05
7200 10640 -2978 3.98752007206271e-05 3.37671716660261e-05 -1.00766380904242e-05 1.86933098174632e-05
7200 10840 -2978 3.97477363478053e-05 3.38395209535956e-05 -1.10382839906961e-05 1.76687440723181e-05
7200 11040 -2978 4.00013695927367e-05 3.42491919994354e-05 -1.21009116712958e-05 1.66966048683971e-05
7200 11240 -2978 3.97399235400369e-05 3.4265902236104e-05 -1.29305224027485e-05 1.52911031525582e-05
7200 11440 -2978 3.96340286200834e-05 3.449863897264e-05 -1.381689741835e-05 1.36622743532062e-05
7200 11640 -2978 3.93717356146788e-05 3.45398209244013e-05 -1.45664822030813e-05 1.20168320704252e-05
7200 11840 -2978 3.90846617681827e-05 3.46036623194814e-05 -1.51761003546417e-05 9.92845314275473e-06
7200 12040 -2978 3.91440297754472e-05 3.51010206118226e-05 -1.54054206572473e-05 7.91469392366707e-06
7200 12240 -2978 3.84286781638274e-05 3.46711424067617e-05 -1.54766407143325e-05 5.71562675922178e-06
7200 12440 -2978 3.81778380440117e-05 3.4831040084362e-05 -1.5255873568356e-05 3.45993306954915e-06
7200 12640 -2978 3.78792191615719e-05 3.47566026598215e-05 -1.50142574142665e-05 1.06999415789505e-06
7200 12840 -2978 3.77215886856486e-05 3.48699474185705e-05 -1.4306472113356e-05 -1.09030852941578e-06
7200 13040 -2978 3.78516461537741e-05 3.51808014512062e-05 -1.35600318629295e-05 -3.29803277840256e-06
7200 13240 -2978 3.76688926630301e-05 3.49922245144844e-05 -1.25150809381157e-05 -5.97648881701752e-06
7200 13440 -2978 3.79308911640612e-05 3.53722534030676e-05 -1.14565207958221e-05 -7.63881162088364e-06
7200 13640 -2978 3.80779365156982e-05 3.5520519271493e-05 -1.0078460931778e-05 -9.41530058253556e-06
7200 13840 -2978 3.81810577492375e-05 3.55704786702991e-05 -8.84571807738394e-06 -1.06905327141285e-05
7200 14040 -2978 3.85533792526854e-05 3.58688213899732e-05 -7.35425963671878e-06 -1.21382777225226e-05
7200 14240 -2978 3.91425697269227e-05 3.62711039930582e-05 -6.06302463077009e-06 -1.33033441547304e-05
7200 14440 -2978 3.92899814002522e-05 3.63744600713253e-05 -4.38154690782539e-06 -1.42851302027702e-05
7200 14640 -2978 4.01236631984597e-05 3.70640032142401e-05 -3.04925664186885e-06 -1.50905205123127e-05
7200 14840 -2978 4.07439030371475e-05 3.75770189836621e-05 -1.84199999079283e-06 -1.57076954934746e-05
7200 15040 -2978 4.11731247352581e-05 3.78849561586976e-05 -4.86579583764524e-07 -1.61676720194519e-05
7400 15040 -2978 4.01912678848932e-05 3.65956956371665e-05 -8.73558076256813e-07 -1.6683254159987e-05
7400 14840 -2978 3.94750078182958e-05 3.59589112475514e-05 -2.24938986781126e-06 -1.62683534882963e-05
7400 14640 -2978 3.88312715355352e-05 3.53417264595628e-05 -3.70968819239351e-06 -1.55849497523159e-05
7400 14440 -2978 3.84467384513172e-05 3.50857233554125e-05 -5.28735296288505e-06 -1.49375598337501e-05
7400 14240 -2978 3.77923403925882e-05 3.44109956845641e-05 -6.78305802121758e-06 -1.38834682051092e-05
7400 14040 -2978 3.76558186412253e-05 3.43299116417766e-05 -8.57320444844663e-06 -1.27192163262516e-05
7400 13840 -2978 3.71047627234399e-05 3.38583545684815e-05 -1.01033174367622e-05 -1.14465176556259e-05
7400 13640 -2978 3.69437495514139e-05 3.36219388619065e-05 -1.18715129718184e-05 -9.50775629188866e-06
7400 13440 -2978 3.68840627819544e-05 3.35892950668931e-05 -1.31519077718258e-05 -7.6954964864999e-06
7400 13240 -2978 3.69366271364535e-05 3.34069910943508e-05 -1.46064016446471e-05 -5.70247884746641e-06
7400 13040 -2978 3.70511180026649e-05 3.35171372890473e-05 -1.54345623273402e-05 -3.10078571584018e-06
7400 12840 -2978 3.72226021724272e-05 3.33269446492195e-05 -1.65672314949334e-05 -7.20450236877923e-07
7400 12640 -2978 3.75161844313549e-05 3.32535426020622e-05 -1.72533021792769e-05 2.03245652563055e-06
7400 12440 -2978 3.77741301115695e-05 3.31017617285252e-05 -1.75858806334436e-05 4.67921772308182e-06
7400 12240 -2978 3.83501043164882e-05 3.31918836012483e-05 -1.78125806823373e-05 7.10620601149276e-06
7400 12040 -2978 3.8778486571702e-05 3.32243307307363e-05 -1.77022093757987e-05 9.52457360271365e-06
7400 11840 -2978 3.92069687374586e-05 3.29507979676127e-05 -1.74209133461118e-05 1.22335706166923e-05
7400 11640 -2978 3.94755660551728e-05 3.28757792338729e-05 -1.65742123015225e-05 1.43208437599242e-05
7400 11440 -2978 3.98436579329038e-05 3.27389728650451e-05 -1.57117935549468e-05 1.6401458112523e-05
7400 11240 -2978 4.00751213785627e-05 3.26676694899797e-05 -1.46074332725257e-05 1.8040554780513e-05
7400 11040 -2978 4.01098305099284e-05 3.24369431436062e-05 -1.34547044076025e-05 1.94036566950381e-05
7400 10840 -2978 3.99852859704972e-05 3.20183693170548e-05 -1.21874541155994e-05 2.06118305288255e-05
7400 10640 -2978 3.99018987575642e-05 3.17413949593902e-05 -1.1081001020968e-05 2.13960641771555e-05
7400 10440 -2978 3.97079991572527e-05 3.15414193198085e-05 -9.81768708396703e-06 2.19510717093944e-05
7400 10240 -2978 3.92059331496863e-05 3.1048254199326e-05 -8.59513958916068e-06 2.24358229748905e-05
7400 10040 -2978 3.88865379064233e-05 3.08535358607769e-05 -7.37616304773837e-06 2.24903173372149e-05
7400 9840 -2978 3.86717367596163e-05 3.07389267459512e-05 -6.46806363156065e-06 2.24260965064168e-05
7400 9640 -2978 3.85482456151891e-05 3.07409334480763e-05 -5.79550401074812e-06 2.24506237991154e-05
7400 9440 -2978 3.83510084516093e-05 3.05914458185434e-05 -5.10176379582845e-06 2.24970693811774e-05
7400 9240 -2978 3.81149418704343e-05 3.05182780995965e-05 -4.35494260420091e-06 2.2393509734422e-05
7400 9040 -2978 3.79817271392994e-05 3.04834860786796e-05 -3.90575389546575e-06 2.23184623010457e-05
7400 8840 -2978 3.79753007278702e-05 3.04274123758078e-05 -3.35382969246711e-06 2.25357033014298e-05
7400 8640 -2978 3.78567504293605e-05 3.02792292684317e-05 -2.90813614081708e-06 2.26045007184148e-05
7400 8440 -2978 3.79653627133381e-05 3.04049801900983e-05 -2.65084220662539e-06 2.27131493426859e-05
7600 8440 -2978 3.70193206834666e-05 2.77029721476138e-05 -2.72588451261981e-06 2.44723506532609e-05
7600 8640 -2978 3.67775105532522e-05 2.75582650601864e-05 -3.13209158362588e-06 2.43267903998494e-05
7600 8840 -2978 3.7027159523653e-05 2.78169271461666e-05 -3.51085402622994e-06 2.41847681514919e-05
7600 9040 -2978 3.6938508322921e-05 2.76683196872473e-05 -3.8662262655198e-06 2.41508575193584e-05
7600 9240 -2978 3.71316639201418e-05 2.77731172479689e-05 -4.47193292644806e-06 2.42977541722357e-05
7600 9440 -2978 3.74656819065306e-05 2.78745691254735e-05 -4.89167006243952e-06 2.46493725255132e-05
7600 9640 -2978 3.78861944438918e-05 2.81285259574652e-05 -5.48881384939887e-06 2.47533089183271e-05
7600 9840 -2978 3.84702225544276e-05 2.83964256346226e-05 -6.57325291400775e-06 2.51076359041035e-05
7600 10040 -2978 3.89891996845605e-05 2.85982938893139e-05 -7.41805829200894e-06 2.52948372401297e-05
7600 10240 -2978 3.93138802444036e-05 2.88218586556613e-05 -8.85535268113017e-06 2.51478255391121e-05
7600 10440 -2978 3.9805882699903e-05 2.91224313601851e-05 -9.95717700384557e-06 2.507446141541e-05
7600 10640 -2978 4.03752053970845e-05 2.95736562870443e-05 -1.16585880331695e-05 2.48161696083844e-05
7600 10840 -2978 4.06103965418739e-05 2.98842517435551e-05 -1.31687298100442e-05 2.41455436162651e-05
7600 11040 -2978 4.05767846496154e-05 3.00305364392698e-05 -1.46838514041156e-05 2.29485310427845e-05
7600 11240 -2978 4.09016195468265e-05 3.07280042544007e-05 -1.62657824940979e-05 2.15243130326271e-05
7600 11440 -2978 4.06161274375477e-05 3.08759361281991e-05 -1.76005968786776e-05 1.95493229329586e-05
7600 11640 -2978 4.03193968486534e-05 3.11426116600633e-05 -1.87157093733549e-05 1.74964484162629e-05
7600 11840 -2978 3.98465931490686e-05 3.13472947999835e-05 -1.93913301974535e-05 1.4939921008423e-05
7600 12040 -2978 3.93127193408598e-05 3.13825245350599e-05 -2.03282733261585e-05 1.21606422699988e-05
7600 12240 -2978 3.86476506942718e-05 3.15132043585181e-05 -2.03240852952004e-05 9.16465497389436e-06
7600 12440 -2978 3.8003586886468e-05 3.15592159032822e-05 -2.02290219254792e-05 6.01545687369071e-06
7600 12640 -2978 3.75986729713369e-05 3.16782401427627e-05 -1.99894435703754e-05 3.14990858172678e-06
7600 12840 -2978 3.68895646852778e-05 3.14810391664505e-05 -1.92233493030071e-05 3.9397469488722e-07
7600 13040 -2978 3.64866034280263e-05 3.14846454039216e-05 -1.82742946147919e-05 -2.59315678069834e-06
7600 13240 -2978 3.61922004219698e-05 3.15838820114732e-05 -1.68657971266657e-05 -5.14437134051695e-06
7600 13440 -2978 3.59666861257028e-05 3.1613275885582e-05 -1.53508848175407e-05 -7.65203462913633e-06
7600 13640 -2978 3.59056035523997e-05 3.17676780894399e-05 -1.3551682844758e-05 -9.88568854983896e-06
7600 13840 -2978 3.60857089788713e-05 3.19570956081152e-05 -1.2022548975423e-05 -1.17087549753487e-05
7600 14040 -2978 3.6254328625544e-05 3.21671712696552e-05 -1.01243490818888e-05 -1.3309657856822e-05
7600 14240 -2978 3.66162107408254e-05 3.25454720780253e-05 -8.11547009367496e-06 -1.47267776615918e-05
7600 14440 -2978 3.70490014978467e-05 3.3078722089529e-05 -6.11380364559591e-06 -1.5470956729725e-05
7600 14640 -2978 3.76754521310848e-05 3.36421516388655e-05 -4.41155242882087e-06 -1.64582072179765e-05
7600 14840 -2978 3.82492040954794e-05 3.41888059973717e-05 -2.93549188438556e-06 -1.69781561307609e-05
7600 15040 -2978 3.90751716003268e-05 3.50034231543541e-05 -1.19474512628858e-06 -1.72762852422893e-05
7800 15040 -2978 3.77554929532641e-05 3.31842424124479e-05 -1.37508996034558e-06 -1.79552897848189e-05
7800 14840 -2978 3.70464094944489e-05 3.23331765905023e-05 -3.05439702456715e-06 -1.77382332608104e-05
7800 14640 -2978 3.64957624197499e-05 3.16807238534093e-05 -5.05195239195018e-06 -1.73068860247731e-05
7800 14440 -2978 3.59960821959664e-05 3.12016950398684e-05 -6.88122419128194e-06 -1.6743152089417e-05
7800 14240 -2978 3.575376212193e-05 3.07753462567926e-05 -8.97620032820851e-06 -1.59961515720934e-05
7800 14040 -2978 3.54793206026582e-05 3.03497501686215e-05 -1.1187146993354e-05 -1.45490838065743e-05
7800 13840 -2978 3.53147732808606e-05 2.99390966072679e-05 -1.36185427401215e-05 -1.29335788134485e-05
7800 13640 -2978 3.53064926727977e-05 2.98490963727236e-05 -1.55207624137402e-05 -1.08365271221846e-05
7800 13440 -2978 3.54673800494818e-05 2.97577518597245e-05 -1.74757601544261e-05 -8.32518459670246e-06
7800 13240 -2978 3.57612624794938e-05 2.96021386310458e-05 -1.92693739645183e-05 -5.54555967496708e-06
7800 13040 -2978 3.64003346896608e-05 2.96443917304278e-05 -2.09763571508229e-05 -2.36279647072024e-06
7800 12840 -2978 3.71148811265724e-05 2.98440163508058e-05 -2.20551178529859e-05 6.48741538164813e-07
7800 12640 -2978 3.7813869672073e-05 2.99490439146757e-05 -2.27854020260274e-05 3.97242297799676e-06
7800 12440 -2978 3.85455515611464e-05 2.98355768397451e-05 -2.34056300781667e-05 7.40731324627996e-06
7800 12240 -2978 3.92781658179145e-05 2.97030334174633e-05 -2.33534864932299e-05 1.08365054968745e-05
7800 12040 -2978 4.01987384098348e-05 2.97052917294204e-05 -2.30206054486334e-05 1.42773807048798e-05
7800 11840 -2978 4.10512587296835e-05 2.97615968436003e-05 -2.23270380236208e-05 1.74246603548527e-05
7800 11640 -2978 4.15534815297962e-05 2.92954844236374e-05 -2.14256206080317e-05 2.02508553490043e-05
7800 11440 -2978 4.21021770359137e-05 2.91435474269092e-05 -2.0002020124346e-05 2.28728254809976e-05
7800 11240 -2978 4.23413027945186e-05 2.87480087652802e-05 -1.81720379889011e-05 2.50796929933131e-05
7800 11040 -2978 4.22234667183877e-05 2.86078991405666e-05 -1.63147751092911e-05 2.65814309567213e-05
7800 10840 -2978 4.19214174624592e-05 2.78640174977481e-05 -1.454236597009e-05 2.77606106512248e-05
7800 10640 -2978 4.13217513115762e-05 2.7445568241179e-05 -1.23146183975041e-05 2.8313379958272e-05
7800 10440 -2978 4.03750463125384e-05 2.68379701264203e-05 -1.05808790745214e-05 2.82473489418626e-05
7800 10240 -2978 3.95621927171052e-05 2.63193436972797e-05 -8.70904974546283e-06 2.8240833170712e-05
7800 10040 -2978 3.88426376370183e-05 2.60114523693919e-05 -7.63317870628089e-06 2.78394741863012e-05
7800 9840 -2978 3.79897577046328e-05 2.56762314252555e-05 -6.34520231047645e-06 2.73962989673018e-05
7800 9640 -2978 3.74162902997668e-05 2.53877262063325e-05 -5.37416580645368e-06 2.67594786211848e-05
7800 9440 -2978 3.67345103401886e-05 2.51012507639825e-05 -4.64594995137304e-06 2.64346062429249e-05
7800 9240 -2978 3.62436279058509e-05 2.50767131745815e-05 -4.16310484701535e-06 2.58066092506051e-05
7800 9040 -2978 3.57511820149027e-05 2.47967801876366e-05 -3.85518507224333e-06 2.55845154896379e-05
7800 8840 -2978 3.56423358500235e-05 2.46840833649039e-05 -3.44686850890866e-06 2.53902742825449e-05
7800 8640 -2978 3.56959246385848e-05 2.47817839942873e-05 -3.18417840783513e-06 2.54935918562114e-05
7800 8440 -2978 3.56183396319921e-05 2.45554498769343e-05 -3.04859768872848e-06 2.56719515882432e-05
8000 8440 -2978 3.44061104539763e-05 2.16337786577642e-05 -3.12849532837572e-06 2.65142387710512e-05
8000 8640 -2978 3.42821207588904e-05 2.1493800830096e-05 -3.41375545299411e-06 2.6421067006886e-05
8000 8840 -2978 3.44330469653882e-05 2.16600649915636e-05 -3.52646177122006e-06 2.65838027521968e-05
8000 9040 -2978 3.4542050113545e-05 2.17023744806647e-05 -3.49812702891359e-06 2.67132798172534e-05
8000 9240 -2978 3.51781340913232e-05 2.19211199693382e-05 -3.59268574269663e-06 2.71501761972904e-05
8000 9440 -2978 3.58311533154058e-05 2.2044373229146e-05 -4.12181321441312e-06 2.79536027498543e-05
8000 9640 -2978 3.6650609780069e-05 2.23809342719615e-05 -4.8967184330686e-06 2.86987996548414e-05
8000 9840 -2978 3.76599905494873e-05 2.25714850053191e-05 -5.68862718017772e-06 2.9604771129787e-05
8000 10040 -2978 3.88387987167293e-05 2.31916643455625e-05 -6.82854351587594e-06 3.04720724672079e-05
8000 10240 -2978 4.01590858901522e-05 2.35724545828998e-05 -8.479163588956e-06 3.14491342008114e-05
8000 10440 -2978 4.14153832470547e-05 2.42364695258439e-05 -1.04008048083633e-05 3.19231449216604e-05
8000 10640 -2978 4.27515657301711e-05 2.47388859689236e-05 -1.2780022887513e-05 3.23812631517649e-05
8000 10840 -2978 4.36932710123919e-05 2.54211359359324e-05 -1.53511774595827e-05 3.20501034334302e-05
8000 11040 -2978 4.44269882535268e-05 2.62864318974316e-05 -1.76452648825943e-05 3.11735470592976e-05
8000 11240 -2978 4.47497006272997e-05 2.68619531728327e-05 -2.01991590708494e-05 2.96070327013731e-05
8000 11440 -2978 4.46516387889302e-05 2.73948103226721e-05 -2.23764360323548e-05 2.74073313958943e-05
8000 11640 -2978 4.40026240554739e-05 2.75758880861103e-05 -2.41734340302646e-05 2.43208994716406e-05
8000 11840 -2978 4.34160742421301e-05 2.81178818792105e-05 -2.53950831666589e-05 2.10172767825425e-05
8000 12040 -2978 4.19705544994368e-05 2.78941345959902e-05 -2.65380513556302e-05 1.71049650274217e-05
8000 12240 -2978 4.10265252597444e-05 2.80086623206735e-05 -2.6832744255662e-05 1.33138212244958e-05
8000 12440 -2978 4.00398667114182e-05 2.8193046618253e-05 -2.68465256765485e-05 9.33627678081393e-06
8000 12640 -2978 3.86891901879695e-05 2.78919428996742e-05 -2.62552944011986e-05 5.42229787027463e-06
8000 12840 -2978 3.75758316466796e-05 2.7765302374959e-05 -2.52816115617752e-05 1.36792719331697e-06
8000 13040 -2978 3.68577496247137e-05 2.77264117449522e-05 -2.4099015340209e-05 -2.20533552340203e-06
8000 13240 -2978 3.59492771839254e-05 2.7773981269449e-05 -2.20669765360653e-05 -5.73018708825111e-06
8000 13440 -2978 3.55561507287959e-05 2.76813497655094e-05 -2.04196286909282e-05 -9.04086118284613e-06
8000 13640 -2978 3.5099542475858e-05 2.77669164277613e-05 -1.79298496842384e-05 -1.19074035957456e-05
8000 13840 -2978 3.48037721620554e-05 2.76685275286436e-05 -1.57065732516348e-05 -1.41088163144886e-05
8000 14040 -2978 3.4716514190652e-05 2.79615203849971e-05 -1.28112837877125e-05 -1.59986413288861e-05
8000 14240 -2978 3.4686292816432e-05 2.834613462165e-05 -1.03605574471876e-05 -1.71368091218173e-05
8000 14440 -2978 3.49926535727776e-05 2.89720219261944e-05 -7.81189849134535e-06 -1.80917038619518e-05
8000 14640 -2978 3.54724274866752e-05 2.97311101183295e-05 -5.50877751642838e-06 -1.86356666199863e-05
8000 14840 -2978 3.59782254412093e-05 3.04779287055135e-05 -3.64796771870169e-06 -1.8747271630913e-05
8000 15040 -2978 3.6783129700911e-05 3.15474968478084e-05 -1.75774471522982e-06 -1.88745339326561e-05
