# amount of points in x direction: 11 (distance of 200 steps)
# amount of points in y direction: 33 (distance of 200 steps)
# abs. coordinates of point 1: P1 (, , ) (offsets not corrected)
# Offsets of the hall probe have already been corrected for all following coordinates.
#
# X (absolute in steps=10um) Y (absolute in steps=10um) Z (absolute in steps=10um) Babs(in T) Bx By Bz
6000 8440 -4978 3.39706234627495e-05 3.30778680816293e-05 -2.47508106015812e-06 -7.33907653950155e-06
6000 8640 -4978 3.36516064288222e-05 3.27048322632909e-05 -2.85045020702091e-06 -7.42748627066613e-06
6000 8840 -4978 3.37957317680117e-05 3.28399460092187e-05 -2.9120661865818e-06 -7.33695807959885e-06
6000 9040 -4978 3.36402181231464e-05 3.262780290097e-05 -3.24143116178311e-06 -7.63260014075786e-06
6000 9240 -4978 3.35736064232697e-05 3.24172712340951e-05 -3.66824671209906e-06 -7.92789631988853e-06
6000 9440 -4978 3.38278966708026e-05 3.2631018973887e-05 -3.6937115311739e-06 -8.00379312597215e-06
6000 9640 -4978 3.37182044346717e-05 3.24780075028539e-05 -4.10644528240664e-06 -8.354710618034e-06
6000 9840 -4978 3.38610778596141e-05 3.24929542168975e-05 -4.11375695074094e-06 -8.72146093007177e-06
6000 10040 -4978 3.39505346791149e-05 3.24278976693749e-05 -4.52215645438991e-06 -8.97888404782861e-06
6000 10240 -4978 3.42214771336491e-05 3.25542409494519e-05 -4.5931719756336e-06 -9.24507536925376e-06
6000 10440 -4978 3.45492790768131e-05 3.27357216477394e-05 -5.08517280663364e-06 -9.86460262257606e-06
6000 10640 -4978 3.46083517168759e-05 3.26462588831782e-05 -5.18648174440023e-06 -1.03081746213138e-05
6000 10840 -4978 3.50340222936247e-05 3.27986463829875e-05 -5.33803164260462e-06 -1.10368922222406e-05
6000 11040 -4978 3.52710564807135e-05 3.27785932570696e-05 -5.27157493238337e-06 -1.19630458746105e-05
6000 11240 -4978 3.5798011448323e-05 3.30270980522037e-05 -5.45566101325676e-06 -1.25880589708686e-05
6000 11440 -4978 3.6274202208748e-05 3.33111287876964e-05 -5.44325577816926e-06 -1.33351800236851e-05
6000 11640 -4978 3.66788994698482e-05 3.33704334869981e-05 -5.48466456658207e-06 -1.40376188084483e-05
6000 11840 -4978 3.71685759878582e-05 3.35672902017832e-05 -5.1608997748699e-06 -1.51031514257193e-05
6000 12040 -4978 3.79261004808399e-05 3.39621652364731e-05 -5.00899549853057e-06 -1.61473226211965e-05
6000 12240 -4978 3.84412735618296e-05 3.41804717183113e-05 -4.70496619635378e-06 -1.68291032500565e-05
6000 12440 -4978 3.91608386010713e-05 3.44118091240525e-05 -4.21545546819107e-06 -1.81093280352652e-05
6000 12640 -4978 3.97501122500629e-05 3.47656686604023e-05 -3.76724806493439e-06 -1.88184587955475e-05
6000 12840 -4978 4.06257885582469e-05 3.52922255545854e-05 -3.33718959076214e-06 -1.97627214565873e-05
6000 13040 -4978 4.11424556766766e-05 3.56124606356025e-05 -2.59913855691411e-06 -2.04376805275679e-05
6000 13240 -4978 4.18528175161915e-05 3.60149061530829e-05 -1.98438167096538e-06 -2.11969827599823e-05
6000 13440 -4978 4.25074732849234e-05 3.63490349277854e-05 -1.18235380300939e-06 -2.20044773519039e-05
6000 13640 -4978 4.32632706983637e-05 3.67882846668363e-05 -4.08177409008204e-07 -2.27200355418027e-05
6000 13840 -4978 4.3973201638899e-05 3.74549355208874e-05 5.05326412827571e-07 -2.30678684897721e-05
6000 14040 -4978 4.4470553804532e-05 3.77414842247963e-05 1.14295529044102e-06 -2.34926409199834e-05
6000 14240 -4978 4.50346178711967e-05 3.80836248472333e-05 2.13832143557374e-06 -2.38515349663794e-05
6000 14440 -4978 4.55952537708977e-05 3.86616380438209e-05 2.84260198063566e-06 -2.40501834191382e-05
6000 14640 -4978 4.60512228003343e-05 3.90333075523376e-05 3.6856470463681e-06 -2.42618533186615e-05
6000 14840 -4978 4.66120367557713e-05 3.9588047362864e-05 4.55256186565384e-06 -2.41814527474344e-05
6200 14840 -4978 4.60671373531057e-05 3.8419560290873e-05 4.50680744717829e-06 -2.50685235410929e-05
6200 14640 -4978 4.55533351908021e-05 3.79339213967323e-05 3.68650987182628e-06 -2.49718347452581e-05
6200 14440 -4978 4.52302540588613e-05 3.76695403829217e-05 2.83082997122074e-06 -2.47993689514697e-05
6200 14240 -4978 4.45364200436918e-05 3.71132345721126e-05 1.81520009761812e-06 -2.46757883392274e-05
6200 14040 -4978 4.39239402857831e-05 3.66319413632155e-05 1.24874320889103e-06 -2.41384838186205e-05
6200 13840 -4978 4.32994340047509e-05 3.62058253586292e-05 6.80873501551105e-08 -2.36365053467453e-05
6200 13640 -4978 4.25283622592841e-05 3.56464314758778e-05 -1.00211964569917e-06 -2.31730290576816e-05
6200 13440 -4978 4.17422700806717e-05 3.51809073463082e-05 -1.81174377306002e-06 -2.25204751677811e-05
6200 13240 -4978 4.11259224769662e-05 3.48370170891285e-05 -2.61093539517606e-06 -2.16007907390594e-05
6200 13040 -4978 4.03225339327698e-05 3.42087566703558e-05 -3.53388087682106e-06 -2.09364652037621e-05
6200 12840 -4978 3.94490872394765e-05 3.38068422228098e-05 -3.83999202400446e-06 -1.98585526645184e-05
6200 12640 -4978 3.85859941212112e-05 3.33333173170686e-05 -4.58806195913348e-06 -1.90017904341221e-05
6200 12440 -4978 3.79240398201342e-05 3.29900868907571e-05 -5.19201328954659e-06 -1.78482988700271e-05
6200 12240 -4978 3.7104095791274e-05 3.26645762324333e-05 -5.65460064844228e-06 -1.66662795953453e-05
6200 12040 -4978 3.6318890061567e-05 3.21717900037766e-05 -5.99602319998667e-06 -1.57181431204081e-05
6200 11840 -4978 3.56895110941533e-05 3.19948451146483e-05 -6.15790544496849e-06 -1.46297858413309e-05
6200 11640 -4978 3.52025647218236e-05 3.18170609772205e-05 -6.14592469995841e-06 -1.36053217444569e-05
6200 11440 -4978 3.46885283349237e-05 3.16985489055515e-05 -6.31400115019642e-06 -1.26112255398184e-05
6200 11240 -4978 3.42155704185801e-05 3.14758256077766e-05 -6.33280589757487e-06 -1.19029715526849e-05
6200 11040 -4978 3.37240164551727e-05 3.1336651429534e-05 -6.07630431558937e-06 -1.08812723942101e-05
6200 10840 -4978 3.32154411273312e-05 3.10582597851753e-05 -5.98130596708506e-06 -1.00582066392526e-05
6200 10640 -4978 3.30047723833439e-05 3.11283154711127e-05 -5.82260590209626e-06 -9.36250992305577e-06
6200 10440 -4978 3.26771188833232e-05 3.10058959573507e-05 -5.46770738624036e-06 -8.80820230953395e-06
6200 10240 -4978 3.25042054025596e-05 3.09820749908686e-05 -5.23885300033726e-06 -8.34827216621488e-06
6200 10040 -4978 3.22544498667625e-05 3.08476565927267e-05 -5.02570750657469e-06 -7.8376384684816e-06
6200 9840 -4978 3.22058954799287e-05 3.09670591205359e-05 -4.72718566434924e-06 -7.4776111682877e-06
6200 9640 -4978 3.1863624176054e-05 3.07319216355681e-05 -4.17081259499537e-06 -7.05782033503056e-06
6200 9440 -4978 3.18887708588257e-05 3.08696259632707e-05 -4.06782830136945e-06 -6.79993379022926e-06
6200 9240 -4978 3.18876398688003e-05 3.09148699715733e-05 -3.93178902688669e-06 -6.56201611179859e-06
6200 9040 -4978 3.17304756251542e-05 3.08666266202927e-05 -3.6827903707599e-06 -6.32070998474956e-06
6200 8840 -4978 3.18473167337648e-05 3.10585633665323e-05 -3.16339567807154e-06 -6.29365970892832e-06
6200 8640 -4978 3.16187381703179e-05 3.08599177971482e-05 -2.8139201743179e-06 -6.23101753881201e-06
6200 8440 -4978 3.16020660807781e-05 3.08909213468432e-05 -2.75767829607503e-06 -6.23547930456698e-06
6400 8440 -4978 2.99274111936687e-05 2.93955019339919e-05 -2.68776261418498e-06 -4.97336724656634e-06
6400 8640 -4978 2.99262621090827e-05 2.93699440583587e-05 -2.96902887703618e-06 -4.86388955300208e-06
6400 8840 -4978 2.98017742111201e-05 2.91880244612694e-05 -3.24499774440483e-06 -5.06704685371369e-06
6400 9040 -4978 2.99571501473522e-05 2.92816892787814e-05 -3.61713156895712e-06 -5.36764668766409e-06
6400 9240 -4978 2.9878265898976e-05 2.9135267931968e-05 -3.79039014180307e-06 -5.4008292069193e-06
6400 9440 -4978 3.01185114969058e-05 2.92824299223721e-05 -4.2438765603074e-06 -5.73663545725867e-06
6400 9640 -4978 3.00363620508536e-05 2.90693979561329e-05 -4.64095910335891e-06 -5.95488131279126e-06
6400 9840 -4978 2.99371355230086e-05 2.88626171983779e-05 -4.92714237119071e-06 -6.23049014224671e-06
6400 10040 -4978 3.02605183992366e-05 2.90556507594883e-05 -5.3955635803286e-06 -6.54540608730167e-06
6400 10240 -4978 3.0492550661471e-05 2.9179833240807e-05 -5.53145893616602e-06 -6.74903635913506e-06
6400 10440 -4978 3.07162746333828e-05 2.91442110985518e-05 -6.03384013334289e-06 -7.42923884000629e-06
6400 10640 -4978 3.10249082239063e-05 2.92482461556792e-05 -6.36912395665422e-06 -8.16541821602732e-06
6400 10840 -4978 3.12538029534541e-05 2.92095890790224e-05 -6.70437774481252e-06 -8.86856380384415e-06
6400 11040 -4978 3.18259387871809e-05 2.93551824241877e-05 -6.92569472733885e-06 -9.98313554562628e-06
6400 11240 -4978 3.24114777886424e-05 2.97428047508001e-05 -7.13021102687344e-06 -1.07687225621194e-05
6400 11440 -4978 3.27652852822591e-05 2.96966766640544e-05 -7.34625191334635e-06 -1.17274640146643e-05
6400 11640 -4978 3.34634554189369e-05 3.00391996353865e-05 -7.40286555606872e-06 -1.28716325908899e-05
6400 11840 -4978 3.41263261706718e-05 3.02416639104485e-05 -7.26690984377638e-06 -1.38661827407777e-05
6400 12040 -4978 3.47478715703892e-05 3.04062697961926e-05 -7.16899761091918e-06 -1.52694670408964e-05
6400 12240 -4978 3.55023479463839e-05 3.0773866020143e-05 -6.79798572091386e-06 -1.62697481922805e-05
6400 12440 -4978 3.65903622798317e-05 3.14745138064027e-05 -6.35202340222896e-06 -1.74627298638225e-05
6400 12640 -4978 3.72435939295521e-05 3.15894365981221e-05 -5.87800143705681e-06 -1.88319378532469e-05
6400 12840 -4978 3.80286639482458e-05 3.19574057012796e-05 -5.08137729781447e-06 -1.99571358561516e-05
6400 13040 -4978 3.90567961704477e-05 3.25344939827919e-05 -4.42439757339889e-06 -2.11811438314617e-05
6400 13240 -4978 3.99863481148692e-05 3.30776278153062e-05 -3.5353032394778e-06 -2.2036437921226e-05
6400 13440 -4978 4.10599781318828e-05 3.38871159777045e-05 -2.56510738576617e-06 -2.30320403315127e-05
6400 13640 -4978 4.17648676484245e-05 3.41828264519572e-05 -1.63010426609981e-06 -2.37319445982575e-05
6400 13840 -4978 4.25647090011265e-05 3.46702331155539e-05 -6.99539600400385e-07 -2.44945499710739e-05
6400 14040 -4978 4.32657588028681e-05 3.54468946233392e-05 5.28238994459571e-07 -2.50430147312581e-05
6400 14240 -4978 4.40522692918597e-05 3.58683197498322e-05 1.47921848610349e-06 -2.55319012366235e-05
6400 14440 -4978 4.45540774270675e-05 3.63902904689312e-05 2.64999616434307e-06 -2.55082313679159e-05
6400 14640 -4978 4.50393358677628e-05 3.67468777522445e-05 3.57876267295796e-06 -2.57217627614737e-05
6400 14840 -4978 4.56123539707375e-05 3.74657227024436e-05 4.43527036122396e-06 -2.58120976574719e-05
6600 14840 -4978 4.54746658710266e-05 3.63151172026992e-05 4.68496934737778e-06 -2.676068591699e-05
6600 14640 -4978 4.49819934546756e-05 3.59212364256382e-05 3.65624089504854e-06 -2.67017518877983e-05
6600 14440 -4978 4.43474262472285e-05 3.52994747534394e-05 2.44717042875345e-06 -2.67329881191254e-05
6600 14240 -4978 4.33797812713274e-05 3.44951483011246e-05 1.28804718611718e-06 -2.63207092359662e-05
6600 14040 -4978 4.2888004837452e-05 3.41148104816675e-05 3.69843490880157e-08 -2.60931036882103e-05
6600 13840 -4978 4.20362349809211e-05 3.34508390575647e-05 -9.84149559615162e-07 -2.54971785880625e-05
6600 13640 -4978 4.11614958876108e-05 3.28999987766147e-05 -2.11278724021213e-06 -2.4807464953512e-05
6600 13440 -4978 4.01809535186029e-05 3.22137031406164e-05 -3.19719684380834e-06 -2.38549403585494e-05
6600 13240 -4978 3.92130570002277e-05 3.15260974690318e-05 -4.42938363116264e-06 -2.28943132311106e-05
6600 13040 -4978 3.80813665260909e-05 3.08720697499812e-05 -5.39290051255375e-06 -2.15466676391661e-05
6600 12840 -4978 3.71925131650204e-05 3.05589639097452e-05 -6.07610972365364e-06 -2.03136559464037e-05
6600 12640 -4978 3.60855238067996e-05 2.99333545714617e-05 -7.00744719058275e-06 -1.89359419420362e-05
6600 12440 -4978 3.52385422703038e-05 2.95847687125206e-05 -7.58780685253441e-06 -1.75664742924273e-05
6600 12240 -4978 3.43922475868374e-05 2.93085017539561e-05 -7.93191319238395e-06 -1.63353175316006e-05
6600 12040 -4978 3.33031447063493e-05 2.87569676041603e-05 -8.28000952070579e-06 -1.46996661815792e-05
6600 11840 -4978 3.26024428426443e-05 2.84177878089249e-05 -8.50947264768183e-06 -1.35254386477172e-05
6600 11640 -4978 3.18971969494313e-05 2.82614806443453e-05 -8.40191699843854e-06 -1.21634203288704e-05
6600 11440 -4978 3.10911305235709e-05 2.79023742564023e-05 -8.42235876433552e-06 -1.08538578776643e-05
6600 11240 -4978 3.0511271983119e-05 2.77184271328151e-05 -8.23666950687766e-06 -9.70117024611682e-06
6600 11040 -4978 2.97788290841485e-05 2.73589024171233e-05 -7.90863145049661e-06 -8.74659320153296e-06
6600 10840 -4978 2.94911743055255e-05 2.7441279001534e-05 -7.54232536442578e-06 -7.7342676948756e-06
6600 10640 -4978 2.90927760043548e-05 2.73103241324425e-05 -7.33429484581575e-06 -6.820673964452e-06
6600 10440 -4978 2.85622259839467e-05 2.70622810684145e-05 -6.71668444434181e-06 -6.25318473530933e-06
6600 10240 -4978 2.86441647760666e-05 2.73023159503937e-05 -6.46305508958176e-06 -5.81967874197289e-06
6600 10040 -4978 2.84719713858248e-05 2.73796088993549e-05 -5.84003347717226e-06 -5.13117350661196e-06
6600 9840 -4978 2.82288958996933e-05 2.73032111339271e-05 -5.3741404680768e-06 -4.82940471707843e-06
6600 9640 -4978 2.81849708178224e-05 2.73661506138742e-05 -4.99581840308383e-06 -4.5109058576636e-06
6600 9440 -4978 2.79804515902913e-05 2.72627227269113e-05 -4.5438506071223e-06 -4.35924791361322e-06
6600 9240 -4978 2.7958892310944e-05 2.73472192920744e-05 -4.12255148997065e-06 -3.96417178554111e-06
6600 9040 -4978 2.78506768606635e-05 2.73144406937063e-05 -3.74187886223081e-06 -3.85908602675045e-06
6600 8840 -4978 2.7743805221293e-05 2.72453392036259e-05 -3.25161005440168e-06 -4.20382261963096e-06
6600 8640 -4978 2.78477270646443e-05 2.74415917694569e-05 -3.09328004115105e-06 -3.58328916210303e-06
6600 8440 -4978 2.77884962519866e-05 2.74226185120642e-05 -2.88766863194178e-06 -3.45446425845876e-06
6800 8440 -4978 2.5970107287202e-05 2.57024183981121e-05 -2.95053163151897e-06 -2.26418287436718e-06
6800 8640 -4978 2.58505087421091e-05 2.55810799337924e-05 -2.99232130842938e-06 -2.41236062387179e-06
6800 8840 -4978 2.5930227366901e-05 2.55891221798956e-05 -3.64611304551363e-06 -2.30343067871945e-06
6800 9040 -4978 2.59837869664306e-05 2.55454452261329e-05 -4.030707655882e-06 -2.57845298773827e-06
6800 9240 -4978 2.60859695675988e-05 2.56059748791158e-05 -4.25906013842905e-06 -2.59942169281567e-06
6800 9440 -4978 2.58102218277238e-05 2.5207522213459e-05 -4.78269125113729e-06 -2.79192918410285e-06
6800 9640 -4978 2.61204708586049e-05 2.54287769496441e-05 -5.18352134141605e-06 -2.96435612293135e-06
6800 9840 -4978 2.60736554448913e-05 2.52370734550059e-05 -5.73848338401876e-06 -3.33071112197649e-06
6800 10040 -4978 2.62966727288243e-05 2.52312931269407e-05 -6.32280336110853e-06 -3.70377726871811e-06
6800 10240 -4978 2.65234786940404e-05 2.52861372455955e-05 -6.87596846371889e-06 -4.19986629026243e-06
6800 10440 -4978 2.69278558859043e-05 2.53993699327111e-05 -7.46031429804862e-06 -4.90733311697841e-06
6800 10640 -4978 2.71339275777502e-05 2.53824169896543e-05 -7.99875177443028e-06 -5.29177698027343e-06
6800 10840 -4978 2.76253306666534e-05 2.55092241987586e-05 -8.49513051658869e-06 -6.22307880409062e-06
6800 11040 -4978 2.78811113990509e-05 2.54416896551847e-05 -8.84098268207163e-06 -7.33029757719487e-06
6800 11240 -4978 2.84900043823435e-05 2.56338402666152e-05 -9.302684658207e-06 -8.18846716545522e-06
6800 11440 -4978 2.91769274634716e-05 2.58095453009009e-05 -9.57646558526903e-06 -9.65206566639245e-06
6800 11640 -4978 2.98940079432207e-05 2.60573014169931e-05 -9.74320231284946e-06 -1.11659181248397e-05
6800 11840 -4978 3.06801461739272e-05 2.62914603054523e-05 -9.77527718897909e-06 -1.25802198555321e-05
6800 12040 -4978 3.16136181177811e-05 2.66255504749715e-05 -9.72417003288865e-06 -1.39614801574498e-05
6800 12240 -4978 3.26951733688927e-05 2.71015280745924e-05 -9.46640668157488e-06 -1.57271768692881e-05
6800 12440 -4978 3.37992223428658e-05 2.75230512581766e-05 -9.22032840549946e-06 -1.73006045520306e-05
6800 12640 -4978 3.48366824845843e-05 2.79319874458015e-05 -8.39841755945235e-06 -1.89794294945896e-05
6800 12840 -4978 3.60118572042134e-05 2.86561009809375e-05 -7.47702157869935e-06 -2.03983032777905e-05
6800 13040 -4978 3.72678391355412e-05 2.92228999398649e-05 -6.56657570926473e-06 -2.19590219594538e-05
6800 13240 -4978 3.83848159890853e-05 2.99140321016312e-05 -5.4532442970667e-06 -2.33247943110764e-05
6800 13440 -4978 3.94370296581899e-05 3.05767801105976e-05 -4.54065508046187e-06 -2.44892277903855e-05
6800 13640 -4978 4.05708864044618e-05 3.12107870951295e-05 -3.11280728236306e-06 -2.57574219964445e-05
6800 13840 -4978 4.15044032968035e-05 3.18140569552779e-05 -1.69375185378908e-06 -2.66328373402357e-05
6800 14040 -4978 4.25002913268276e-05 3.26527955308557e-05 -5.44485531139571e-07 -2.72006730623543e-05
6800 14240 -4978 4.32799319936817e-05 3.33467644155025e-05 9.70523905560185e-07 -2.75541060715914e-05
6800 14440 -4978 4.39407016374918e-05 3.38901725262404e-05 2.19265493865987e-06 -2.78824986480176e-05
6800 14640 -4978 4.45313422793258e-05 3.46571045815945e-05 3.80025842992472e-06 -2.78358726762235e-05
6800 14840 -4978 4.50876260432241e-05 3.53405228182674e-05 4.56932379119098e-06 -2.7773824814707e-05
7000 14840 -4978 4.52341299630148e-05 3.43021184206009e-05 5.02277964469977e-06 -2.91572323739529e-05
7000 14640 -4978 4.45987966632359e-05 3.32981090471149e-05 3.69681555097941e-06 -2.9438446842134e-05
7000 14440 -4978 4.39401412162765e-05 3.26741461977363e-05 2.26296128424565e-06 -2.92918962612748e-05
7000 14240 -4978 4.31856179230012e-05 3.21656748652458e-05 6.78678572562376e-07 -2.90131136327982e-05
7000 14040 -4978 4.21266838332152e-05 3.09623153805733e-05 -7.82492163700226e-07 -2.85506160929799e-05
7000 13840 -4978 4.10844260963935e-05 3.02476632893086e-05 -2.29933943822925e-06 -2.76847716867924e-05
7000 13640 -4978 4.01316134244422e-05 2.95216395705938e-05 -3.84087042849569e-06 -2.7048645824194e-05
7000 13440 -4978 3.90493900105439e-05 2.88749250397086e-05 -5.48905888979789e-06 -2.57295444533229e-05
7000 13240 -4978 3.78579064488421e-05 2.81709556989372e-05 -6.84211928164586e-06 -2.4347561262548e-05
7000 13040 -4978 3.63912646912708e-05 2.7458569586277e-05 -8.09164478257298e-06 -2.25304104611278e-05
7000 12840 -4978 3.51616083691371e-05 2.66337059289217e-05 -9.16259129811078e-06 -2.10197294540703e-05
7000 12640 -4978 3.40174937009285e-05 2.60884666480124e-05 -1.00336303506047e-05 -1.93687067106366e-05
7000 12440 -4978 3.26331136025923e-05 2.55777604542673e-05 -1.073468195647e-05 -1.72361844219267e-05
7000 12240 -4978 3.15331901816518e-05 2.52294523045421e-05 -1.11198285836726e-05 -1.53713112268597e-05
7000 12040 -4978 3.02508096757322e-05 2.45586646720767e-05 -1.14668064769357e-05 -1.34348734561354e-05
7000 11840 -4978 2.91672816901475e-05 2.41470569446683e-05 -1.15029502138495e-05 -1.15560216847807e-05
7000 11640 -4978 2.82264665503598e-05 2.38589206598699e-05 -1.13090116325766e-05 -1.01394603252411e-05
7000 11440 -4978 2.75385711641404e-05 2.38138959892094e-05 -1.09960918072611e-05 -8.38511278945953e-06
7000 11240 -4978 2.65222564590038e-05 2.33563013076782e-05 -1.04980270285159e-05 -6.89509048685431e-06
7000 11040 -4978 2.62160629930882e-05 2.34961975887418e-05 -1.01534160543233e-05 -5.59015985578298e-06
7000 10840 -4978 2.56779086446474e-05 2.34492008276284e-05 -9.36762729845941e-06 -4.66235259344103e-06
7000 10640 -4978 2.51503887109037e-05 2.32905144318938e-05 -8.87657762039453e-06 -3.855039334092e-06
7000 10440 -4978 2.47677882609558e-05 2.31769642271102e-05 -8.25414977315814e-06 -3.10995844379067e-06
7000 10240 -4978 2.44833262838308e-05 2.32028279751539e-05 -7.47911548707634e-06 -2.37299463155978e-06
7000 10040 -4978 2.43816017846746e-05 2.33234228752554e-05 -6.76587514718995e-06 -2.12473761017009e-06
7000 9840 -4978 2.4488329273513e-05 2.36239574216306e-05 -6.2285876062233e-06 -1.73709202046757e-06
7000 9640 -4978 2.41843496983944e-05 2.34663375429809e-05 -5.65919689799193e-06 -1.47893986452232e-06
7000 9440 -4978 2.42085556939126e-05 2.36224449463189e-05 -5.04518018150702e-06 -1.47591971489601e-06
7000 9240 -4978 2.42302709486995e-05 2.37403108365834e-05 -4.54939401007141e-06 -1.18606154160079e-06
7000 9040 -4978 2.41741991020076e-05 2.3767473898828e-05 -4.36192198382924e-06 -1.12929438085416e-06
7000 8840 -4978 2.40899889532566e-05 2.37754903435707e-05 -3.76340550603345e-06 -8.76096751897421e-07
7000 8640 -4978 2.41830394060861e-05 2.39463970176876e-05 -3.28012110070631e-06 -7.31195192151063e-07
7000 8440 -4978 2.41008880499161e-05 2.39118458367884e-05 -2.98013564825033e-06 -6.73679671588616e-07
7200 8440 -4978 2.22150631813389e-05 2.19932676069438e-05 -3.13000136875053e-06 5.82017527789503e-07
7200 8640 -4978 2.21704344973533e-05 2.19188268370926e-05 -3.29372931284161e-06 5.50584834559231e-07
7200 8840 -4978 2.24310796133144e-05 2.2080650832504e-05 -3.91790541654336e-06 3.97210531587916e-07
7200 9040 -4978 2.23520705625095e-05 2.19650442376733e-05 -4.13542326987954e-06 2.95289614975445e-07
7200 9240 -4978 2.21923736949367e-05 2.17235543504357e-05 -4.52111821004655e-06 3.26484621874215e-07
7200 9440 -4978 2.23904259578375e-05 2.17765636146069e-05 -5.19116098806262e-06 2.53748213256586e-07
7200 9640 -4978 2.23407184784436e-05 2.16119568236172e-05 -5.59237717837095e-06 2.42753439406442e-07
7200 9840 -4978 2.24231443933199e-05 2.14951160848141e-05 -6.40740902675316e-06 1.54694900826144e-07
7200 10040 -4978 2.25392929807439e-05 2.13494754619896e-05 -7.22627451550215e-06 -7.21982171162381e-08
7200 10240 -4978 2.25851717922797e-05 2.11987318471074e-05 -7.77387297060341e-06 -5.20119891819377e-07
7200 10440 -4978 2.29724335947677e-05 2.11560824289918e-05 -8.82912414800376e-06 -1.06050070201491e-06
7200 10640 -4978 2.32027449552356e-05 2.10498346015811e-05 -9.57870302908123e-06 -1.65380870608215e-06
7200 10840 -4978 2.36203560520203e-05 2.10843629948795e-05 -1.03078691605478e-05 -2.52350626058978e-06
7200 11040 -4978 2.40282200980689e-05 2.0901735689491e-05 -1.12244299333543e-05 -3.70605367730605e-06
7200 11240 -4978 2.4750911319934e-05 2.10885850042105e-05 -1.19012605138123e-05 -5.06210561236367e-06
7200 11440 -4978 2.55926152690445e-05 2.12967870384455e-05 -1.25482392106205e-05 -6.6310263806954e-06
7200 11640 -4978 2.64954349355133e-05 2.1434929933399e-05 -1.31787241771817e-05 -8.28490558546037e-06
7200 11840 -4978 2.76759458367008e-05 2.18005417063832e-05 -1.33999481201172e-05 -1.04191697351635e-05
7200 12040 -4978 2.87896147878791e-05 2.23335257396102e-05 -1.3187008433044e-05 -1.26106137596071e-05
7200 12240 -4978 3.01003198121078e-05 2.26944405697286e-05 -1.3158894719556e-05 -1.45092212185264e-05
7200 12440 -4978 3.15934287174812e-05 2.34314976222813e-05 -1.26248555891216e-05 -1.70212419833988e-05
7200 12640 -4978 3.28032395710321e-05 2.38792425058782e-05 -1.18765396289527e-05 -1.91679297685623e-05
7200 12840 -4978 3.43563464558628e-05 2.46263279393315e-05 -1.10842022038996e-05 -2.13071298524737e-05
7200 13040 -4978 3.57670561193946e-05 2.53887898400426e-05 -9.99602423328906e-06 -2.3087639965117e-05
7200 13240 -4978 3.71134201508194e-05 2.60281994342804e-05 -8.36198182404041e-06 -2.50790633447468e-05
7200 13440 -4978 3.86763192524341e-05 2.68152740858495e-05 -6.9771578591317e-06 -2.69836619980633e-05
7200 13640 -4978 3.98867944801253e-05 2.76961733549833e-05 -5.0487825650489e-06 -2.82677516378462e-05
7200 13840 -4978 4.11130102203624e-05 2.86289266683161e-05 -3.27914979038906e-06 -2.93973715901375e-05
7200 14040 -4978 4.20924163336674e-05 2.93881077393889e-05 -1.46954635917609e-06 -3.00863755345345e-05
7200 14240 -4978 4.32564072171696e-05 3.04230856597424e-05 4.28581703696182e-07 -3.07842316403985e-05
7200 14440 -4978 4.38428936626867e-05 3.11837424784899e-05 1.99888474567342e-06 -3.07535036951303e-05
7200 14640 -4978 4.4493190483018e-05 3.20478767007589e-05 3.5617446886572e-06 -3.04874200373888e-05
7200 14840 -4978 4.53390159736896e-05 3.31408257037401e-05 5.15041405125521e-06 -3.05330213829875e-05
7400 14840 -4978 4.56397949948045e-05 3.18534892573953e-05 5.65884374687448e-06 -3.22333467528224e-05
7400 14640 -4978 4.51086481561668e-05 3.08849584162235e-05 3.86137916560983e-06 -3.26122077330947e-05
7400 14440 -4978 4.41316946040177e-05 2.97306983619928e-05 2.24755475085294e-06 -3.24263769090176e-05
7400 14240 -4978 4.35567276544219e-05 2.88616483733058e-05 3.76683354374109e-07 -3.26284600570798e-05
7400 14040 -4978 4.26622512242069e-05 2.77054168656468e-05 -1.9960115082431e-06 -3.21862567290664e-05
7400 13840 -4978 4.14686258098885e-05 2.68917508423328e-05 -4.26705028946162e-06 -3.1189412407577e-05
7400 13640 -4978 4.02335992118915e-05 2.58197742290795e-05 -6.19874730100855e-06 -3.02402263358235e-05
7400 13440 -4978 3.8438695691287e-05 2.47721478901803e-05 -8.03424648474902e-06 -2.83683890104294e-05
7400 13240 -4978 3.72134816776383e-05 2.40014864839613e-05 -1.01627199072391e-05 -2.64328142926097e-05
7400 13040 -4978 3.56438209083988e-05 2.32068239711225e-05 -1.17292241174728e-05 -2.4351625289768e-05
7400 12840 -4978 3.38646420398126e-05 2.22441858798265e-05 -1.30179538093507e-05 -2.19668626263738e-05
7400 12640 -4978 3.23912863983284e-05 2.15474930889904e-05 -1.39983630105853e-05 -1.9598639216274e-05
7400 12440 -4978 3.07670114149143e-05 2.1123100399971e-05 -1.4887517368421e-05 -1.67758554555476e-05
7400 12240 -4978 2.90505752848059e-05 2.02553232200444e-05 -1.52013085652143e-05 -1.42624663859606e-05
7400 12040 -4978 2.76268383994702e-05 1.97306381091476e-05 -1.54000019319355e-05 -1.1722272567451e-05
7400 11840 -4978 2.64996834085089e-05 1.93805860355496e-05 -1.55462199915201e-05 -9.21543737687171e-06
7400 11640 -4978 2.53515724583322e-05 1.9172008022666e-05 -1.50267821047455e-05 -7.02368521969765e-06
7400 11440 -4978 2.42089660598126e-05 1.88152042217553e-05 -1.43244976159185e-05 -5.003388266603e-06
7400 11240 -4978 2.33271149675027e-05 1.8736382547766e-05 -1.3655236730352e-05 -3.21503391677106e-06
7400 11040 -4978 2.25818005450036e-05 1.8612649358809e-05 -1.2583219403401e-05 -1.68443426081285e-06
7400 10840 -4978 2.19659928184202e-05 1.87204023301601e-05 -1.14744949508458e-05 -4.76949438583688e-07
7400 10640 -4978 2.16057834590912e-05 1.88627697005868e-05 -1.05318686412647e-05 3.90575062735252e-07
7400 10440 -4978 2.12657382302486e-05 1.90099117010832e-05 -9.47272607777268e-06 1.05940561163516e-06
7400 10240 -4978 2.10594862354647e-05 1.91487242169678e-05 -8.48692998662591e-06 1.48052220898717e-06
7400 10040 -4978 2.0912999606898e-05 1.9454860817641e-05 -7.45019534812309e-06 1.70096856139389e-06
7400 9840 -4978 2.05468334444103e-05 1.93675763122737e-05 -6.59576022392139e-06 1.77658394080845e-06
7400 9640 -4978 2.07536253531693e-05 1.9789421800524e-05 -5.93601104291156e-06 1.96971580098398e-06
7400 9440 -4978 2.05477360656277e-05 1.9805982824415e-05 -5.14115279393445e-06 1.89443301601568e-06
7400 9240 -4978 2.06613532599374e-05 2.00520482212305e-05 -4.58059974612843e-06 1.95575730374185e-06
7400 9040 -4978 2.0783912411604e-05 2.02601241879165e-05 -4.26629946834874e-06 1.76247922930906e-06
7400 8840 -4978 2.08759302580968e-05 2.04327733367682e-05 -3.83586633122468e-06 1.68131725352941e-06
7400 8640 -4978 2.07863787611333e-05 2.0382205221802e-05 -3.5592826975917e-06 1.95456202186597e-06
7400 8440 -4978 2.07705474848971e-05 2.04138074479997e-05 -3.20351633045357e-06 1.93721959176764e-06
7600 8440 -4978 1.94204869707508e-05 1.8799105681479e-05 -3.40654046410418e-06 3.48488476482453e-06
7600 8640 -4978 1.93318950409928e-05 1.86857426315546e-05 -3.65995462148567e-06 3.30865093425496e-06
7600 8840 -4978 1.93041401342181e-05 1.86185935549438e-05 -3.88480415532831e-06 3.36711966217445e-06
7600 9040 -4978 1.91556048284147e-05 1.84352440200746e-05 -4.05193604105079e-06 3.26016385268304e-06
7600 9240 -4978 1.93988509784175e-05 1.85290918089449e-05 -4.70596616575494e-06 3.37166180787608e-06
7600 9440 -4978 1.92192984105535e-05 1.81412518844009e-05 -5.25199959194288e-06 3.57179362731404e-06
7600 9640 -4978 1.91909582843976e-05 1.78544596508145e-05 -5.92572765797377e-06 3.79432499589166e-06
7600 9840 -4978 1.9214809416478e-05 1.75966878198087e-05 -6.71036597620696e-06 3.91657459296403e-06
7600 10040 -4978 1.93390186484651e-05 1.73979664444923e-05 -7.47523215971887e-06 3.87382267007342e-06
7600 10240 -4978 1.96659074829518e-05 1.7175099208951e-05 -8.7816558489576e-06 3.88792672991985e-06
7600 10440 -4978 1.97732310755985e-05 1.67532969135791e-05 -9.8654714692384e-06 3.44861320551718e-06
7600 10640 -4978 2.01663533006765e-05 1.64799598678947e-05 -1.1235182100907e-05 2.97714819243993e-06
7600 10840 -4978 2.08269731384141e-05 1.63273079637438e-05 -1.24847428873181e-05 2.18315690548343e-06
7600 11040 -4978 2.14960700425709e-05 1.62712303213775e-05 -1.39806629419327e-05 1.2209185844456e-06
7600 11240 -4978 2.23743969731223e-05 1.6371463412419e-05 -1.52385969534516e-05 -4.70535375343388e-07
7600 11440 -4978 2.30985660649216e-05 1.61817599162459e-05 -1.62914677634835e-05 -2.53413864599133e-06
7600 11640 -4978 2.44012120777208e-05 1.64255447499454e-05 -1.72285798881203e-05 -4.85506745189196e-06
7600 11840 -4978 2.53738361979998e-05 1.66415414661169e-05 -1.79992991648614e-05 -7.19326580315828e-06
7600 12040 -4978 2.68661438936074e-05 1.71418722011149e-05 -1.80629384480417e-05 -1.00697213029489e-05
7600 12240 -4978 2.85225652669815e-05 1.76381595321e-05 -1.80070126615465e-05 -1.33202899619937e-05
7600 12440 -4978 3.01232497465002e-05 1.82303284630179e-05 -1.7705353859812e-05 -1.61736125871539e-05
7600 12640 -4978 3.17782644112368e-05 1.88278758078814e-05 -1.67594957910478e-05 -1.93247160688043e-05
7600 12840 -4978 3.35640140002819e-05 1.98562340289354e-05 -1.54897507224232e-05 -2.21119696684182e-05
7600 13040 -4978 3.53482068103184e-05 2.065169249475e-05 -1.40410468094051e-05 -2.50255349501967e-05
7600 13240 -4978 3.68902068352094e-05 2.12502276673913e-05 -1.21913814563304e-05 -2.77573336586356e-05
7600 13440 -4978 3.91011221472439e-05 2.26738751642406e-05 -1.00953204827383e-05 -3.02607833445072e-05
7600 13640 -4978 4.05908834335516e-05 2.35668474547565e-05 -7.66340084187686e-06 -3.22198708727956e-05
7600 13840 -4978 4.20479610085388e-05 2.47325816676021e-05 -5.2910570515669e-06 -3.37630581408739e-05
7600 14040 -4978 4.31694419058808e-05 2.56583212278783e-05 -2.90319180251754e-06 -3.468722807616e-05
7600 14240 -4978 4.42637961703408e-05 2.70052763521671e-05 -3.74826497172762e-08 -3.50456642508507e-05
7600 14440 -4978 4.50843700435381e-05 2.81601560078561e-05 2.13813924975875e-06 -3.51853514164686e-05
7600 14640 -4978 4.55768010363402e-05 2.91284654289484e-05 4.32669498538598e-06 -3.47994812205434e-05
7600 14840 -4978 4.58328875152177e-05 3.02458899319172e-05 6.12652633246034e-06 -3.39437827244401e-05
7800 14840 -4978 4.69056542284105e-05 2.86956293694675e-05 7.26337701082229e-06 -3.63944912701845e-05
7800 14640 -4978 4.68624811213412e-05 2.78068506792188e-05 5.09499010560103e-06 -3.72828961089253e-05
7800 14440 -4978 4.63861617294147e-05 2.64323766045272e-05 2.72196648383397e-06 -3.79781378284097e-05
7800 14240 -4978 4.58453484094082e-05 2.53082849793136e-05 -1.68401679739873e-07 -3.82264087125659e-05
7800 14040 -4978 4.49027515848771e-05 2.38174187317491e-05 -3.24481213127001e-06 -3.80610516071319e-05
7800 13840 -4978 4.34722311936793e-05 2.26399463489652e-05 -6.21807374665514e-06 -3.65184845849872e-05
7800 13640 -4978 4.1757104510578e-05 2.12335072681308e-05 -9.06088558118791e-06 -3.47971752732992e-05
7800 13440 -4978 4.01277828464604e-05 2.03269653208554e-05 -1.18774387631565e-05 -3.24861400648952e-05
7800 13240 -4978 3.80286610484603e-05 1.90119993016124e-05 -1.45705215204507e-05 -2.97440189346671e-05
7800 13040 -4978 3.60892459947942e-05 1.81085846796632e-05 -1.67523280270398e-05 -2.63414567373693e-05
7800 12840 -4978 3.41531752146546e-05 1.69328964985907e-05 -1.84082604087889e-05 -2.31049321368337e-05
7800 12640 -4978 3.22237544404744e-05 1.63442499209195e-05 -1.98272000513971e-05 -1.95197304822505e-05
7800 12440 -4978 3.0464470801668e-05 1.56641309931874e-05 -2.063990265131e-05 -1.61845630519092e-05
7800 12240 -4978 2.84253565284546e-05 1.46731701698154e-05 -2.09538520164788e-05 -1.23949609361589e-05
7800 12040 -4978 2.70145860908246e-05 1.44455019235611e-05 -2.10174558609724e-05 -8.96977326925844e-06
7800 11840 -4978 2.53821312336608e-05 1.38569425903261e-05 -2.05097530707717e-05 -5.60135428234935e-06
7800 11640 -4978 2.42550485662467e-05 1.3571082053706e-05 -1.9927745424211e-05 -2.73028522611276e-06
7800 11440 -4978 2.30387403191101e-05 1.33873223941773e-05 -1.8748685374856e-05 1.17813697685051e-07
7800 11240 -4978 2.21581927988387e-05 1.36391428504139e-05 -1.73074507676065e-05 2.32624984543509e-06
7800 11040 -4978 2.11206940622801e-05 1.37452541701496e-05 -1.54961389806122e-05 4.01326683629304e-06
7800 10840 -4978 2.01897478427964e-05 1.38246453367174e-05 -1.36871022358537e-05 5.29837667243555e-06
7800 10640 -4978 1.95929572513352e-05 1.42489109486341e-05 -1.20128677152097e-05 5.98960612085648e-06
7800 10440 -4978 1.9023545681537e-05 1.46733784750104e-05 -1.03280694130808e-05 6.38195162545889e-06
7800 10240 -4978 1.86590380459031e-05 1.5031706687063e-05 -8.97212473396212e-06 6.52408329816535e-06
7800 10040 -4978 1.83897829037528e-05 1.55527809169143e-05 -7.64081655722111e-06 6.15735684661195e-06
7800 9840 -4978 1.81397843360593e-05 1.57841526120901e-05 -6.60252218740061e-06 5.80834687687457e-06
7800 9640 -4978 1.79303383426931e-05 1.60621319320053e-05 -5.85445345425978e-06 5.64372389437631e-06
7800 9440 -4978 1.81224162048084e-05 1.66069683749229e-05 -5.0879049920477e-06 5.21078999340534e-06
7800 9240 -4978 1.80686395557662e-05 1.67596915178001e-05 -4.60197831096593e-06 4.78080290486105e-06
7800 9040 -4978 1.81045976661769e-05 1.69614802524447e-05 -4.26642539317254e-06 4.66795957437716e-06
7800 8840 -4978 1.82941148360933e-05 1.72975348755717e-05 -3.88908286225342e-06 4.51053869898897e-06
7800 8640 -4978 1.82102088062419e-05 1.72757484056056e-05 -3.5630613201065e-06 4.38377714718809e-06
7800 8440 -4978 1.83540189564694e-05 1.74242293797433e-05 -3.3499567094841e-06 4.57357428618707e-06
8000 8440 -4978 1.7247540972719e-05 1.59272318072617e-05 -3.54930059907565e-06 5.52225504349917e-06
8000 8640 -4978 1.72876017452752e-05 1.59257553163916e-05 -3.62092328927247e-06 5.63435413199477e-06
8000 8840 -4978 1.73775872587631e-05 1.60249531976879e-05 -3.67168352787849e-06 5.63028898183257e-06
8000 9040 -4978 1.71638287992181e-05 1.56018026415259e-05 -4.03315771364942e-06 5.86430391226895e-06
8000 9240 -4978 1.71399266903378e-05 1.5476306816563e-05 -4.21098391214036e-06 6.20884421700612e-06
8000 9440 -4978 1.72813498421395e-05 1.50759899429977e-05 -4.83059619925916e-06 6.82193461246789e-06
8000 9640 -4978 1.72895213081239e-05 1.4677907012403e-05 -5.29604848078452e-06 7.47712774481624e-06
8000 9840 -4978 1.74844375622599e-05 1.42571086157113e-05 -6.15266702184454e-06 8.03648550715297e-06
8000 10040 -4978 1.78103148033018e-05 1.37441406119615e-05 -7.42385874781758e-06 8.72941146139055e-06
8000 10240 -4978 1.86398398876846e-05 1.34233915880322e-05 -8.80797270406038e-06 9.32038547098637e-06
8000 10440 -4978 1.91058376188868e-05 1.26686359513551e-05 -1.05274442955852e-05 9.81013640202582e-06
8000 10640 -4978 1.98561694705454e-05 1.21587265618145e-05 -1.24606214351952e-05 9.6132626561448e-06
8000 10840 -4978 2.09713434226963e-05 1.16111843287945e-05 -1.48179319445044e-05 9.24156568571925e-06
8000 11040 -4978 2.17979877398415e-05 1.1135969478637e-05 -1.70132405757904e-05 8.15375656913966e-06
8000 11240 -4978 2.29478708794324e-05 1.0850705220364e-05 -1.91880461238325e-05 6.16317238844931e-06
8000 11440 -4978 2.40921151982863e-05 1.04898615414277e-05 -2.13441615998745e-05 3.89410592278e-06
8000 11640 -4978 2.52179241154947e-05 1.05993470791727e-05 -2.28760124966502e-05 6.56622034473685e-07
8000 11840 -4978 2.64457999396697e-05 1.08228338770568e-05 -2.4005831066519e-05 -3.08726132490119e-06
8000 12040 -4978 2.79608062803549e-05 1.12394523192197e-05 -2.47023973055184e-05 -6.70368791697547e-06
8000 12240 -4978 2.95331741790233e-05 1.16378034204245e-05 -2.48856078796089e-05 -1.09189427569509e-05
8000 12440 -4978 3.13242472886505e-05 1.22849963288754e-05 -2.4508272703737e-05 -1.50456503871828e-05
8000 12640 -4978 3.29968589559771e-05 1.29819149933755e-05 -2.33738985098898e-05 -1.92541776821017e-05
8000 12840 -4978 3.51544168866565e-05 1.42704808507115e-05 -2.21124531440437e-05 -2.32310114204884e-05
8000 13040 -4978 3.73550955940887e-05 1.50119617171586e-05 -2.03972500115633e-05 -2.74079592488706e-05
8000 13240 -4978 3.94578385567859e-05 1.63312874436378e-05 -1.78403378203511e-05 -3.11020403131843e-05
8000 13440 -4978 4.18300241953779e-05 1.76203558295965e-05 -1.46065191980451e-05 -3.49501218572259e-05
8000 13640 -4978 4.36090581183294e-05 1.86975539140403e-05 -1.15078109297901e-05 -3.78067043125629e-05
8000 13840 -4978 4.55007370309706e-05 2.02232262343168e-05 -7.77165982779115e-06 -4.00117419585586e-05
8000 14040 -4978 4.6791035135223e-05 2.13918581083417e-05 -4.29775887783398e-06 -4.13624413684011e-05
8000 14240 -4978 4.78098799843921e-05 2.29139817580581e-05 -4.5794676029891e-07 -4.20508404150605e-05
8000 14440 -4978 4.84109250233057e-05 2.46133173704147e-05 2.98805245831318e-06 -4.17334387227893e-05
8000 14640 -4978 4.85646158771458e-05 2.58624320402741e-05 6.05405131401494e-06 -4.06813213899732e-05
8000 14840 -4978 4.85660279191618e-05 2.73411369174719e-05 8.57795975636691e-06 -3.91061296388507e-05
