# amount of points in x direction: 66 (distance of 200 steps)
# amount of points in y direction: 11 (distance of 200 steps)
# abs. coordinates of point 1: P1 (, , ) (offsets not corrected)
# Offsets of the hall probe have already been corrected for all following coordinates.
#
# X (absolute in steps=10um) Y (absolute in steps=10um) Z (absolute in steps=10um) Babs(in T) Bx By Bz
6000 7440 -5778 0.000450000312141493 0.000243486447989941 -9.48866669386625e-05 -0.000366348401129246
6000 7640 -5778 0.000461358147737213 0.000250218921959400 -7.46909549385309e-05 -0.000380471680462360
6000 7840 -5778 0.000470374789969390 0.000255333208143711 -5.23648382723332e-05 -0.000391688231766224
6000 8040 -5778 0.000477024336169180 0.000259874662399292 -2.85729959197342e-05 -0.000399123802244663
6000 8240 -5778 0.000481148117091991 0.0002616025477 -4.06660671187274e-06 -0.0004037958399
6000 8440 -5778 0.000482407393655785 0.000261989068746567 2.07715616393834e-05 -0.000404498112380505
6000 8640 -5778 0.0004808894356 0.000260823103189468 4.5505143865943e-05 -0.000401527441382408
6000 8840 -5778 0.000476224355456624 0.000258142725229263 6.97650572806597e-05 -0.000394055752038956
6000 9040 -5778 0.000469040090638301 0.000253563540220261 9.22258644402027e-05 -0.000383643835425377
6000 9240 -5778 0.000459333367729277 0.000247458403289318 0.000113506862789392 -0.000369917781829834
6000 9440 -5778 0.000447362608541702 0.000240296360731125 0.000131933822363615 -0.000353541714131832
6200 9440 -5778 0.000491985417374483 0.0002693721432 0.000150839505046606 -0.000383108737647533
6200 9240 -5778 0.000506271290522703 0.000278397453725338 0.000129728753268719 -0.000402352627694607
6200 9040 -5778 0.000517606692338440 0.000285746097922325 0.000105776135966182 -0.000418232040047645
6200 8840 -5778 0.000526060476233068 0.000291056628584862 7.94217533767223e-05 -0.000431096293926239
6200 8640 -5778 0.000531349575293428 0.000294656969010830 5.1683900333941e-05 -0.000439105691790581
6200 8440 -5778 0.000533386124112941 0.000295881222844124 2.31808190047741e-05 -0.000443321049690247
6200 8240 -5778 0.000531624872153339 0.000295628148198128 -5.75903006520275e-06 -0.000441874574065209
6200 8040 -5778 0.000526719391687565 0.000292584236681461 -3.40595671311021e-05 -0.000436578791618347
6200 7840 -5778 0.000518644605878379 0.000288338710010052 -6.14020909965038e-05 -0.000426817883253098
6200 7640 -5778 0.000507807642832529 0.000281447308599949 -8.67680891603231e-05 -0.000413788744568825
6200 7440 -5778 0.000494006092081846 0.000273269477784634 -0.000110380173221231 -0.000396664815723896
6400 7440 -5778 0.000544434754865075 0.000308069836139679 -0.000128204499810934 -0.000430192729592323
6400 7640 -5778 0.000560833924896242 0.000318098274290562 -0.000101787250265479 -0.000450673499345779
6400 7840 -5778 0.000574119649588925 0.000326449187397957 -7.25103113204241e-05 -0.000466811702370644
6400 8040 -5778 0.000584142206586599 0.000332558214962482 -4.07913244739175e-05 -0.000478386766672134
6400 8240 -5778 0.000590202396326233 0.000336004957497120 -7.92381287086755e-06 -0.000485156418442726
6400 8440 -5778 0.000592072580986540 0.000336455484449864 2.56807450465858e-05 -0.000486630090594292
6400 8640 -5778 0.00059003906 0.000334977251470089 5.88829192444682e-05 -0.000482277283787727
6400 8840 -5778 0.000584019825852740 0.000330707130432129 9.10433821082115e-05 -0.000472588793396950
6400 9040 -5778 0.000573737239166474 0.0003242106387 0.000121473722338676 -0.000457499744415283
6400 9240 -5778 0.000559896677361511 0.000315422360897064 0.000148749293059111 -0.000437929161429405
6400 9440 -5778 0.000543161657662281 0.000304411654293537 0.000172972316086292 -0.000415359738230705
6600 9440 -5778 0.0006022478364 0.000346080560147762 0.000199373990952969 -0.000450922124743462
6600 9240 -5778 0.000622265779960428 0.000359095758140087 0.000171794488579035 -0.000478211552023888
6600 9040 -5778 0.000638656427323660 0.000370638215065002 0.000140319230288267 -0.000500662061572075
6600 8840 -5778 0.000650476127999716 0.000378509405851364 0.000105184296533465 -0.000518445837616920
6600 8640 -5778 0.000658212915219333 0.000383818193197250 6.76232961565256e-05 -0.000530308291196823
6600 8440 -5778 0.000660477815516859 0.000385848468422890 2.87705787681043e-05 -0.0005354250487
6600 8240 -5778 0.000658130339651138 0.000384915703117847 -1.06120404442772e-05 -0.000533573943257332
6600 8040 -5778 0.000650428239763463 0.000380210204 -4.88359106034041e-05 -0.000525345679044724
6600 7840 -5778 0.000638287569411827 0.000372724877357483 -8.5289838835597e-05 -0.000511220114350319
6600 7640 -5778 0.0006222942092 0.000362646601080895 -0.0001196283071 -0.000491351802349091
6600 7440 -5778 0.000602344733161487 0.000349846184730530 -0.000150209492772818 -0.0004666599754
6800 7440 -5778 0.000669283336954008 0.000399813731253147 -0.000176397584229708 -0.000506981850624084
6800 7640 -5778 0.000693548674195254 0.000415871479392052 -0.000141297255545855 -0.000536750784158707
6800 7840 -5778 0.000713401799799128 0.0004285856806 -0.000101932737916708 -0.000561129360556602
6800 8040 -5778 0.000727924373385167 0.000438336225867271 -5.90194715559483e-05 -0.000578237164735794
6800 8240 -5778 0.000737118448634471 0.000443681545257568 -1.43032431080937e-05 -0.000588634640932083
6800 8440 -5778 0.000740601228365371 0.000445413017988205 3.20344823524356e-05 -0.000590809105038643
6800 8640 -5778 0.000737999957770457 0.0004429039334 7.75233024358749e-05 -0.000585322785019875
6800 8840 -5778 0.000729104030161631 0.000436794629931450 0.000121703945934772 -0.000570832385659218
6800 9040 -5778 0.000714929649599798 0.000426263785 0.000162299722492695 -0.000550181789636612
6800 9240 -5778 0.0006948192991 0.000412397687792778 0.000199376020997763 -0.000522508576989174
6800 9440 -5778 0.000670679598844157 0.000395907478272915 0.000230705144524574 -0.000489856317520142
7000 9440 -5778 0.0007505130549 0.000456449128985405 0.000268476566851139 -0.000531831149220467
7000 9240 -5778 0.000779702907416081 0.000477274580359459 0.000232533325493336 -0.000571028780341148
7000 9040 -5778 0.000803257692168054 0.000494003679037094 0.000189801653832197 -0.0006042245115
7000 8840 -5778 0.000820799182252334 0.000506677412629128 0.0001418428303 -0.000630003974556923
7000 8640 -5778 0.000831497687 0.000514582502722740 8.97187131643295e-05 -0.000647018920183182
7000 8440 -5778 0.000834523957391966 0.000517676715135574 3.61903653889895e-05 -0.000653631296038628
7000 8240 -5778 0.0008302992349 0.000515550381183624 -1.82537480723113e-05 -0.000650754326820374
7000 8040 -5778 0.000819092406940159 0.000508838192462921 -7.10892013013363e-05 -0.0006378971039
7000 7840 -5778 0.000800914936946149 0.000496592438578606 -0.000121597749471664 -0.000616414514183998
7000 7640 -5778 0.000776614227866936 0.0004802719593 -0.000167674049884081 -0.000586823055624962
7000 7440 -5778 0.000746765758 0.000459825086832046 -0.000208370647788048 -0.000550274168014526
7200 7440 -5778 0.000837583095116345 0.000532786190152168 -0.000247334347 -0.000597130139350891
7200 7640 -5778 0.000874019598194312 0.000558766026735306 -0.000200222642332316 -0.000641570022940636
7200 7840 -5778 0.0009039191447 0.000579160200715065 -0.000146061676323414 -0.000678512897491455
7200 8040 -5778 0.000926253149373734 0.000594354667663574 -8.68607420325279e-05 -0.000705125896215439
7200 8240 -5778 0.000940480336561708 0.000603206484198570 -2.42436511442065e-05 -0.000721154154181481
7200 8440 -5778 0.0009459222649 0.000605932142257690 4.02541234195232e-05 -0.000725314596414566
7200 8640 -5778 0.000942446270088865 0.000602605219244957 0.000104044265910983 -0.000716999581456185
7200 8840 -5778 0.0009293853619 0.000592864028573036 0.0001656676205 -0.000696239837646484
7200 9040 -5778 0.000908756667122787 0.000577397497773171 0.000221940744996071 -0.000665724756479263
7200 9240 -5778 0.000879589335712280 0.000555595240235329 0.000271953856647015 -0.000625292268276215
7200 9440 -5778 0.000843848915433532 0.000529696690678596 0.000313860147178173 -0.0005771764388
7400 9440 -5778 0.000954716617837235 0.0006196664716 0.000369413520455361 -0.000625324663877487
7400 9240 -5778 0.000997869555029242 0.000651557872295380 0.000321010267734527 -0.000684382475733757
7400 9040 -5778 0.00103375387921071 0.000679165216445923 0.000261773303925991 -0.000733967412114143
7400 8840 -5778 0.0010592290326 0.000698705945491791 0.000195064581751823 -0.000771658883929253
7400 8640 -5778 0.00107489131409224 0.000710244638681412 0.000121917415320873 -0.000797350605845451
7400 8440 -5778 0.00107909116299505 0.000714625726580620 4.58875637501478e-05 -0.000807243544697762
7400 8240 -5778 0.00107228286995179 0.000711409965753555 -3.14390784204006e-05 -0.000801789702534675
7400 8040 -5778 0.00105429454134325 0.000699995666980743 -0.000105798210740089 -0.0007812861731
7400 7840 -5778 0.0010266490951 0.000680628513932228 -0.000176387667655945 -0.000748146865367889
7400 7640 -5778 0.000989772465143276 0.000654345868945122 -0.0002401380347 -0.000702803028464317
7400 7440 -5778 0.000945052396380434 0.000622098851680756 -0.000295300361454487 -0.000647236237525940
7600 7440 -5778 0.00107354854979735 0.000731950016856193 -0.000354498412251473 -0.000700517233967781
7600 7640 -5778 0.00112910814471139 0.000773202432990074 -0.000290057459592819 -0.000769874522328377
7600 7840 -5778 0.00117491490826002 0.000806438244819641 -0.000214496095597744 -0.000827207180023193
7600 8040 -5778 0.00120933048689496 0.000830937839984894 -0.000130047564089298 -0.000868934487819672
7600 8240 -5778 0.00123153633201088 0.000845502449035644 -4.07586434856057e-05 -0.000894561267375946
7600 8440 -5778 0.0012404096286 0.000850357635974884 5.20860393419862e-05 -0.000901421780347824
7600 8640 -5778 0.00123553249421861 0.000845134144067764 0.000143320383012295 -0.000889724780082703
7600 8840 -5778 0.00121625167324309 0.000829998095512390 0.000231111611485481 -0.000858523417949677
7600 9040 -5778 0.00118476893521255 0.0008050530411 0.000310806561589241 -0.000811886121988297
7600 9240 -5778 0.00114124487487612 0.000771102988 0.000380708309412003 -0.000750219746947288
7600 9440 -5778 0.00108758759781407 0.000730050879359245 0.000437415788888931 -0.000677140151381493
7800 9440 -5778 0.00124815333944953 0.000867123031139374 0.000521205240011215 -0.000730911545872688
7800 9240 -5778 0.00131427547822974 0.000918834660053253 0.000454781141757965 -0.000822460976123810
7800 9040 -5778 0.00136822852852371 0.000961625511884689 0.000371835801422596 -0.000899674111843109
7800 8840 -5778 0.0014072274681 0.000993305415868759 0.0002760822907 -0.000957624623537064
7800 8640 -5778 0.00143096364643973 0.00101253002429008 0.000170255427598953 -0.000996629220724106
7800 8440 -5778 0.00143688211696698 0.00101932680606842 5.99535860717296e-05 -0.00101094443368912
7800 8240 -5778 0.00142590358454903 0.00101301698422432 -5.20337659493089e-05 -0.00100210813069344
7800 8040 -5778 0.00139824020909588 0.000994943398952484 -0.000160243824064732 -0.000969206759691238
7800 7840 -5778 0.00135496290403826 0.0009633060801 -0.000261922946214676 -0.000916377274036407
7800 7640 -5778 0.0012979600583 0.000921046135663986 -0.000352283896565437 -0.000843910127878189
7800 7440 -5778 0.00122848700895839 0.000868306450128555 -0.000428725328326225 -0.000755922504425049
8000 7440 -5778 0.00141901645998900 0.00103898523736000 -0.0005228062483 -0.000812868068456650
8000 7640 -5778 0.00150591638669104 0.0011068390541 -0.000432000289082527 -0.000925319383621216
8000 7840 -5778 0.00157727208173838 0.00116080359268188 -0.000322647483289242 -0.00101789424324036
8000 8040 -5778 0.00163082793538632 0.00120037419152260 -0.0001995076386 -0.00108577081251144
8000 8240 -5778 0.00166612496766718 0.00122423508214951 -6.79891184866428e-05 -0.00112806090688705
8000 8440 -5778 0.00168016297645648 0.00123205866837502 6.84551520347595e-05 -0.00114031438422203
8000 8640 -5778 0.00167316739389983 0.00122352403473854 0.000202445538491011 -0.00112297080492973
8000 8840 -5778 0.00164356461527160 0.00119966853117943 0.000331287219583988 -0.00107363108301163
8000 9040 -5778 0.0015959841551 0.00116031767344475 0.000447296507477760 -0.00100023978614807
8000 9240 -5778 0.00152839279292588 0.00110558090066910 0.000547048623085022 -0.000902499819040299
8000 9440 -5778 0.00144539835852751 0.00103858669662476 0.000625499105572700 -0.000786686286449433
8200 9440 -5778 0.00169378965866304 0.00125794353079796 0.000758385829091072 -0.000843493993043899
8200 9240 -5778 0.00179758494667549 0.0013436863048 0.000665184296488762 -0.000991927710294724
8200 9040 -5778 0.00188127089931048 0.00141238715529442 0.000543763488173485 -0.00111743634676933
8200 8840 -5778 0.0019414400874 0.00146266779708862 0.000402478684842587 -0.00121134865093231
8200 8640 -5778 0.00197779744966574 0.00149288190078735 0.000244352629780769 -0.00127414494991302
8200 8440 -5778 0.00198634648135526 0.00150282093453407 8.01381414681673e-05 -0.00129636795544624
8200 8240 -5778 0.00196874443594625 0.00149295479035378 -8.76955233961344e-05 -0.0012802201209
8200 8040 -5778 0.00192529404836522 0.001463768193 -0.0002490670666 -0.00122561416769028
8200 7840 -5778 0.00185797970523667 0.00141354412961006 -0.000399315649986267 -0.00113777352333069
8200 7640 -5778 0.0017684700577 0.00134443740344048 -0.000532610196352005 -0.00101777171015739
8200 7440 -5778 0.00165859734434369 0.00125650329041481 -0.000642812748789787 -0.000871110134363174
8400 7440 -5778 0.00196970937638854 0.00153970928239822 -0.000799533848285675 -0.0009327581377
8400 7640 -5778 0.00210759026639569 0.00165225807428360 -0.000665310607671738 -0.00112660554671288
8400 7840 -5778 0.00222013944836360 0.00174037518978119 -0.000499920370459557 -0.00128452393937111
8400 8040 -5778 0.00230363455289519 0.00180267673778534 -0.000313889990627766 -0.00139946271705627
8400 8240 -5778 0.00235803146834986 0.00183957697057724 -0.000114514911532402 -0.00147089609813690
8400 8440 -5778 0.002380000721 0.00185154866838455 9.2797590136528e-05 -0.00149255225896835
8400 8640 -5778 0.00237004175106174 0.00183927944135666 0.0002965300287 -0.00146499794554710
8400 8840 -5778 0.0023251261988 0.00180188260221481 0.000491525174617767 -0.00138498425292969
8400 9040 -5778 0.00225191878383479 0.00174022562694550 0.000666565988183022 -0.00126413676309586
8400 9240 -5778 0.00214653137291211 0.00165273074674606 0.000816473358154297 -0.00109944170784950
8400 9440 -5778 0.0020161790857 0.00154339981007576 0.000930841129064560 -0.000903382298231125
8600 9440 -5778 0.00244853689152196 0.00192316295766830 0.00115882085371017 -0.000976534373044968
8600 9240 -5778 0.00261004505086887 0.00206009165191650 0.00101626174139977 -0.00123916776371002
8600 9040 -5778 0.00273845002883317 0.00216739650487900 0.000828144012689591 -0.0014544410932
8600 8840 -5778 0.00282914590986541 0.00224316691923141 0.000608918257355690 -0.00161306457519531
8600 8640 -5778 0.00288344462588467 0.0022879794979 0.000364449412882328 -0.00171636328077316
8600 8440 -5778 0.00289620344463547 0.00230338974285126 0.000110745816841722 -0.00175217734527588
8600 8240 -5778 0.0028700196269 0.00228988839101791 -0.0001476127347 -0.00172384845495224
8600 8040 -5778 0.00280416152018416 0.00224658537912369 -0.000396634822964668 -0.00163059970855713
8600 7840 -5778 0.00270135039579583 0.00217012847137451 -0.000630538949012756 -0.00147950318694115
8600 7640 -5778 0.00256247053117689 0.00206171986627579 -0.000837791118383408 -0.00127064233326912
8600 7440 -5778 0.00238978981657452 0.00191852193546295 -0.00100755058836937 -0.00100754268002510
8800 7440 -5778 0.00298010178773985 0.00243953793478012 -0.00128854787945747 -0.00112620072102547
8800 7640 -5778 0.00318789145083326 0.00261221050405502 -0.00106768188571930 -0.00148260899209976
8800 7840 -5778 0.00335250754846208 0.00273894639968872 -0.000801517022132874 -0.00175944358062744
8800 8040 -5778 0.00347267625677480 0.00282589730739594 -0.000505155199050903 -0.00195412461662293
8800 8240 -5778 0.00354971968248891 0.00287513255405426 -0.000192612054944038 -0.00207311939239502
8800 8440 -5778 0.0035805045316 0.00288943344879150 0.000131064040571451 -0.00211045238351822
8800 8640 -5778 0.00356597887798504 0.0028714416666 0.000449050611495972 -0.00206634547853470
8800 8840 -5778 0.00350275525658624 0.00281991052675247 0.000756454965353012 -0.00193533276176453
8800 9040 -5778 0.00339770251438341 0.00273334577035904 0.00103614129042625 -0.00173195729684830
8800 9240 -5778 0.00324560218275523 0.00260743538188934 0.00127928906464577 -0.00144866619586945
8800 9440 -5778 0.00305121057523186 0.00244148450851440 0.00146705603456497 -0.00109391217684746
9000 9440 -5778 0.00392360823864768 0.00316540402173996 0.00189200632858276 -0.00134042514896393
9000 9240 -5778 0.00413225723565229 0.00334311069679260 0.00163123708295822 -0.00179925198698044
9000 9040 -5778 0.00429571266329824 0.00347626287555695 0.0013096088736 -0.00215760385131836
9000 8840 -5778 0.00441021905822113 0.00356803313827515 0.000949259885311127 -0.00241244956445694
9000 8640 -5778 0.00447797546279436 0.00362177878284454 0.000559474221348763 -0.00257354434728622
9000 8440 -5778 0.00449437050263086 0.00364209436988831 0.000159382139146328 -0.00262856734037399
9000 8240 -5778 0.00446236463588815 0.00362928221607208 -0.000246927758097649 -0.00258451382732391
9000 8040 -5778 0.0043798748034 0.00358174109745026 -0.000641438769817352 -0.0024375162611
9000 7840 -5778 0.00424946354547252 0.00349298273944855 -0.00102083192706108 -0.00219478499126434
9000 7640 -5778 0.0040721590907 0.00336244733428955 -0.00136816707634926 -0.00184514130496979
9000 7440 -5778 0.00384680754736031 0.00317866963529587 -0.00166944140005112 -0.00138112929153442
9200 7440 -5778 0.0050772866426 0.00417887872886658 -0.00216085605239868 -0.00190931555557251
9200 7640 -5778 0.00527363182642021 0.0043294970951 -0.00174699408864975 -0.00245298074436188
9200 7840 -5778 0.00544014222138032 0.00444242538833618 -0.00129155196213722 -0.00286214912033081
9200 8040 -5778 0.00556640794254110 0.0045200917139 -0.000810676569342613 -0.00314612141513825
9200 8240 -5778 0.00564693771892596 0.00455932508468628 -0.000315160643637180 -0.00331703116035462
9200 8440 -5778 0.00567901663914762 0.00456779397296906 0.000190268130511045 -0.00336877410125733
9200 8640 -5778 0.00566276007685525 0.00454616419124603 0.000689814959526062 -0.00330505645275116
9200 8840 -5778 0.00559689262012335 0.00449703840541840 0.00118168384337425 -0.00311516068744659
9200 9040 -5778 0.00548648608747420 0.00441055524826050 0.00164426427412033 -0.00281862802982330
9200 9240 -5778 0.00533197329107142 0.00428825040054321 0.00207403965759277 -0.00239501466703415
9200 9440 -5778 0.00514738557002174 0.00413128822517395 0.00245026896524429 -0.00185160855579376
9400 9440 -5778 0.00668002503736074 0.00527015032672882 0.00311019674587250 -0.00267860527801514
9400 9240 -5778 0.00683601469862069 0.00540236256408691 0.00260213738775253 -0.00328181580448151
9400 9040 -5778 0.00697596325798001 0.00551010569763184 0.00204598887252808 -0.00375783904647827
9400 8840 -5778 0.00708153420114320 0.0055872956705 0.00146040339922905 -0.00409785236072540
9400 8640 -5778 0.00714520595105542 0.00563178729152679 0.000849492477893829 -0.00431454841995239
9400 8440 -5778 0.00716176315057605 0.0056544202013 0.000234164869427681 -0.00438926004981995
9400 8240 -5778 0.00713264403831795 0.0056518461399 -0.000390832419991493 -0.00433341622829437
9400 8040 -5778 0.00705625140132946 0.00562416492748260 -0.00100336931943893 -0.00414147843456268
9400 7840 -5778 0.00693635036317775 0.00556167688083648 -0.00160655889844894 -0.00382070049381256
9400 7640 -5778 0.00678259611062314 0.00547011992168427 -0.00218708128356934 -0.00336187216281891
9400 7440 -5778 0.00661340290578559 0.00535099899864197 -0.00273543161821365 -0.00276067411565781
9600 7440 -5778 0.00837275828496268 0.00661419414138794 -0.00337511573505402 -0.00386866601467133
9600 7640 -5778 0.00857320206386292 0.00674108473968506 -0.0026857064228 -0.00456543881225586
9600 7840 -5778 0.00873814389225016 0.00682408342742920 -0.00196332290363312 -0.00509238718414307
9600 8040 -5778 0.00886099679295185 0.00687496357154846 -0.00122359446358681 -0.0054545762453
9600 8240 -5778 0.00893657889153343 0.00689143846702576 -0.000477809083342552 -0.00566921508979797
9600 8440 -5778 0.00896385527861837 0.00688647898101807 0.000278038020431995 -0.00573153216743469
9600 8640 -5778 0.00894704670998717 0.00686348033332825 0.00102528745365143 -0.00564721773815155
9600 8840 -5778 0.0088834100878 0.00682556141281128 0.00177318072557449 -0.00540198173236847
9600 9040 -5778 0.00877628627702644 0.00675374759101868 0.00249253850221634 -0.00501989652156830
9600 9240 -5778 0.00862506170657742 0.00665060580635071 0.00319246794414520 -0.00446940487289429
9600 9440 -5778 0.00844429272835933 0.0065107636795 0.00383802194023132 -0.00376776337242126
9800 9440 -5778 0.0105963085579424 0.00796010574913025 0.00468425482559204 -0.00519386448097229
9800 9240 -5778 0.0108132056973825 0.0080925919094 0.00387595811939239 -0.0060344774971
9800 9040 -5778 0.0109745358244 0.008177746706 0.00301450687456131 -0.00666840759658813
9800 8840 -5778 0.0110824288198928 0.00823045906066895 0.00213233356809616 -0.00710852060508728
9800 8640 -5778 0.0111424723240764 0.00825395083999634 0.00122995661568642 -0.00738313430976867
9800 8440 -5778 0.0111613526941895 0.00827672181129456 0.000338079906642437 -0.00748045997238159
9800 8240 -5778 0.0111389960033191 0.00829249747276306 -0.000568757940411568 -0.00741556002235413
9800 8040 -5778 0.0110712532625762 0.00829960001754761 -0.0014641439898 -0.00717952440834046
9800 7840 -5778 0.0109507547798120 0.00827686368179321 -0.00235977099084854 -0.00677087094879151
9800 7640 -5778 0.0107752619242600 0.00821969358444214 -0.00325095958232880 -0.00616208507919312
9800 7440 -5778 0.0105334100259762 0.00810357425308227 -0.00411552606487274 -0.00532452279853821
10000 7440 -5778 0.0133896035264559 0.0099784672451 -0.00500505529212952 -0.00739330039215088
10000 7640 -5778 0.0136157591820549 0.0100018551673889 -0.0039099865303 -0.00837062879562378
10000 7840 -5778 0.0137544853438299 0.00997271475028992 -0.0028111181035 -0.00904574740028382
10000 8040 -5778 0.0138360758385268 0.00992882055854798 -0.00172979413986206 -0.00947932144355774
10000 8240 -5778 0.0138727799120657 0.00987429211807251 -0.000668471784949303 -0.00972126223182678
10000 8440 -5778 0.0138797537502860 0.00983633242797852 0.000394616693377495 -0.00978460046195984
10000 8640 -5778 0.0138656810169422 0.00981922068023682 0.00145156298947334 -0.00968166930007935
10000 8840 -5778 0.0138287455994370 0.00983022413635254 0.00252478809738159 -0.00939264822578430
10000 9040 -5778 0.0137532343634633 0.00983018128013611 0.00359508106994629 -0.00892043213844300
10000 9240 -5778 0.0136218011092233 0.00981681363296509 0.0046786520462 -0.00820538693618775
10000 9440 -5778 0.0134183887301104 0.00976025036048889 0.00572340261077881 -0.0072135594387
10200 9440 -5778 0.0172456632135546 0.0119669110908508 0.00698265914535523 -0.0102688076171875
10200 9240 -5778 0.0172832191561240 0.0118104281139374 0.00560114802646637 -0.0113068091030121
10200 9040 -5778 0.0172647117289803 0.0116593485240936 0.00424854111099243 -0.0120033769435883
10200 8840 -5778 0.0172335363960205 0.0115451297168732 0.00295483685302734 -0.0124487161636353
10200 8640 -5778 0.0172019846806183 0.0114659641437531 0.00169461238288879 -0.0127105574951172
10200 8440 -5778 0.0172008422767274 0.0114683535652161 0.000475014346 -0.0128109297409
10200 8240 -5778 0.0172277322146457 0.0115392647876740 -0.000757623032212257 -0.0127695560760498
10200 8040 -5778 0.0172741175755574 0.0116811219825745 -0.00198809208631516 -0.0125695058555603
10200 7840 -5778 0.0173179340926787 0.0118627808227539 -0.00327198579597473 -0.0121852850570679
10200 7640 -5778 0.0173427227239129 0.0120861198635101 -0.00461703808689117 -0.0115481611194611
10200 7440 -5778 0.0172962390424405 0.0123130459957123 -0.0060337169094 -0.0105445663928986
10400 7440 -5778 0.0225939070956482 0.0149693065986633 -0.00707257696151733 -0.0153747570037842
10400 7640 -5778 0.0220693355312127 0.0142330514793396 -0.00527809957408905 -0.0160194643936157
10400 7840 -5778 0.0216394214388398 0.0136732468147278 -0.00367238241958618 -0.0163648042488
10400 8040 -5778 0.0213358232574357 0.0132859838829 -0.00220461122655869 -0.0165476403656
10400 8240 -5778 0.0211329783409165 0.0130222226219177 -0.000823842924952507 -0.0166236510543823
10400 8440 -5778 0.0210477035316230 0.0129037608032227 0.000538340669155121 -0.0166196562385559
10400 8640 -5778 0.0210826393289698 0.0129223902893 0.00189893873977661 -0.0165500745620727
10400 8840 -5778 0.0212546294523987 0.0131044958190918 0.00332577749919891 -0.0164004794197
10400 9040 -5778 0.0215214430417230 0.0133901524047852 0.00483016363716126 -0.0161414326629639
10400 9240 -5778 0.0219123511144809 0.0138349328498840 0.00649971970558166 -0.0157004781455994
10400 9440 -5778 0.0223984100562531 0.0144240351638794 0.00834963173484802 -0.0149638833312988
10600 9440 -5778 0.0284687308983120 0.0162670794792175 0.0093411457386 -0.0214145950126648
10600 9240 -5778 0.0270040582719814 0.0151342779006958 0.00707444942855835 -0.0212159379158
10600 9040 -5778 0.0260340215554783 0.0143896105155945 0.00518729404735565 -0.0210669440040588
10600 8840 -5778 0.0254271561689750 0.0139295917243958 0.00354624539566040 -0.0209746615333557
10600 8640 -5778 0.0250688139467875 0.0136590209846497 0.00202960236883163 -0.0209226502304
10600 8440 -5778 0.0249796171517217 0.0136139186058 0.000603894732236862 -0.0209350765457153
10600 8240 -5778 0.0251310670688284 0.0137639416046143 -0.000818179452180862 -0.0210108711166382
10600 8040 -5778 0.0255314569862530 0.0141277041969299 -0.0022649748578 -0.0211447636337280
10600 7840 -5778 0.0261941222708 0.0147093384246826 -0.00383111389064789 -0.0213332249755859
10600 7640 -5778 0.0272379595402702 0.0156165045280457 -0.00559596256637573 -0.0216036207427979
10600 7440 -5778 0.0288248424566129 0.0170031140670776 -0.00769014444351197 -0.0219703370933533
10800 7440 -5778 0.0334938519175966 0.0163105871887207 -0.00725413570976257 -0.0283396689453125
10800 7640 -5778 0.0312796318116111 0.014966377388 -0.00528022232627869 -0.0269557821960449
10800 7840 -5778 0.0298696166886322 0.0141034961166382 -0.00360607571506500 -0.0260810561752319
10800 8040 -5778 0.0289912726964396 0.0135551497344971 -0.00211462105131149 -0.0255397765464783
10800 8240 -5778 0.0284731156560272 0.0132152998466492 -0.000729901278376579 -0.0252097708435
10800 8440 -5778 0.0282844487139978 0.0130769902877808 0.000630910166025162 -0.0250721465377808
10800 8640 -5778 0.0284072777938637 0.0131216125869751 0.00199224739885330 -0.0251164565124512
10800 8840 -5778 0.0288921537052697 0.0133825970726 0.00344571503448486 -0.0253731267547607
10800 9040 -5778 0.0297142972153 0.0138227072601318 0.00501724074745178 -0.0258213238525391
10800 9240 -5778 0.0310695250502846 0.0145617386360168 0.00684317967033386 -0.0265799079895
10800 9440 -5778 0.0331803727147189 0.0157012055015564 0.00905023085021973 -0.0277947752075195
11000 9440 -5778 0.0350117404627716 0.0125636768760681 0.00740178011512756 -0.0318313293838501
11000 9240 -5778 0.0331999474801249 0.0121067997398376 0.0058271398096 -0.0303596171646118
11000 9040 -5778 0.0319445187155221 0.0117533561401367 0.0043879886837 -0.0293783012237549
11000 8840 -5778 0.0311386972284718 0.0115160681285858 0.00306976912689209 -0.0287664885482788
11000 8640 -5778 0.0306557121663 0.0113692356853485 0.00181971141195297 -0.0284122247238159
11000 8440 -5778 0.0305224338231952 0.0113433059024811 0.000634227452635765 -0.0283293791198730
11000 8240 -5778 0.0306961508025412 0.0114210550155640 -0.000554135974764824 -0.0284874878158569
11000 8040 -5778 0.0311913108810317 0.0116099573364258 -0.00175062796258926 -0.028898420578
11000 7840 -5778 0.0320217049981409 0.0118959188938141 -0.00300188413429260 -0.0295783356552124
11000 7640 -5778 0.0332963899729482 0.0122924682617187 -0.00434439319992065 -0.0306364148559570
11000 7440 -5778 0.0351490449887 0.0127832139091492 -0.00580557545757294 -0.0322268608169556
11200 7440 -5778 0.0353129886554974 0.00902036433029175 -0.00416112296199799 -0.0338864375991821
11200 7640 -5778 0.0340057301603846 0.00914506212234497 -0.00323066215181351 -0.0325923041458130
11200 7840 -5778 0.033029932173 0.00915648030471802 -0.00226915545415878 -0.0316547761459351
11200 8040 -5778 0.0323699524829934 0.00912712530517578 -0.00130713775467873 -0.0310291261901855
11200 8240 -5778 0.0319674590156195 0.00909074196624756 -0.000360333115994930 -0.0306456635513306
11200 8440 -5778 0.0318247331715301 0.00907074434471130 0.000597040466547012 -0.0304984988479614
11200 8640 -5778 0.0319370309663 0.00906965939712524 0.00155319891858101 -0.0305825839157105
11200 8840 -5778 0.0323400980304143 0.00909402498626709 0.00253669722795486 -0.0309308732681274
11200 9040 -5778 0.0329846398261643 0.00911222218513489 0.0035197736988 -0.0315045690460205
11200 9240 -5778 0.0339548777249635 0.00911223963928223 0.00451939072418213 -0.0323956157150269
11200 9440 -5778 0.0352527581324743 0.00902684729194642 0.00547040433025360 -0.0336333655319214
11400 9440 -5778 0.0350613050474743 0.00629132559585571 0.00392624839305878 -0.0342679214782715
11400 9240 -5778 0.0341604281719498 0.00657919725418091 0.00338188044166565 -0.0333507923278809
11400 9040 -5778 0.0334487476915122 0.00674874051094055 0.00272725308561325 -0.0326481039657593
11400 8840 -5778 0.0329527215353226 0.0068434971466 0.00202510416603088 -0.0321705977020264
11400 8640 -5778 0.0326369278583726 0.00689130667114258 0.00129232301807404 -0.0318749389343262
11400 8440 -5778 0.0325425472122163 0.00690616184616089 0.000561088505744934 -0.0317964382629395
11400 8240 -5778 0.0326512305374952 0.00688989804077148 -0.000172559429913759 -0.0319151683197
11400 8040 -5778 0.0329628999148376 0.00684099979591370 -0.000886703740119934 -0.0322339449462891
11400 7840 -5778 0.0334650817840373 0.00673739628982544 -0.00158606478023529 -0.0327413008422852
11400 7640 -5778 0.0341749258127291 0.00654543654251099 -0.00224199736928940 -0.0334676992797852
11400 7440 -5778 0.0350912458771155 0.006211346282 -0.00281036994028092 -0.0344212372436523
11600 7440 -5778 0.0348036702523361 0.00428110631561279 -0.00182405518388748 -0.0344913708267212
11600 7640 -5778 0.0341557571106608 0.00462524543571472 -0.00147896161985397 -0.0338083653945923
11600 7840 -5778 0.0336321426136907 0.0048573497591 -0.00103770501232147 -0.0332636043472290
11600 8040 -5778 0.0332562586108542 0.00500028634357452 -0.000543800261378288 -0.0328737236557
11600 8240 -5778 0.0330174874094469 0.00508079788398743 -2.31657222127542e-05 -0.0326242623291
11600 8440 -5778 0.0329346289868250 0.00510997296333313 0.0005182381457 -0.0325319678421
11600 8640 -5778 0.0330070214268867 0.00509008902168274 0.00105674616909027 -0.0325945317230225
11600 8840 -5778 0.0332490204563654 0.0050180504198 0.00158462690091133 -0.0328299555969238
11600 9040 -5778 0.033620947132 0.00488955116462708 0.00207190221214294 -0.0331982691574
11600 9240 -5778 0.0341475755353241 0.00468067331981659 0.00250091853857040 -0.0337316822586
11600 9440 -5778 0.0347911171943822 0.00437180622768402 0.00281747231769562 -0.0343990454788208
11800 9440 -5778 0.0345414620742434 0.00303522212171555 0.00203273261308670 -0.0343477514114380
11800 9240 -5778 0.0340697916225869 0.00329689638233185 0.00184882812786102 -0.0338602031555176
11800 9040 -5778 0.0336759035341945 0.00348490781974792 0.00157235699748993 -0.0334581309204102
11800 8840 -5778 0.0333885157809750 0.00360606065177917 0.00124006733083725 -0.0331701004791260
11800 8640 -5778 0.0331997649013 0.00367672466182709 0.000868951107978821 -0.0329837588272
11800 8440 -5778 0.0331407910906164 0.00369478997039795 0.000484671343088150 -0.0329306307067871
11800 8240 -5778 0.0332030334848216 0.00366499279594421 9.88457680344582e-05 -0.0329999922714233
11800 8040 -5778 0.0333871977911102 0.00358372302246094 -0.000269714316785336 -0.0331934352874756
11800 7840 -5778 0.0336751633422594 0.00344740327835083 -0.000610105301022529 -0.0334924421157837
11800 7640 -5778 0.0340659042938 0.0032419461174 -0.000901252765893936 -0.0338987875137329
11800 7440 -5778 0.0345409373988125 0.00295323898935318 -0.00111216514539719 -0.0343978257827759
12000 7440 -5778 0.0343340380157736 0.00201498435688019 -0.0005980272485 -0.0342696420745850
12000 7640 -5778 0.0339713340374843 0.00223023183822632 -0.000471722786188126 -0.0338945766372681
12000 7840 -5778 0.0336672660254311 0.00239102570533752 -0.000284986209392548 -0.0335806903915405
12000 8040 -5778 0.0334405259666505 0.00250038194322586 -5.93543460592628e-05 -0.0333469993362427
12000 8240 -5778 0.0332944297602 0.00256762599706650 0.000189754249542952 -0.0331947336654663
12000 8440 -5778 0.0332444964586697 0.00259350997447968 0.000452731639623642 -0.0331400618133545
12000 8640 -5778 0.0332919427964920 0.00258038822269440 0.000713248035192490 -0.0331840995635986
12000 8840 -5778 0.0334442338818523 0.00252315777063370 0.000963528316259384 -0.0333347344665527
12000 9040 -5778 0.0336699484803312 0.00242777537631989 0.00118233151006699 -0.0335614516677856
12000 9240 -5778 0.0339792273091652 0.0022826335926 0.00135912694549561 -0.0338752158126831
12000 9440 -5778 0.0343433219069839 0.00208669739389420 0.00146901318931580 -0.0342481383514404
12200 9440 -5778 0.0342057622342147 0.00138109680271149 0.00104611756253243 -0.0341617032928467
12200 9240 -5778 0.0339094090731616 0.00150986877393723 0.000984491011381149 -0.0338606895065308
12200 9040 -5778 0.0336516453861928 0.00160682287359238 0.000879823389053345 -0.0336019324645996
12200 8840 -5778 0.0334594802001139 0.00167141647195816 0.000745188440561295 -0.0334093980255127
12200 8640 -5778 0.0333299062594938 0.00170914930295944 0.000589080990195274 -0.0332805894851685
12200 8440 -5778 0.0332893722434904 0.00171729899883270 0.0004269427911 -0.0332421575317383
12200 8240 -5778 0.0333283290735638 0.00169811563634872 0.000262623393476009 -0.0332847605895996
12200 8040 -5778 0.0334496931178 0.00164961659479141 0.000108462157815695 -0.0334090303344727
12200 7840 -5778 0.0336387009008 0.00157318080592155 -2.82841598074883e-05 -0.0336012852401733
12200 7640 -5778 0.0338878897727335 0.00146400061821938 -0.0001379022333 -0.0338564713745117
12200 7440 -5778 0.0341858779480370 0.00131901022005081 -0.000208676513910294 -0.0341600030822754
12400 7440 -5778 0.0340994451318661 0.000765651442766190 0.000104746504232287 -0.0340909718322754
12400 7640 -5778 0.0338380829312850 0.000841672163 0.000132572003334761 -0.0338273538589478
12400 7840 -5778 0.0336146531428405 0.000901631149053573 0.000182454311698675 -0.0336019910354614
12400 8040 -5778 0.0334446844498692 0.000943707964420318 0.000247054315149784 -0.0334303526153564
12400 8240 -5778 0.0333365682226588 0.000971470755338669 0.000320593026995659 -0.0333209954910278
12400 8440 -5778 0.0333005855153796 0.000984268512010574 0.000400427646994591 -0.0332836276397705
12400 8640 -5778 0.0333392823718 0.000982232688188553 0.000480408019781113 -0.0333211816558838
12400 8840 -5778 0.0334567708848270 0.0009644600358 0.000557513591647148 -0.0334381968154907
12400 9040 -5778 0.0336299965838374 0.000932575685262680 0.000623526709318161 -0.0336117675628662
12400 9240 -5778 0.0338625463924636 0.000884017988681793 0.000675929284691811 -0.0338442562332153
12400 9440 -5778 0.0341285579725645 0.000819289551496506 0.000706613512158394 -0.0341118080444336
12600 9440 -5778 0.0341135208753620 0.000327362502753735 0.000406339740455151 -0.0341095676803589
12600 9240 -5778 0.0338500501679630 0.000331318422973156 0.000401684677064419 -0.0338466961517334
12600 9040 -5778 0.0336205057727509 0.000332466701984406 0.000396112583160400 -0.0336165601119995
12600 8840 -5778 0.0334464298707619 0.000330746696174145 0.000388857772886753 -0.0334426826934814
12600 8640 -5778 0.0333286463972312 0.000328662452340126 0.000382225266575813 -0.0333248339157104
12600 8440 -5778 0.0332886622512188 0.0003246540367 0.000377373800873756 -0.0332847146682739
12600 8240 -5778 0.0333215287878 0.000318414795339107 0.000373784911751747 -0.0333178677902222
12600 8040 -5778 0.0334275940675364 0.000310764478147030 0.000371847579896450 -0.0334241751632690
12600 7840 -5778 0.0335936047553 0.000302673988282681 0.000372045735359192 -0.0335898928146362
12600 7640 -5778 0.0338131421193949 0.000292464261174202 0.000375843363046646 -0.0338097883224487
12600 7440 -5778 0.0340730970195945 0.000280175313770771 0.000382407654583454 -0.0340695677185
12800 7440 -5778 0.0341040331002763 -0.000198714794963598 0.000654923033833504 -0.0340970796661377
12800 7640 -5778 0.0338199423257984 -0.0002510834375 0.000613543469071388 -0.0338135027542114
12800 7840 -5778 0.0335795801052449 -0.000289471336960793 0.000557940176129341 -0.0335738180999756
12800 8040 -5778 0.0334020585438371 -0.000315548965752125 0.000493058204531670 -0.0333968535537720
12800 8240 -5778 0.0332883305182260 -0.000328652889013290 0.000423105377197266 -0.0332840273132324
12800 8440 -5778 0.0332545064919253 -0.000329943824887276 0.000350552704930306 -0.0332503531951904
12800 8640 -5778 0.0332973923166456 -0.000318768974959850 0.0002820456019 -0.0332945296249390
12800 8840 -5778 0.0334272242264970 -0.000296118699193001 0.000218850228786468 -0.0334243160400391
12800 9040 -5778 0.0336133930811457 -0.000261707800865173 0.000167250085055828 -0.0336119581527710
12800 9240 -5778 0.0338665023007285 -0.000214203966975212 0.000129356165379286 -0.0338655189590454
12800 9440 -5778 0.0341561612462707 -0.000155357383310795 0.000110817685246468 -0.0341554040679932
13000 9440 -5778 0.0342525242265904 -0.000689339088678360 -0.000216988010466099 -0.0342443665084839
13000 9240 -5778 0.0339047191305589 -0.000811381244659424 -0.000169491496294737 -0.0338941583709717
13000 9040 -5778 0.0336059751451926 -0.000908410272359848 -8.16540531516075e-05 -0.0335937143783569
13000 8840 -5778 0.0333819789932152 -0.000977824594736099 3.44695710018277e-05 -0.0333672466583252
13000 8640 -5778 0.0332300514289636 -0.00102074872422218 0.000172472311556339 -0.0332139604415894
13000 8440 -5778 0.0331781680420277 -0.00103853611087799 0.000321256448030472 -0.0331602694396973
13000 8240 -5778 0.0332175637942 -0.0010313369317 0.000475723286628723 -0.0331981411514282
13000 8040 -5778 0.0333512826565224 -0.0009981648488 0.0006229159311 -0.0333305220108
13000 7840 -5778 0.0335602074048789 -0.0009377726531 0.000758998838543892 -0.0335382726135254
13000 7640 -5778 0.0338467408410421 -0.000848687038421631 0.000874007670879364 -0.0338250073471
13000 7440 -5778 0.03418955524 -0.000729923137545586 0.000956118577718735 -0.0341689540786743
13200 7440 -5778 0.0343133862058498 -0.00138498884844780 0.00132239686584473 -0.0342599366378784
13200 7640 -5778 0.0338739688098154 -0.00157610279536247 0.00118613923215866 -0.0338166942291260
13200 7840 -5778 0.0335121200200453 -0.00171705451107025 0.000997337741851807 -0.0334536101608276
13200 8040 -5778 0.0332491619833390 -0.00181145070886612 0.000775341216921807 -0.0331909622344971
13200 8240 -5778 0.0330869147512206 -0.00186294559144974 0.000535945928573609 -0.0330300206985474
13200 8440 -5778 0.0330376671935529 -0.00187600524759293 0.000287052873313427 -0.0329831117172241
13200 8640 -5778 0.0331007911760941 -0.00185205038547516 4.38721908256412e-05 -0.0330485142898560
13200 8840 -5778 0.0332876700389470 -0.00178842702865601 -0.000183780842453241 -0.0332387048416138
13200 9040 -5778 0.0335664651707152 -0.00168667134809494 -0.000379446865260601 -0.0335217575759888
13200 9240 -5778 0.0339456082522831 -0.00153824441361427 -0.000530813847422600 -0.0339065828475952
13200 9440 -5778 0.0343958694237779 -0.00134557772159576 -0.0006186686474 -0.0343638757171631
13400 9440 -5778 0.0345605291384399 -0.00221346001338959 -0.00114672976994514 -0.0344694659347534
13400 9240 -5778 0.0339579560395187 -0.00247676467037201 -0.000995665070772171 -0.0338530626144409
13400 9040 -5778 0.0334597431829408 -0.00267306821346283 -0.000755505339264870 -0.0333449504699707
13400 8840 -5778 0.0330987933183646 -0.00280738960742950 -0.000457375192880630 -0.0329763474426270
13400 8640 -5778 0.0328607871108134 -0.0028879148364 -0.000116403052121401 -0.0327333528747559
13400 8440 -5778 0.0327760073570823 -0.00291817692279816 0.000242023154318333 -0.0326447038803101
13400 8240 -5778 0.0328367139097992 -0.00290235555171966 0.000608908112168312 -0.0327024900131226
13400 8040 -5778 0.0330451725464109 -0.00283599504137039 0.000962443961858750 -0.0329095586776733
13400 7840 -5778 0.0333858688507722 -0.00271164725494385 0.00129463192343712 -0.0332494632110596
13400 7640 -5778 0.0338583050232 -0.00252303758525848 0.00158235555696487 -0.0337270700073242
13400 7440 -5778 0.0344575552161 -0.00225784047603607 0.00180025325345993 -0.0343376694717407
13600 7440 -5778 0.0345482586960106 -0.00348443975353241 0.00245256284761429 -0.0342838342590332
13600 7640 -5778 0.0337241229588256 -0.00381322988033295 0.00210715610933304 -0.0334418330154419
13600 7840 -5778 0.0330892554460154 -0.00403348025321960 0.00167781269788742 -0.0327999793701172
13600 8040 -5778 0.0326505259198 -0.00417188261127472 0.0012004856956 -0.0323610760803223
13600 8240 -5778 0.0323861615365118 -0.00424155068492889 0.0007007519313 -0.0320995506057739
13600 8440 -5778 0.0323088341229901 -0.00425697721385956 0.000186746773451567 -0.0320265327148437
13600 8640 -5778 0.0324126238308642 -0.00422141494274139 -0.000317409264445305 -0.0321345548782349
13600 8840 -5778 0.0327172088057191 -0.00413434024906158 -0.000805356128692627 -0.0324443375167847
13600 9040 -5778 0.0331802424236 -0.0039837121315 -0.00124455116057396 -0.0329167072677612
13600 9240 -5778 0.0338498934442236 -0.00375249841213226 -0.00161794388055801 -0.0336015737457275
13600 9440 -5778 0.0346845274104412 -0.00342645302295685 -0.00187739485883713 -0.0344621464309692
13800 9440 -5778 0.0346103165467641 -0.00517717971992493 -0.00291739205789566 -0.0340966771469116
13800 9240 -5778 0.0334676896620214 -0.00551280031204224 -0.0024652796607 -0.0329183486862183
13800 9040 -5778 0.0325918986890479 -0.00572919236469269 -0.00188892961788178 -0.0320269479446411
13800 8840 -5778 0.0319942732590652 -0.00586438792419434 -0.00125378080368042 -0.0314273845062256
13800 8640 -5778 0.0316150537909606 -0.00593567446517944 -0.0005744667561 -0.0310476206207275
13800 8440 -5778 0.0314833384171468 -0.00596913808059692 0.000113113520324230 -0.0309119475402832
13800 8240 -5778 0.0315762584582952 -0.00596579165267944 0.000811684777855873 -0.0309966611709595
13800 8040 -5778 0.0319043909403228 -0.00591993099117279 0.0014970929594 -0.0313145859146118
13800 7840 -5778 0.0324639158833249 -0.00580780919361115 0.00216996628618240 -0.0318668463821411
13800 7640 -5778 0.0332918049074996 -0.00560663915157318 0.00280307845735550 -0.0326966796569824
13800 7440 -5778 0.0344248926795356 -0.00527027465152741 0.00335642489242554 -0.0338518582153320
14000 7440 -5778 0.0337404513219453 -0.00787638741493225 0.00458699152374268 -0.0324863327484131
14000 7640 -5778 0.0322798372390895 -0.00805804173278809 0.00369920565891266 -0.0310382301864624
14000 7840 -5778 0.0312638261428819 -0.00811467234992981 0.00277522747612000 -0.0300645484237671
14000 8040 -5778 0.0306087892154325 -0.00812232611656189 0.00185357520246506 -0.0294530070190430
14000 8240 -5778 0.0302310189607758 -0.00809613874435425 0.000941083938598633 -0.0291115181503296
14000 8440 -5778 0.0301256608523870 -0.00807035485458374 2.76415857132524e-05 -0.0290244771575928
14000 8640 -5778 0.0302747293366954 -0.00804895594406128 -0.000878437127590180 -0.0291723811416626
14000 8840 -5778 0.0307151191866930 -0.00803791029167175 -0.00179782024049759 -0.0295908251419
14000 9040 -5778 0.0314221605852168 -0.0079926418209 -0.0026994259262 -0.0302672728042602
14000 9240 -5778 0.0325017301715707 -0.00790117079734802 -0.00358541838741302 -0.0313221764755249
14000 9440 -5778 0.0339998804154831 -0.00769910280418396 -0.00438734988307953 -0.0328237786636353
14200 9440 -5778 0.0322818632775896 -0.0111231925182343 -0.00633100810241699 -0.0296378040466309
14200 9240 -5778 0.0305895210062 -0.0108715403041840 -0.00495022746276855 -0.0281581913299561
14200 9040 -5778 0.0294166046061337 -0.0106408494338989 -0.00363379615306854 -0.0271820228805542
14200 8840 -5778 0.0286682397320549 -0.0104870987758636 -0.00240570834541321 -0.0265725666046143
14200 8640 -5778 0.0282156870217 -0.0103812882900238 -0.00121932680177689 -0.0262087527618408
14200 8440 -5778 0.0280588068949299 -0.0103732214870453 -7.66023235097528e-05 -0.0260707413635254
14200 8240 -5778 0.0281600170390167 -0.0104466965484619 0.00106755978679657 -0.0261291144790649
14200 8040 -5778 0.0285452048673380 -0.0106095541000366 0.002224116117 -0.0264062173767
14200 7840 -5778 0.0292274361946483 -0.0108318870944977 0.00343247446441650 -0.0269282633590698
14200 7640 -5778 0.0303041438500575 -0.0111295747299194 0.00471807198524475 -0.0277874573669434
14200 7440 -5778 0.0319340815626 -0.0114679733486176 0.00611124540805817 -0.0291736782836914
14400 7440 -5778 0.0288427249172 -0.0151957389526367 0.00750824421501159 -0.0233371232681274
14400 7640 -5778 0.0273536025909 -0.0140187977371216 0.00560094106674194 -0.0228110471458435
14400 7840 -5778 0.0263821160149480 -0.0132434336547852 0.00397207376575470 -0.0224688704757690
14400 8040 -5778 0.025777530842 -0.0127551779670715 0.00251763196992874 -0.022258863945
14400 8240 -5778 0.0254391130031581 -0.0124435923004150 0.00115969623517990 -0.0221577269706726
14400 8440 -5778 0.0253493761830636 -0.0123187046566 -0.000170865864485502 -0.0221543362617493
14400 8640 -5778 0.0254866851185724 -0.0123569079456329 -0.00150346081137657 -0.0222399988746643
14400 8840 -5778 0.0258888045818537 -0.0125981541099548 -0.00292025019359589 -0.0224269480667114
14400 9040 -5778 0.0265524662948979 -0.0129887533607483 -0.00444059495449066 -0.0227286846733
14400 9240 -5778 0.0276134874967862 -0.0136508427848816 -0.00619501341152191 -0.0231907537193298
14400 9440 -5778 0.0291886634765852 -0.0146398426132202 -0.00827627234649658 -0.0238569989700317
14600 9440 -5778 0.025150578315 -0.0160465696144104 -0.00909548762512207 -0.0170980171165466
14600 9240 -5778 0.0239286721194959 -0.0148242993545532 -0.00676235545921326 -0.0175228917541504
14600 9040 -5778 0.0231125741123331 -0.0140179361457825 -0.00484026721477509 -0.0177272894172668
14600 8840 -5778 0.0225966179149537 -0.0135360156745911 -0.00319037562656403 -0.0178100814666748
14600 8640 -5778 0.0222875488294700 -0.0132477929534912 -0.00167140581321716 -0.0178445440483
14600 8440 -5778 0.0221787779109860 -0.0131926568145752 -0.000250837131738663 -0.0178267625617981
14600 8240 -5778 0.0222414872170430 -0.0133288092346191 0.0011674049561 -0.0177670848388672
14600 8040 -5778 0.0224925880306 -0.0136850669593811 0.00261160255241394 -0.0176582839126587
14600 7840 -5778 0.0229503011418771 -0.0142624937248230 0.00416474557209015 -0.0174912071876526
14600 7640 -5778 0.0236808037178 -0.0151684177207947 0.00591727725028992 -0.0171959609870911
14600 7440 -5778 0.0248261979022781 -0.0165869064979553 0.00800311934852600 -0.0166494584121704
14800 7440 -5778 0.0202973684596971 -0.0150232163658142 0.00741919205856323 -0.0114549746341705
14800 7640 -5778 0.0197029081808670 -0.0141892212944 0.00559877455139160 -0.0124704999294281
14800 7840 -5778 0.0192899985595268 -0.0135712309112549 0.00397599794769287 -0.0131190510215759
14800 8040 -5778 0.0190248441931 -0.0131548463745117 0.00249300260782242 -0.0135155314140320
14800 8240 -5778 0.0188802106563545 -0.0128837739143372 0.00109805512905121 -0.0137576325950623
14800 8440 -5778 0.0188506552572384 -0.0127784635467529 -0.000277505422234535 -0.0138555233345
14800 8640 -5778 0.0189265171297579 -0.0128174396286 -0.00166081889295578 -0.0138262963256836
14800 8840 -5778 0.0191230698204300 -0.0130364246368408 -0.00312480998516083 -0.0136383078498840
14800 9040 -5778 0.0194440540543310 -0.0133826773300171 -0.00467683520507813 -0.0133079943046570
14800 9240 -5778 0.019938519382 -0.0139389121398926 -0.00643782685279846 -0.0127209042129517
14800 9440 -5778 0.0206339343638965 -0.0146896869659424 -0.00843371797752381 -0.0117849854049683
15000 9440 -5778 0.0164691635696502 -0.0123206583557129 -0.00715765821456909 -0.00825848988914490
15000 9240 -5778 0.0162024873430275 -0.0120565326728821 -0.00564876978874207 -0.00923321490097046
15000 9040 -5778 0.0159816992134210 -0.0118139100551605 -0.00420194645595551 -0.00990897824668884
15000 8840 -5778 0.0158226976030716 -0.0116452797336578 -0.00284777638149261 -0.0103261027355194
15000 8640 -5778 0.0157204600292795 -0.0115316490859985 -0.00154010006809235 -0.0105726291294
15000 8440 -5778 0.0156716641112695 -0.0115132209720612 -0.000283943153321743 -0.0106285547065735
15000 8240 -5778 0.0156712184220924 -0.0115748392868 0.000970082736015320 -0.0105198802394867
15000 8040 -5778 0.0157211975723426 -0.01172334375 0.00222940469121933 -0.0102343905544281
15000 7840 -5778 0.0158234840644369 -0.0119362488574982 0.00353597500896454 -0.00976836657905579
15000 7640 -5778 0.0159723149064266 -0.0122078088893890 0.00490432966136933 -0.00905710508537292
15000 7440 -5778 0.0161600890471620 -0.0125068759632111 0.00635167525672913 -0.00802266504669190
15200 7440 -5778 0.0128359540123812 -0.0101834399909973 0.0052741288309 -0.00576585676956177
15200 7640 -5778 0.0128436881234347 -0.0101663988456726 0.00415332788658142 -0.00665997043991089
15200 7840 -5778 0.0128404925065621 -0.0101071982536316 0.00302889772701263 -0.0073172790451
15200 8040 -5778 0.0128351402365466 -0.0100416801815 0.0019222780919 -0.00775949791526794
15200 8240 -5778 0.0128440276502 -0.0099828790245 0.000833458178520203 -0.00803864842033386
15200 8440 -5778 0.0128617076325735 -0.00995352179145813 -0.000260396721720696 -0.00814150761795044
15200 8640 -5778 0.0128916815804430 -0.00995219716262817 -0.00135405545115471 -0.00808187009429932
15200 8840 -5778 0.0129313752629771 -0.00998711456298828 -0.00247565759468079 -0.00783269631767273
15200 9040 -5778 0.0129873599220637 -0.0100258648509979 -0.00360264078712463 -0.00742805028724670
15200 9240 -5778 0.0130483797184738 -0.0100697385082245 -0.00476183450412750 -0.00679730590248108
15200 9440 -5778 0.0130983527329437 -0.0100733921108246 -0.00590075603866577 -0.00593925027847290
15400 9440 -5778 0.0104675485360223 -0.00821385360527039 -0.0048373124361 -0.00432443422508240
15400 9240 -5778 0.0105015387098818 -0.00831682584953308 -0.00396469476604462 -0.00503934134674072
15400 9040 -5778 0.0105125250502 -0.00836903543663025 -0.0030426348381 -0.0055878278675
15400 8840 -5778 0.0105083632835408 -0.00839637933158875 -0.00211071944284439 -0.00595554450893402
15400 8640 -5778 0.0105014545015857 -0.00840635803794861 -0.00116804132509232 -0.00618460755825043
15400 8440 -5778 0.0104825270951811 -0.00841665151596069 -0.0002377587741 -0.00624406257247925
15400 8240 -5778 0.0104566976019973 -0.00842585808944702 0.000695529380083084 -0.00615330666637421
15400 8040 -5778 0.0104211058020309 -0.0084334660511 0.00161778387522697 -0.00590413940525055
15400 7840 -5778 0.0103805824809219 -0.00842369055366516 0.00254163660287857 -0.00550833072471619
15400 7640 -5778 0.0103258983819901 -0.00838297885513306 0.00345274060153961 -0.00494251203823089
15400 7440 -5778 0.0102515264165898 -0.00828790894317627 0.00433552094459534 -0.00419611832237244
15600 7440 -5778 0.00822663125379530 -0.00677694121742249 0.00355823758888245 -0.00301553747415543
15600 7640 -5778 0.00830589673567565 -0.00689389809608459 0.00285557663106918 -0.00364862206268310
15600 7840 -5778 0.00837692585524930 -0.0069687709465 0.00211056593132019 -0.00414181478691101
15600 8040 -5778 0.00843168796351217 -0.00701044869804382 0.00134685221982002 -0.00448670907402039
15600 8240 -5778 0.00847753968339927 -0.0070268574562 0.000576611544966698 -0.00470730012607574
15600 8440 -5778 0.00850614150855533 -0.00702841615104675 -0.0002046614598 -0.00478673569965363
15600 8640 -5778 0.00851791551238831 -0.00701284455299378 -0.000983927557229996 -0.00473374859142304
15600 8840 -5778 0.00850861058727518 -0.00698343271827698 -0.00176783003807068 -0.00452799294471741
15600 9040 -5778 0.00849023651457910 -0.00692857670593262 -0.00252917573595047 -0.00420483050823212
15600 9240 -5778 0.00845383957086763 -0.00684570701217651 -0.0032751642847 -0.00372594318103790
15600 9440 -5778 0.0084031437654 -0.0067202280178 -0.00396978968524933 -0.00311406038951874
15800 9440 -5778 0.00671276622757600 -0.00546647349548340 -0.00323540762329102 -0.00217049198579788
15800 9240 -5778 0.00676611364874490 -0.00558349687957764 -0.00268413374662399 -0.00272042344093323
15800 9040 -5778 0.00681542172222353 -0.00567379369735718 -0.00208673561 -0.00314691241407394
15800 8840 -5778 0.00684782645575395 -0.00573763279533386 -0.00146569424486160 -0.00343846131134033
15800 8640 -5778 0.00686675585042460 -0.00577552317142487 -0.000822943904399872 -0.00362202824783325
15800 8440 -5778 0.0068616130727 -0.00579253588962555 -0.000177465142995119 -0.00367371327781677
15800 8240 -5778 0.006832527132 -0.00578518693351746 0.000470923996210098 -0.00360474523448944
15800 8040 -5778 0.00678331634247173 -0.0057572843151 0.00110686262965202 -0.00341259508132934
15800 7840 -5778 0.00672000071552804 -0.00570303409099579 0.00172935283517838 -0.00310552539968491
15800 7640 -5778 0.0066445735196 -0.00562040744972229 0.00233032148838043 -0.00267038931941986
15800 7440 -5778 0.00656912913907490 -0.00551036764335632 0.002893408504 -0.00210135247135162
16000 7440 -5778 0.0051397547437 -0.00434700594043732 0.00230344474935532 -0.00148844691514969
16000 7640 -5778 0.00524642403461179 -0.00448170984649658 0.00187217398023605 -0.00198364806652069
16000 7840 -5778 0.00534113173082851 -0.0045829901247 0.00139811164522171 -0.00235990964031219
16000 8040 -5778 0.00541349242262189 -0.00465074488067627 0.0008965105741 -0.00262200679254532
16000 8240 -5778 0.00546889987568619 -0.00468902826595306 0.000381407039999962 -0.00278854007387161
16000 8440 -5778 0.00549705935375492 -0.004699980093 -0.000148134457647800 -0.00284710795068741
16000 8640 -5778 0.00549947930307418 -0.00468315781402588 -0.000672304535150528 -0.00280355971813202
16000 8840 -5778 0.0054695585617 -0.0046380036211 -0.0011926374247 -0.00264246272325516
16000 9040 -5778 0.00542077903961646 -0.00456388313961029 -0.00168636570501328 -0.00238994128513336
16000 9240 -5778 0.00534644917956723 -0.00445875545883179 -0.00215346783113480 -0.0020163143301
16000 9440 -5778 0.00525697444895124 -0.0043222781744 -0.00257087875366211 -0.00153082887506485
16200 9440 -5778 0.00403519818287796 -0.00330539627742767 -0.0019820696516 -0.00119523207807541
16200 9240 -5778 0.0041718107526 -0.00347176352691650 -0.00169212684154511 -0.00157719958829880
16200 9040 -5778 0.00427294112319580 -0.00359524459075928 -0.00134311359906197 -0.00187830480575562
16200 8840 -5778 0.00433733571304079 -0.00367927775192261 -0.000958162521123886 -0.00208746878862381
16200 8640 -5778 0.00437587585309815 -0.00373072913837433 -0.000545202712535858 -0.00222121069335937
16200 8440 -5778 0.00437808743222021 -0.00374794046974182 -0.000123969649493694 -0.00225943433952332
16200 8240 -5778 0.00435057285951461 -0.00373363791179657 0.000301776008188725 -0.00221250420331955
16200 8040 -5778 0.00429225528397429 -0.00368777475547791 0.000714762071967125 -0.00207674557924271
16200 7840 -5778 0.00420795341315755 -0.00360687512588501 0.00110909055113792 -0.00186212491846085
16200 7640 -5778 0.0040922458722 -0.00348454545974731 0.00147310762047768 -0.00156020587515831
16200 7440 -5778 0.0039432264036 -0.00331305962753296 0.00178873666667938 -0.00117110030364990
16400 7440 -5778 0.00306333433037729 -0.00253321123695374 0.00138897374296188 -0.00101863142991066
16400 7640 -5778 0.00321685513384337 -0.00270198246669769 0.00115718668222427 -0.00130790815663338
16400 7840 -5778 0.00333497773355174 -0.00282504086208343 0.000877965449094772 -0.0015397530601
16400 8040 -5778 0.00341910625728685 -0.00290746202182770 0.000567375128269196 -0.00170734813499451
16400 8240 -5778 0.00347606948719971 -0.00295532431077957 0.000240158844769001 -0.00181426154613495
16400 8440 -5778 0.00350158127421484 -0.00297035129547119 -9.93847629874944e-05 -0.00185169693279266
16400 8640 -5778 0.003496949188 -0.00295334174585342 -0.000434800936698914 -0.00182141095399857
16400 8840 -5778 0.00345604416141971 -0.00290215639829636 -0.000760345650911331 -0.001715693439
16400 9040 -5778 0.00338817952872758 -0.00281885375261307 -0.00105827738976479 -0.00155386134052277
16400 9240 -5778 0.00328025500801394 -0.00269612960481644 -0.00132133579397202 -0.00132037283563614
16400 9440 -5778 0.0031322204292 -0.00253122418785095 -0.00152720113825798 -0.00103549257922173
16600 9440 -5778 0.00249014707494896 -0.00197203747701645 -0.0011943314433 -0.0009407498672
16600 9240 -5778 0.00262090230745468 -0.0021114841094 -0.00104143047404289 -0.00115126666903496
16600 9040 -5778 0.00271928793347932 -0.00221951107835770 -0.000840240870714188 -0.00132751373529434
16600 8840 -5778 0.00278279871265705 -0.00229420063877106 -0.000607204169154167 -0.00145322567749023
16600 8640 -5778 0.00282041675215391 -0.002340154006 -0.000349024783670902 -0.00153531117582321
16600 8440 -5778 0.00282649515822586 -0.0023555730443 -8.19527702331543e-05 -0.00155995941281319
16600 8240 -5778 0.0028040344904 -0.00234144352197647 0.0001897281692 -0.00153093580722809
16600 8040 -5778 0.00275358445937695 -0.00229809241151810 0.000449769656181336 -0.00144869109869003
16600 7840 -5778 0.00267835053831506 -0.00222476990652084 0.000695099992990494 -0.00131938648724556
16600 7640 -5778 0.00257381048646742 -0.00211718728256226 0.000912308974981308 -0.00114443402814865
16600 7440 -5778 0.00243928400353073 -0.00197481183195114 0.00108906482172012 -0.000930009816646576
16800 7440 -5778 0.00198895894929668 -0.00156956808328629 0.000867867070198059 -0.000859589299678803
16800 7640 -5778 0.00209859027484466 -0.00168259573793411 0.000728355773568153 -0.00102100469708443
16800 7840 -5778 0.00218676540264429 -0.00177125420761108 0.000555747501254082 -0.00115581487083435
16800 8040 -5778 0.0022496007317 -0.00183231532859802 0.000360118015766144 -0.00125458878231049
16800 8240 -5778 0.00229224975086192 -0.0018688447051 0.000151925514221191 -0.00131872512197495
16800 8440 -5778 0.00231083166461334 -0.00188079949188232 -6.5235465452075e-05 -0.00134099984622002
16800 8640 -5778 0.00230548917326110 -0.00186797442531586 -0.000279034315645695 -0.00132244157004356
16800 8840 -5778 0.00227265213173932 -0.00182884770679474 -0.000485351146221161 -0.00125890961265564
16800 9040 -5778 0.00221822582426069 -0.0017665410819 -0.000670055866718292 -0.00116188147377968
16800 9240 -5778 0.00213553524395566 -0.00167813420915604 -0.000829572688579559 -0.00102770886373520
16800 9440 -5778 0.00202709474869240 -0.00156554604935646 -0.000950967858076095 -0.000868259628772736
17000 9440 -5778 0.00168007027855697 -0.00126032313179970 -0.000768154362082481 -0.000802606511592865
17000 9240 -5778 0.00176744827948047 -0.0013486070137 -0.000670100508928299 -0.000925287338972092
17000 9040 -5778 0.00183520616616253 -0.00141952829313278 -0.000542113964915275 -0.00102882818794250
17000 8840 -5778 0.00188022766995337 -0.00146988624453545 -0.000392915602982044 -0.00110467544913292
17000 8640 -5778 0.00190732030481338 -0.00150161270976067 -0.0002269497298 -0.0011539903357
17000 8440 -5778 0.00191293201753546 -0.00151279259896278 -5.39261433109641e-05 -0.00116951091527939
17000 8240 -5778 0.00189768961298266 -0.0015030859816 0.000121577992618084 -0.00115206886982918
17000 8040 -5778 0.00186220967073215 -0.00147276582813263 0.000289996049284935 -0.00110202860116959
17000 7840 -5778 0.0018109528806 -0.00142407782959938 0.000446986020684242 -0.00102555164098740
17000 7640 -5778 0.00174027672332849 -0.00135440891337395 0.000586775161623955 -0.000921839765310288
17000 7440 -5778 0.00165122947191394 -0.00126535234045982 0.0007002105118 -0.000796979920148849
17200 7440 -5778 0.00139061116914196 -0.00103170798897743 0.000571948015332222 -0.000736343114733696
17200 7640 -5778 0.00146123587041498 -0.0011005672512 0.000478330018758774 -0.000833969713449478
17200 7840 -5778 0.00151838062985194 -0.001155568089 0.000364559924781323 -0.000915007207632065
17200 8040 -5778 0.00156046135553382 -0.00119483665609360 0.000235801352262497 -0.0009757567141
17200 8240 -5778 0.00158894871983868 -0.00121884414339066 9.89598499387503e-05 -0.00101450346183777
17200 8440 -5778 0.00160088290134395 -0.00122619419288635 -4.37249856293202e-05 -0.00102821231675148
17200 8640 -5778 0.00159722264825878 -0.00121776697158813 -0.000184303492397070 -0.0010170964508
17200 8840 -5778 0.00157437710201893 -0.0011921559062 -0.0003192231968 -0.0009775091331
17200 9040 -5778 0.00153766583499943 -0.00115172673487663 -0.000440649961948395 -0.000918816701889038
17200 9240 -5778 0.00148355081546854 -0.00109627529788017 -0.000546060326337814 -0.000837410371065140
17200 9440 -5778 0.00141373401273482 -0.00102702583193779 -0.000628434405684471 -0.000740915274262428
17400 9440 -5778 0.0012028492183 -0.000844016637563705 -0.000518747922539711 -0.0006821896733
17400 9240 -5778 0.00125796832379245 -0.000897603488683701 -0.000449896027684212 -0.000757973408818245
17400 9040 -5778 0.00130157588568377 -0.000941450959444046 -0.000362900864 -0.000822289947986603
17400 8840 -5778 0.00133114983572359 -0.000973309003353119 -0.0002628139587 -0.000869330495595932
17400 8640 -5778 0.00134957445847307 -0.000993716187953949 -0.000151825156092644 -0.000900512170553208
17400 8440 -5778 0.00135332142971456 -0.00100083314085007 -3.65477081760764e-05 -0.000910206669569016
17400 8240 -5778 0.00134319422555639 -0.000994650242090225 8.04223598688841e-05 -0.000899096139192581
17400 8040 -5778 0.00132055491323016 -0.000975952241182327 0.000192657355993986 -0.0008686466248
17400 7840 -5778 0.00128677946255137 -0.000945205837488174 0.000298234235525131 -0.000820652046442032
17400 7640 -5778 0.00124140673661899 -0.000902711391210556 0.000392184582948685 -0.000756581782937050
17400 7440 -5778 0.00118433221115401 -0.000848523394584656 0.000471058445453644 -0.000679036458134651
17600 7440 -5778 0.0010174110604 -0.000702316817283630 0.000391027707219124 -0.000623677549839020
17600 7640 -5778 0.00106290540275526 -0.000744016953229904 0.000325142153859139 -0.0006860613873
17600 7840 -5778 0.00110008707618643 -0.000778080738186836 0.000246511774897575 -0.000737592121362686
17600 8040 -5778 0.00112729393345755 -0.000802415740132332 0.0001592015523 -0.000775653470516205
17600 8240 -5778 0.00114593011717576 -0.000817059244155884 6.62902719527483e-05 -0.0008007344284
17600 8440 -5778 0.00115339824281926 -0.0008215556569 -3.00486568473279e-05 -0.0008088475511
17600 8640 -5778 0.00115100510348763 -0.000816291494369507 -0.0001250794847 -0.000801888504981995
17600 8840 -5778 0.00113598442244285 -0.000800137066841126 -0.000216451319098473 -0.000776819704055786
17600 9040 -5778 0.00111196882356523 -0.000774679395914078 -0.000299482614040375 -0.000739362334728241
17600 9240 -5778 0.00107659135225429 -0.0007400374633 -0.000372502053081989 -0.000687485063910484
17600 9440 -5778 0.00103204441577092 -0.000697712322473526 -0.000431611295342445 -0.000626419973015785
17800 9440 -5778 0.000892021538847696 -0.000579301326274872 -0.000361542538464069 -0.000574064981818199
17800 9240 -5778 0.000927977751784759 -0.000612811678290367 -0.000311253254950047 -0.000623733661770821
17800 9040 -5778 0.000956387532030710 -0.0006400086081 -0.000249861711740494 -0.000665258051395416
17800 8840 -5778 0.000976200527756692 -0.000660271636366844 -0.000180482807785273 -0.0006959338479
17800 8640 -5778 0.000988213283790314 -0.0006729880166 -0.000104242586612701 -0.000716033651232720
17800 8440 -5778 0.000990647820986647 -0.000677677680492401 -2.52442386224866e-05 -0.000722131109118461
17800 8240 -5778 0.000984615123036962 -0.000674056849122048 5.48626509830356e-05 -0.000715444412589073
17800 8040 -5778 0.000969547628860581 -0.000662465871930122 0.000132038801491261 -0.0006953516674
17800 7840 -5778 0.000947603983842674 -0.000643484216332436 0.000204921339362860 -0.000664747033238411
17800 7640 -5778 0.000917714104570651 -0.000616833813667297 0.000270746722579002 -0.000623078662037849
17800 7440 -5778 0.000880772424854935 -0.000583973838329315 0.000326791632115841 -0.000572602965593338
18000 7440 -5778 0.000766922612739874 -0.000487073503971100 0.000274872806310654 -0.000524742833733559
18000 7640 -5778 0.000796765303083102 -0.000512866199493408 0.000227192462325096 -0.000565833674430847
18000 7840 -5778 0.000821429394874065 -0.000534077516436577 0.000171597376435995 -0.000600051495790481
18000 8040 -5778 0.000838969570454698 -0.000548951427936554 0.000110393442064524 -0.000624707581996918
18000 8240 -5778 0.000851534725680547 -0.000558584967255593 4.59044847786426e-05 -0.000641006391167641
18000 8440 -5778 0.000856290373067005 -0.000561228658437729 -2.10719265192747e-05 -0.000646444106340408
18000 8640 -5778 0.000854623386510723 -0.000557605124592781 -8.68332937210798e-05 -0.000641794045448303
18000 8840 -5778 0.0008448866014 -0.000547668467760086 -0.000151084866881371 -0.000625395609498024
18000 9040 -5778 0.0008288649673 -0.0005314303162 -0.000209123131036758 -0.000600609005212784
18000 9240 -5778 0.000805507920120954 -0.000509668596625328 -0.000261104556024075 -0.000566743245720863
18000 9440 -5778 0.000776282404 -0.000483240741610527 -0.000304323979198933 -0.0005257898904
18200 9440 -5778 0.000679496503374938 -0.000404312560498715 -0.000257850969791412 -0.000481408079624176
18200 9240 -5778 0.000702975945619217 -0.000424989559650421 -0.000220633436620235 -0.000514444709420204
18200 9040 -5778 0.000722014603835098 -0.000442414492964745 -0.000176576972186565 -0.000542581862449646
18200 8840 -5778 0.000735296175399749 -0.0004554028728 -0.000127123622715473 -0.000563039967417717
18200 8640 -5778 0.000743570146134492 -0.000463565180778503 -7.35105551481247e-05 -0.000576766865730286
18200 8440 -5778 0.000745152015031726 -0.0004663931415 -1.80713790282607e-05 -0.000581059731125832
18200 8240 -5778 0.000740664411213899 -0.000464074405431747 3.82607563957572e-05 -0.000576035220623016
18200 8040 -5778 0.0007310453638 -0.0004569620763 9.24650114029646e-05 -0.000563083658456802
18200 7840 -5778 0.000716154296530831 -0.000444693585753441 0.000143962170422077 -0.000542562720775604
18200 7640 -5778 0.000696925835643888 -0.000428548774242401 0.000191194086432457 -0.000515419982552528
18200 7440 -5778 0.000672282300178850 -0.000407742694735527 0.000232260741353035 -0.000481162053465843
18400 7440 -5778 0.000591831289896804 -0.000341624647974968 0.000197510303199291 -0.000441204208970070
18400 7640 -5778 0.000611954450139721 -0.000358282182455063 0.000162044068127871 -0.000468896413683891
18400 7840 -5778 0.000628677316844959 -0.000371761447787285 0.000121836901992559 -0.000492184370279312
18400 8040 -5778 0.000640400532385609 -0.000381046176254749 7.80269146561623e-05 -0.000508651406645775
18400 8240 -5778 0.000648571554030622 -0.000386930092215538 3.2222016736865e-05 -0.000519517115116119
18400 8440 -5778 0.000652359750928113 -0.000389041452586651 -1.49627550486475e-05 -0.0005234463762
18400 8640 -5778 0.000650418433658610 -0.000386275872230530 -6.17939260005951e-05 -0.0005198642081
18400 8840 -5778 0.000643483096593161 -0.000379549843847752 -0.000107225534737110 -0.000508383937716484
18400 9040 -5778 0.000633409284714916 -0.000369717551648617 -0.000149169237613678 -0.000492175171136856
18400 9240 -5778 0.0006176794414 -0.000355791073799133 -0.000187037321925163 -0.000468908350229263
18400 9440 -5778 0.000598206729816229 -0.000339172378599644 -0.000219527298390865 -0.000441158876657486
18600 9440 -5778 0.000528559264243860 -0.000284328158676624 -0.000187288720965385 -0.0004039935587
18600 9240 -5778 0.000544577808822938 -0.000297772963821888 -0.000159405057370663 -0.000427125371932983
18600 9040 -5778 0.000557576427192196 -0.0003091330766 -0.000126821762323379 -0.000446247280716896
18600 8840 -5778 0.000566298962729669 -0.000317041835188866 -9.12976208329201e-05 -0.000460293901085854
18600 8640 -5778 0.000572298563011700 -0.0003225851202 -5.27167889252305e-05 -0.000469802756428719
18600 8440 -5778 0.000573196337244104 -0.000324366436898708 -1.29179282905534e-05 -0.0004726315124
18600 8240 -5778 0.000570557825770211 -0.0003229612714 2.73006677776575e-05 -0.000469688769698143
18600 8040 -5778 0.000563430881632422 -0.000318071589887142 6.63052541464567e-05 -0.000460466082930565
18600 7840 -5778 0.000554046917823324 -0.000310661906123161 0.000103638644471765 -0.000447020329236984
18600 7640 -5778 0.000540411286972004 -0.000300074818193913 0.000138005338847637 -0.000427764558196068
18600 7440 -5778 0.000523857407261357 -0.000286716694056988 0.000168515261799097 -0.000404750203251839
18800 7440 -5778 0.000466013413632974 -0.000241061555266380 0.000144679701358080 -0.000371510339915752
18800 7640 -5778 0.0004796958462 -0.000251624115765095 0.000118085854738951 -0.000391007408678532
18800 7840 -5778 0.000491124703340399 -0.000260337831139565 8.85303531289101e-05 -0.0004067869507
18800 8040 -5778 0.000498674439298485 -0.000266057596981525 5.68334377557039e-05 -0.000417922853946686
18800 8240 -5778 0.000504493757878517 -0.000269993342280388 2.34712264686823e-05 -0.000425646844625473
18800 8440 -5778 0.000506714145755955 -0.000271103119254112 -1.07317485809326e-05 -0.000428016045451164
18800 8640 -5778 0.000505892848945016 -0.000269670690834522 -4.46113439723849e-05 -0.000425633304238319
18800 8840 -5778 0.000501184761875729 -0.000265422797620297 -7.76126513332128e-05 -0.000417987057685852
18800 9040 -5778 0.000493877351317649 -0.000258835315644741 -0.000108357972979546 -0.000406488772213459
18800 9240 -5778 0.000482850177654463 -0.000249663490831852 -0.000136307833760977 -0.0003901302638
18800 9440 -5778 0.000469507648049916 -0.000238673069059849 -0.000160916335165501 -0.000370910592734814
19000 9440 -5778 0.000418776222647176 -0.000199959276974201 -0.000138491944581270 -0.000340565435469151
19000 9240 -5778 0.000430189769632382 -0.000209145896852016 -0.000117448920994997 -0.000357109202742577
19000 9040 -5778 0.000438647775550844 -0.000216019294619560 -9.28495734333992e-05 -0.000370269662082195
19000 8840 -5778 0.000445056063554824 -0.000221754603743553 -6.65228605121374e-05 -0.000380157600820065
19000 8640 -5778 0.000449097360095114 -0.0002251611042 -3.82828393578529e-05 -0.000386798401355744
19000 8440 -5778 0.000450104401478088 -0.000226660172522068 -9.46562817320228e-06 -0.000388666920244694
19000 8240 -5778 0.000447860670449620 -0.000225463303923607 2.02644922956824e-05 -0.000386438648521900
19000 8040 -5778 0.000443353137270548 -0.000222357358872891 4.86530126482248e-05 -0.000380462999045849
19000 7840 -5778 0.000436916208157431 -0.000217564508736134 7.57131972461939e-05 -0.000371151742279530
19000 7640 -5778 0.000427478543859500 -0.000210788161754608 0.000101340847924352 -0.000358025113821030
19000 7440 -5778 0.000415993270934210 -0.000201934863030910 0.000124477558732033 -0.000341627901136875
