# amount of points in x direction: 66 (distance of 200 steps)
# amount of points in y direction: 15 (distance of 200 steps)
# abs. coordinates of point 1: P1 (, , ) (offsets not corrected)
# Offsets of the hall probe have already been corrected for all following coordinates.
#
# X (absolute in steps=10um) Y (absolute in steps=10um) Z (absolute in steps=10um) Babs(in T) Bx By Bz
6000 7040 -5178 0.000470605073650528 0.0001887764793 -0.000156430411577225 -0.000402015794873238
6000 7240 -5178 0.000488529239976922 0.000196483604133129 -0.000138762244522572 -0.0004255535655
6000 7440 -5178 0.000505448386596766 0.000202870087862015 -0.0001179099377 -0.000447774570584297
6000 7640 -5178 0.000520062207710034 0.000208146069347858 -9.4276743248105e-05 -0.000467131711363792
6000 7840 -5178 0.000531687253697206 0.000212434775173664 -6.85251372158528e-05 -0.000482551415085793
6000 8040 -5178 0.000540256591059289 0.000216387364387512 -4.03044936954975e-05 -0.000493475795745850
6000 8240 -5178 0.0005460292069 0.000217905262887478 -1.16769871469587e-05 -0.000500357512235641
6000 8440 -5178 0.000547889366645688 0.000218200151860714 1.82582567948848e-05 -0.000502319272041321
6000 8640 -5178 0.000546520784126197 0.000217331498146057 4.74990597069263e-05 -0.000499272020339966
6000 8840 -5178 0.000541295538137781 0.000214570089757442 7.62407778352499e-05 -0.000491068101167679
6000 9040 -5178 0.0005335345968 0.000211148326873779 0.000103140182584524 -0.000478993267774582
6000 9240 -5178 0.000522153146787202 0.000206170806527138 0.000128136053711176 -0.0004622557857
6000 9440 -5178 0.000507736392277143 0.000200453474491835 0.0001509119324 -0.000441407990574837
6000 9640 -5178 0.000490562042394834 0.000193151623278856 0.000170569690912962 -0.000417432088375092
6000 9840 -5178 0.000471754686669691 0.000185754067 0.000187031571477652 -0.000391263652622700
6200 9840 -5178 0.0005226654055 0.000207575496971607 0.000214957522213459 -0.000428729748010636
6200 9640 -5178 0.0005450268398 0.000217037643313408 0.000197158765316010 -0.000459401162624359
6200 9440 -5178 0.000565394795542496 0.000225833260297775 0.000174535056412220 -0.000488011745452881
6200 9240 -5178 0.000582443770313466 0.000233040540039539 0.000148764969468117 -0.000512642015576363
6200 9040 -5178 0.000596311216246283 0.000239259075045586 0.000119445409119129 -0.000532972208738327
6200 8840 -5178 0.000606214387529055 0.000243191423892975 8.77222189158202e-05 -0.000548195980191231
6200 8640 -5178 0.000611636365662040 0.000246351982593536 5.48158230111003e-05 -0.000557218963265419
6200 8440 -5178 0.000613278717564742 0.000246925776183605 2.0827806994319e-05 -0.000560781602382660
6200 8240 -5178 0.000610981698494358 0.000246724751949310 -1.46478699538857e-05 -0.000558630319595337
6200 8040 -5178 0.000604298438528703 0.000244159536480904 -4.8357810690999e-05 -0.000550624619960785
6200 7840 -5178 0.000593656335580391 0.000240154981195927 -8.04731175452471e-05 -0.000536968478441239
6200 7640 -5178 0.000579937302131622 0.000234372201919556 -0.000109849626898766 -0.000519063727498055
6200 7440 -5178 0.000562371264465402 0.000227558363497257 -0.000138337490916252 -0.0004953138051
6200 7240 -5178 0.000542078503442801 0.000219782001435757 -0.000162179256856441 -0.000468078623414040
6200 7040 -5178 0.0005195664879 0.000210847407758236 -0.000182014846473932 -0.000438592409491539
6400 7040 -5178 0.000576504599911657 0.0002368148908 -0.000212622624337673 -0.000480592324972153
6400 7240 -5178 0.000603349718843764 0.000247916776239872 -0.000190513097614050 -0.0005160458759
6400 7440 -5178 0.000627276557053313 0.0002585222215 -0.000163153456598520 -0.000547868917822838
6400 7640 -5178 0.000648746239891850 0.000267052651524544 -0.000131487619042397 -0.000576424818277359
6400 7840 -5178 0.0006660216711 0.000274194556534290 -9.59608684182167e-05 -0.000599382334470749
6400 8040 -5178 0.000679172927 0.000278843369543552 -5.8752133384347e-05 -0.000616585826516152
6400 8240 -5178 0.000687536817922598 0.000281777973473072 -1.91748930253088e-05 -0.000626954533815384
6400 8440 -5178 0.000690720076158785 0.000282950835525990 2.18427218198776e-05 -0.000629726880311966
6400 8640 -5178 0.000688847705863114 0.0002817652738 6.22085682153702e-05 -0.000625611979126930
6400 8840 -5178 0.000682102837777824 0.000278474534690380 0.000101588125512004 -0.000614372989416123
6400 9040 -5178 0.000670450217943447 0.000273217948913574 0.000138403300046921 -0.000596380048394203
6400 9240 -5178 0.000654160683690445 0.000265471341550350 0.000172602850377560 -0.000572489945054054
6400 9440 -5178 0.000633456970621096 0.000256547842442989 0.000202585498958826 -0.000542583390951157
6400 9640 -5178 0.000608914388136273 0.000245784233689308 0.000228095058441162 -0.000508395547628403
6400 9840 -5178 0.000581784439628534 0.000234105998277664 0.000248607916891575 -0.000471146114945412
6600 9840 -5178 0.000650359400996306 0.000266483426153660 0.000288951238572598 -0.000518115217924118
6600 9640 -5178 0.000682491458569963 0.000280896608412266 0.000266339298427105 -0.000562155128479004
6600 9440 -5178 0.000712554419599656 0.000294084135949612 0.000236622708737850 -0.000604239362120628
6600 9240 -5178 0.0007371123192 0.000305015060245991 0.000202067220270634 -0.000639874313592911
6600 9040 -5178 0.000757181679773574 0.000314242070376873 0.000161872385889292 -0.000669740705966950
6600 8840 -5178 0.000771360056379829 0.000320512808859348 0.000118440920770168 -0.000691540498614311
6600 8640 -5178 0.000779555771579236 0.000324978897511959 7.25384695082903e-05 -0.000704862455487251
6600 8440 -5178 0.000781387864097176 0.000326051093637943 2.55090063028038e-05 -0.000709652710199356
6600 8240 -5178 0.000777883750488336 0.000324867891252041 -2.37748631723225e-05 -0.000706329458594322
6600 8040 -5178 0.000767374155032055 0.000321396472990513 -7.06722424626351e-05 -0.000693187132
6600 7840 -5178 0.000751498831616425 0.000314915292978287 -0.000113913474947214 -0.000672637883663177
6600 7640 -5178 0.000730875910982084 0.000306156787872314 -0.000154729929327965 -0.000645433107376099
6600 7440 -5178 0.000704336437426774 0.000295095156490803 -0.000192875710666180 -0.000609735807299614
6600 7240 -5178 0.000674901170127981 0.000282640615820885 -0.000224004387319088 -0.000570514157295227
6600 7040 -5178 0.000642107963092983 0.000268265360951424 -0.000249399869859219 -0.000527615211844444
6800 7040 -5178 0.000719235586331974 0.000306561020255089 -0.000293958479344845 -0.000580567295789719
6800 7240 -5178 0.000758388051532907 0.000324265317082405 -0.000266079608976841 -0.000631827573418617
6800 7440 -5178 0.000794810292925943 0.000339915517628193 -0.000230325438261032 -0.0006804376198
6800 7640 -5178 0.000826593026358887 0.000353938664078712 -0.0001871687673 -0.000723139467597008
6800 7840 -5178 0.000852581274514448 0.000365454689979553 -0.000138438525497913 -0.000757794823884964
6800 8040 -5178 0.0008720556212 0.000373413680911064 -8.64513701498509e-05 -0.000783390997171402
6800 8240 -5178 0.000884627506665400 0.000377922670841217 -3.10188677571714e-05 -0.000799391075015068
6800 8440 -5178 0.000890270110552695 0.000379550506889820 2.61330628171563e-05 -0.000804864343762398
6800 8640 -5178 0.000887799646133143 0.000378004422187805 8.30095808207989e-05 -0.000799014338612557
6800 8840 -5178 0.000878025353082667 0.000372700809836388 0.000137923212856054 -0.000783090912938118
6800 9040 -5178 0.000861332732733354 0.000364704614281654 0.000189061223119497 -0.000757060416817665
6800 9240 -5178 0.000837165794762604 0.0003535995593 0.000236185423374176 -0.000721063470244408
6800 9440 -5178 0.000807290830883655 0.000339601539134979 0.000276836081862450 -0.000678080862522125
6800 9640 -5178 0.000771081344067433 0.000323856261610985 0.000311016632318497 -0.000626857031822205
6800 9840 -5178 0.0007316832074 0.000305772619 0.0003372153089 -0.000572843134641647
7000 9840 -5178 0.000826501016036396 0.000353466603159904 0.0003958889274 -0.000633487958550453
7000 9640 -5178 0.000873868598882306 0.000375218278348446 0.000366748422086239 -0.000698681855678558
7000 9440 -5178 0.000917500949987036 0.0003953917765 0.000327396713674068 -0.000760375202059746
7000 9240 -5178 0.000954550378520838 0.000412876516342163 0.000279824797451496 -0.000813818373680115
7000 9040 -5178 0.000984364468650835 0.000427051664590836 0.000223854982018471 -0.000858189507
7000 8840 -5178 0.00100483757724183 0.000437197264194488 0.000162976153820753 -0.000889900795459747
7000 8640 -5178 0.00101642116731084 0.000442942707061768 9.79472803622484e-05 -0.000909509642839432
7000 8440 -5178 0.00101859125949656 0.000444740011215210 3.23042873851955e-05 -0.000915805293321609
7000 8240 -5178 0.00101276342199931 0.000442919469356537 -3.94067957252264e-05 -0.000910180075645447
7000 8040 -5178 0.000997308133192998 0.000437049890756607 -0.000105033529683948 -0.0008902689836
7000 7840 -5178 0.000973193043784231 0.000426583116650581 -0.000165858331143856 -0.000858668384313583
7000 7640 -5178 0.000941712263078984 0.000413103060126305 -0.000221927214086056 -0.000816568897
7000 7440 -5178 0.000902344405777432 0.000395655289471149 -0.000274577254712582 -0.000763137534856796
7000 7240 -5178 0.000857598752454417 0.000376007765114307 -0.000316216126024723 -0.000702790788531303
7000 7040 -5178 0.000809307486941104 0.000353419024884701 -0.000348440993368626 -0.000639267139315605
7200 7040 -5178 0.000915820464328122 0.000410253359317779 -0.000415025726556778 -0.000705900590896607
7200 7240 -5178 0.0009743581868 0.000438351196527481 -0.000379685467064381 -0.000782825196146965
7200 7440 -5178 0.00102920868411659 0.000463675877690315 -0.000331267548322678 -0.000856986733198166
7200 7640 -5178 0.00107741929255652 0.000485038517832756 -0.000272124605298042 -0.000922806025266647
7200 7840 -5178 0.00111690772214089 0.000502577119827271 -0.000203612489372492 -0.000976388567924500
7200 8040 -5178 0.00114659451261343 0.000515659862756729 -0.000130369468837976 -0.00101592155814171
7200 8240 -5178 0.00116638539227972 0.000523189087271690 -5.13637444674969e-05 -0.00104117026424408
7200 8440 -5178 0.00117476260709878 0.000526271355867386 3.12274916805327e-05 -0.001049954566
7200 8640 -5178 0.00117182668693853 0.000523836985111237 0.000112355537682772 -0.00104217696356773
7200 8840 -5178 0.00115815818332576 0.000516628148794174 0.000190692106068134 -0.00101883202433586
7200 9040 -5178 0.00113373620061261 0.000503889565229416 0.000263171419441700 -0.000981131233453751
7200 9240 -5178 0.00109793393711330 0.000487273692011833 0.000329691804170609 -0.000926943664550781
7200 9440 -5178 0.00105318598064647 0.000465778060436249 0.0003866772567 -0.000861819126844406
7200 9640 -5178 0.000999428164554693 0.000440854959011078 0.000433122714281082 -0.000785370439767838
7200 9840 -5178 0.000940964432559434 0.0004127219789 0.000466794142365456 -0.0007051131531
7400 9840 -5178 0.0010761125661 0.000485222701191902 0.000554097241640091 -0.000784423043727875
7400 9640 -5178 0.00114578708041111 0.000518332881450653 0.000516582679986954 -0.000881429998636246
7400 9440 -5178 0.0012111509215 0.000550058415293694 0.000463280137658119 -0.000974522348880768
7400 9240 -5178 0.0012653981803 0.000576242215394974 0.000397037159085274 -0.00105408027076721
7400 9040 -5178 0.00130978586927369 0.000597785890340805 0.000318094283640385 -0.0011211167798
7400 8840 -5178 0.00134001920444967 0.000612902578115463 0.000231288546383381 -0.00116899919843674
7400 8640 -5178 0.00135771110388410 0.000622285483360290 0.000136491503626108 -0.00119893918204308
7400 8440 -5178 0.0013616516585 0.000624793455839157 3.93721409663558e-05 -0.00120903239989281
7400 8240 -5178 0.00135220764719846 0.000622386011719704 -6.46319523900747e-05 -0.00119854509735107
7400 8040 -5178 0.00132838898006579 0.000612762745380402 -0.000159899851560593 -0.00116759099602699
7400 7840 -5178 0.00129144653664883 0.000597226703286171 -0.000246045849084854 -0.00111837314915657
7400 7640 -5178 0.0012440486871 0.000575383974194527 -0.000325026955425739 -0.00105401513099670
7400 7440 -5178 0.00118338708705914 0.000547982016324997 -0.000399677186071873 -0.000969731331110001
7400 7240 -5178 0.00111580615375416 0.000516230115771294 -0.000456752231240273 -0.000877654339075089
7400 7040 -5178 0.0010424445141 0.000480214566111565 -0.000497941089391708 -0.000779950677394867
7600 7040 -5178 0.00119703117496088 0.000567289013981819 -0.000600305947780609 -0.000866298090934753
7600 7240 -5178 0.00128563896813766 0.000611949091315269 -0.000554371613025665 -0.000985422742128372
7600 7440 -5178 0.00136934114644027 0.000651881824851036 -0.000487824241399765 -0.00110099891948700
7600 7640 -5178 0.00144282423355901 0.000686263172626496 -0.000403157803952694 -0.00120354011964798
7600 7840 -5178 0.00150291335254378 0.000713649282574654 -0.000304306922435760 -0.00128747560453415
7600 8040 -5178 0.00154838431457271 0.000733654108643532 -0.000197974489688873 -0.00134909293079376
7600 8240 -5178 0.00157837487231832 0.000745783439993858 -8.29822678565979e-05 -0.00138855972647667
7600 8440 -5178 0.00159171587312253 0.000749675622820854 3.7322538562119e-05 -0.00140366731786728
7600 8640 -5178 0.00158782075178731 0.000746531422734261 0.0001563379476 -0.00139267196607590
7600 8840 -5178 0.00156646046508533 0.0007351018325 0.000272157046139240 -0.00135625076007843
7600 9040 -5178 0.00153077978401913 0.000716657132744789 0.000376843286156654 -0.00129913415312767
7600 9240 -5178 0.0014775071696 0.000690410928130150 0.000472428406238556 -0.00121769912362099
7600 9440 -5178 0.00141049649402126 0.000657803410768509 0.000553197900414467 -0.00111866056585312
7600 9640 -5178 0.00132978423582029 0.0006192021836 0.0006172207961 -0.00100195260429382
7600 9840 -5178 0.00124081902027147 0.0005757489587 0.000661948771238327 -0.0008773213191
7800 9840 -5178 0.00144167892323288 0.000688399426698685 0.000796849916934967 -0.000984669770479202
7800 9640 -5178 0.00154671956219592 0.000739746503829956 0.000746682048439980 -0.00113476833271980
7800 9440 -5178 0.0016450189119 0.000788419251918793 0.000671558059811592 -0.00127796982479095
7800 9240 -5178 0.00172551905179307 0.000827483985185623 0.000576954190015793 -0.00140021842956543
7800 9040 -5178 0.00179291864112187 0.000861208821058274 0.000460554026246071 -0.00150350729823112
7800 8840 -5178 0.00183858812079438 0.0008840234909 0.0003324121949 -0.00157758607006073
7800 8640 -5178 0.00186455610116999 0.000898012925863266 0.000193417328238487 -0.00162245996904373
7800 8440 -5178 0.00186984916286199 0.000902632116079331 5.10327948853374e-05 -0.00163666001129150
7800 8240 -5178 0.00185598582871402 0.000898368139266968 -0.000102500312358141 -0.00162092451477051
7800 8040 -5178 0.00181939645208419 0.000884752742528915 -0.000242412831962109 -0.00157105491662025
7800 7840 -5178 0.00176400025234340 0.000859417251825333 -0.000370633552789688 -0.00149523564934731
7800 7640 -5178 0.00169266485054349 0.000826639990329743 -0.000484749878883362 -0.00139523566126823
7800 7440 -5178 0.00160077314586226 0.000783802128672600 -0.000592105032324791 -0.00126406537628174
7800 7240 -5178 0.00149657919919642 0.000733298998594284 -0.000674506076097488 -0.00111681613636017
7800 7040 -5178 0.00138410418618980 0.000676298407912254 -0.000729651378631592 -0.000961815946817398
8000 7040 -5178 0.00161621966677802 0.000813207075119019 -0.000890777921676636 -0.00107581362628937
8000 7240 -5178 0.00175319447987633 0.000884670446634292 -0.000827609285593033 -0.00126750053191185
8000 7440 -5178 0.0018812110769 0.000946556743860245 -0.000731326355576515 -0.00145216443705559
8000 7640 -5178 0.00199236705549205 0.000999664813756943 -0.000606564825773239 -0.00161324788904190
8000 7840 -5178 0.00208285080973870 0.00104124124908447 -0.000460748710751534 -0.00174400016403198
8000 8040 -5178 0.00215063144991983 0.00107054397821426 -0.000303357582271099 -0.00184048297262192
8000 8240 -5178 0.00219556840932724 0.00108808191752434 -0.0001330015521 -0.00190233924627304
8000 8440 -5178 0.0022153676098 0.00109434959888458 4.57922529131174e-05 -0.00192573696947098
8000 8640 -5178 0.00221019777495310 0.00108944417428970 0.000221999205172062 -0.00191007588434219
8000 8840 -5178 0.00217925356647772 0.00107234765386581 0.000393403849542141 -0.00185592295837402
8000 9040 -5178 0.00212736677261964 0.00104655552935600 0.000548352177262306 -0.00176923559236526
8000 9240 -5178 0.0020476952057 0.00100721088385582 0.000691533570528030 -0.00164368883895874
8000 9440 -5178 0.00194800463104857 0.000958079231977463 0.000810186193227768 -0.00149036958718300
8000 9640 -5178 0.00182586050095384 0.000898603735446930 0.000903518151998520 -0.00130764400529861
8000 9840 -5178 0.00169051243746425 0.000830828604221344 0.000964697032690048 -0.00111230592489243
8200 9840 -5178 0.00200284256008395 0.00101225477576256 0.00117908837199211 -0.00126360457348824
8200 9640 -5178 0.00215971494409335 0.00109005897951126 0.00110760935902596 -0.00150009226322174
8200 9440 -5178 0.00230834061439108 0.00116264270234108 0.000995257378339767 -0.00172772433853149
8200 9240 -5178 0.00242802974874606 0.00122096085762978 0.000852530261993408 -0.0019175312767
8200 9040 -5178 0.0025265990155 0.00126923647785187 0.000676938782691956 -0.0020774779973
8200 8840 -5178 0.00259139457286337 0.00130106233572960 0.000487177461028099 -0.00218751474332809
8200 8640 -5178 0.00262893514426854 0.00132126712107658 0.000279108792 -0.00225565587425232
8200 8440 -5178 0.00263665266401011 0.00132723993515968 6.58808382898569e-05 -0.00227714646387100
8200 8240 -5178 0.00261646960421375 0.00132288780975342 -0.000162574689447880 -0.00225155101585388
8200 8040 -5178 0.00256309329073507 0.00130254916572571 -0.000370767649292946 -0.00217580080652237
8200 7840 -5178 0.00248205736153698 0.00126741256809235 -0.000560136413574219 -0.00205941628217697
8200 7640 -5178 0.00237587136114136 0.00121985041666031 -0.000733797396540642 -0.00190217535114288
8200 7440 -5178 0.00223926417257284 0.00115646134161949 -0.000895560092449189 -0.0016956542344
8200 7240 -5178 0.00208203970871167 0.00107874876594543 -0.00101794996261597 -0.00146109809684753
8200 7040 -5178 0.00190920335095788 0.000988631333589554 -0.00109719265723228 -0.00121018350172043
8400 7040 -5178 0.00228724332844387 0.00121610072994232 -0.00136151334333420 -0.00137760432982445
8400 7240 -5178 0.00249531128918785 0.00132530450344086 -0.00126512517189980 -0.00169399076223373
8400 7440 -5178 0.00268587538554573 0.00141736639881134 -0.00111603455138206 -0.00198965467405319
8400 7640 -5178 0.00284850205094538 0.00149301579952240 -0.000923322108745575 -0.00224310777378082
8400 7840 -5178 0.00297888749055707 0.00154936595511436 -0.000700085208415985 -0.00244572448062897
8400 8040 -5178 0.00307530317313797 0.00158964336252213 -0.000463277368664742 -0.00259150490379334
8400 8240 -5178 0.00313891701012272 0.00161291880989075 -0.000208558638274670 -0.00268467172908783
8400 8440 -5178 0.00316703865402357 0.00161970457696915 5.73172750100493e-05 -0.00272098191308975
8400 8640 -5178 0.00316004073606685 0.00161268644332886 0.000320546150565148 -0.00269854706668854
8400 8840 -5178 0.00311666945028505 0.00159025123286247 0.000577931754589081 -0.00261738884496689
8400 9040 -5178 0.00304413169491271 0.00155504271578789 0.000811548349380493 -0.00248801868629456
8400 9240 -5178 0.00293082863107768 0.00150026459574699 0.00102931911683083 -0.00229775434064865
8400 9440 -5178 0.00278703713239869 0.00143159533715248 0.00121271690988541 -0.00206045073175430
8400 9640 -5178 0.00260666417406344 0.00134484365057945 0.00135836756968498 -0.00177226725339890
8400 9840 -5178 0.00240328485771714 0.00124424489164352 0.0014525950129 -0.00145507415747642
8600 9840 -5178 0.0029256835227 0.0015439537518 0.00180630593109131 -0.00170706963825226
8600 9640 -5178 0.00315239152926329 0.0016537393999 0.00168677339363098 -0.00208759667539597
8600 9440 -5178 0.00336386217161325 0.00175355073118210 0.00150322185087204 -0.00244569424772263
8600 9240 -5178 0.00353009125739636 0.0018295796957 0.00127685483503342 -0.00273565790128708
8600 9040 -5178 0.0036644486016 0.00189241806888580 0.00100671687221527 -0.00297246885061264
8600 8840 -5178 0.00375257171583673 0.00193373865747452 0.000716790890693665 -0.00313528635835648
8600 8640 -5178 0.00380307011857061 0.001959674829 0.000405263106584549 -0.00323388133907318
8600 8440 -5178 0.0038128189215 0.00196730631971359 8.90029804855585e-05 -0.00326489419746399
8600 8240 -5178 0.00378638826415405 0.00196439439439774 -0.000250054784417152 -0.00322728420734405
8600 8040 -5178 0.00371481489044949 0.00193969985055923 -0.000563388479948044 -0.00311782395792008
8600 7840 -5178 0.00360410127516642 0.00189628002834320 -0.000851909566640854 -0.00294432305335999
8600 7640 -5178 0.00345776731374875 0.0018354384675 -0.00111638236808777 -0.00270968613147736
8600 7440 -5178 0.00326591204614982 0.00175175633144379 -0.00137258443045616 -0.00238930399179459
8600 7240 -5178 0.00303919644245499 0.00164547899675369 -0.00157104456543922 -0.00201626831054687
8600 7040 -5178 0.00278383751601355 0.00151294346833229 -0.00170430626249313 -0.00159825627112389
8800 7040 -5178 0.00344972850095900 0.00190471730756760 -0.00214669058561325 -0.00191426179981232
8800 7240 -5178 0.00374028111641150 0.00205157485532761 -0.00196868932676315 -0.00242965968608856
8800 7440 -5178 0.00399724969964122 0.0021666351962 -0.00171679631662369 -0.00288714732503891
8800 7640 -5178 0.00421367320117473 0.0022556484785 -0.00140661020922661 -0.00326943303489685
8800 7840 -5178 0.00438350114658870 0.00232081140613556 -0.00106065807032585 -0.0035642560482
8800 8040 -5178 0.0045074630074 0.00236495975637436 -0.000699770891189575 -0.00377297138118744
8800 8240 -5178 0.00458868620485977 0.00239038233184815 -0.000321903428971767 -0.00390379175758362
8800 8440 -5178 0.00462400634681630 0.00239494520759582 7.24776575118303e-05 -0.00395478531932831
8800 8640 -5178 0.00461520902392813 0.00238576876688004 0.0004628182317 -0.00392391241741180
8800 8840 -5178 0.00456113991631991 0.00235898094797134 0.000846961423873901 -0.00381052662658691
8800 9040 -5178 0.00447001556971161 0.00231841361951828 0.00120035380697250 -0.00362853463745117
8800 9240 -5178 0.00432428582524120 0.00225332915782928 0.00154039137244225 -0.00335362222194672
8800 9440 -5178 0.00413674728436896 0.00217122272205353 0.00183635835504532 -0.00300392850065231
8800 9640 -5178 0.0038948227492 0.00206259703683853 0.00208602117586136 -0.00256228219032288
8800 9840 -5178 0.00361864352684373 0.00193240643215179 0.0022619095149 -0.00205904642772675
9000 9840 -5178 0.00453543251469082 0.00242657305049896 0.00284296317815781 -0.00256919992971420
9000 9640 -5178 0.00481176524989017 0.00254880855274200 0.00259835214376450 -0.00314670719242096
9000 9440 -5178 0.00506553839281456 0.00265703982162476 0.0022746253643 -0.00366471504306793
9000 9240 -5178 0.00526494285907564 0.00273768548059464 0.00190475371742249 -0.00407389430332184
9000 9040 -5178 0.00542664058032931 0.00280420181608200 0.00148167567586899 -0.00440335296726227
9000 8840 -5178 0.00552905668555321 0.00284644852018356 0.00104632018566132 -0.00462295771121979
9000 8640 -5178 0.00558704407306785 0.00287428779745102 0.000586763648748398 -0.00475497099876404
9000 8440 -5178 0.00559904007645978 0.00288412156772614 0.000121646447151899 -0.00479763531303406
9000 8240 -5178 0.00557046978746467 0.00288620505189896 -0.000375290432691574 -0.00474975335025787
9000 8040 -5178 0.00548707916912665 0.00286681683206558 -0.000839403018474579 -0.00460278364562988
9000 7840 -5178 0.00535454122941360 0.00282492801094055 -0.00127181915831566 -0.0043674558134
9000 7640 -5178 0.00517739132183892 0.00276560423088074 -0.00168346983766556 -0.00404027556133270
9000 7440 -5178 0.00494505050426005 0.00268151597452164 -0.00209895350503922 -0.00358663604068756
9000 7240 -5178 0.00466646170662519 0.00256809385299683 -0.00244632810688019 -0.00303344178009033
9000 7040 -5178 0.00434622411104840 0.00241689828252792 -0.00271227376747131 -0.00238575726461411
9200 7040 -5178 0.00552340455841323 0.00305789154148102 -0.00340059826946259 -0.00309717635345459
9200 7240 -5178 0.00584076199833762 0.00319384969854355 -0.00303685373544693 -0.00383266800594330
9200 7440 -5178 0.00612350643178805 0.00329316054725647 -0.00259768258619308 -0.0044620429697
9200 7640 -5178 0.0063612201271 0.00336592305278778 -0.00209132672357559 -0.00497654376411438
9200 7840 -5178 0.00654523143583813 0.0034140526123 -0.00155297922945023 -0.00536397609424591
9200 8040 -5178 0.00668006897913730 0.00344757674789429 -0.00101837667942047 -0.00563015819931030
9200 8240 -5178 0.00676953446865223 0.00346316628265381 -0.000480719935417175 -0.00579649348354340
9200 8440 -5178 0.00680554046498679 0.00346053002548218 8.86301203668117e-05 -0.00585947366333008
9200 8640 -5178 0.00679539786253149 0.00344858277797699 0.000652126416087151 -0.00581924623775482
9200 8840 -5178 0.00673809516019846 0.0034229865055 0.00121158882093430 -0.0056756091957
9200 9040 -5178 0.00664269980757244 0.00338838143062592 0.00173896740818024 -0.00544199045562744
9200 9240 -5178 0.00648485262775049 0.00333082806968689 0.00226347260856628 -0.00508287219238281
9200 9440 -5178 0.00628107466869449 0.00325521141815185 0.00274599357795715 -0.0046167224636
9200 9640 -5178 0.00601948785348857 0.00315573477745056 0.00318804522943497 -0.00401328704547882
9200 9840 -5178 0.00572604604355925 0.00303440038728714 0.00355384087371826 -0.00330726028633118
9400 9840 -5178 0.00720469855979643 0.00374245189666748 0.00438862613868713 -0.00431760301017761
9400 9640 -5178 0.00745686398538460 0.00383237229442596 0.00391014748287201 -0.00506253446674347
9400 9440 -5178 0.00770531187522341 0.00391401640129089 0.00334633936119080 -0.00573169922733307
9400 9240 -5178 0.00789505580252071 0.00397057321357727 0.00275457817268372 -0.00624283502483368
9400 9040 -5178 0.00805133002462427 0.00401795484638214 0.0021128165698 -0.00664990218734741
9400 8840 -5178 0.008145583923 0.00404535871028900 0.00147851579403877 -0.00691372558021546
9400 8640 -5178 0.00820050073315548 0.00406742788505554 0.000820902555227280 -0.00707321438026428
9400 8440 -5178 0.00821132928202131 0.00407800228404999 0.000167252742499113 -0.00712494713783264
9400 8240 -5178 0.00819016383772273 0.0040919092369 -0.000530202336788178 -0.0070747373104
9400 8040 -5178 0.00811350797746069 0.00409088359832764 -0.00119201389479637 -0.00690429803466797
9400 7840 -5178 0.00798490563079733 0.00407428497791290 -0.00182541374826431 -0.00662041291809082
9400 7640 -5178 0.00781164611578996 0.00404357571792603 -0.00244226532125473 -0.00622146691322327
9400 7440 -5178 0.00758692394729847 0.00399827301883698 -0.00310042748022080 -0.00565330935096741
9400 7240 -5178 0.0073114001618 0.00392331282329559 -0.00368872308063507 -0.00494626468563080
9400 7040 -5178 0.00699812338373579 0.00381166806793213 -0.00420611394023895 -0.00409363640308380
9600 7040 -5178 0.00878563015696443 0.00466315631484985 -0.00510983931446075 -0.00541611741065979
9600 7240 -5178 0.00909429828664331 0.00474987682628632 -0.00445506926441193 -0.00634801459598541
9600 7440 -5178 0.00935176412123256 0.00479045913314819 -0.0037324290266 -0.0071118165245
9600 7640 -5178 0.00955324643284453 0.00480309370136261 -0.00295270415639877 -0.00771220912933350
9600 7840 -5178 0.00970032753742125 0.00479781571197510 -0.00216370002365112 -0.00814744132423401
9600 8040 -5178 0.0098067960951 0.00479058315753937 -0.00140520772981644 -0.0084408634777
9600 8240 -5178 0.00987774994838527 0.0047795184164 -0.000658116150140762 -0.00861934051322937
9600 8440 -5178 0.00990186719505383 0.00476035003471375 0.000118198441565037 -0.00868150343513489
9600 8640 -5178 0.00989236871057275 0.00474665328025818 0.000893485509872437 -0.00863348172378540
9600 8840 -5178 0.00984765972957515 0.00473281555747986 0.00166747561788559 -0.00847332754325867
9600 9040 -5178 0.00977768894533809 0.00472168560504913 0.00241477576208115 -0.0082144838047
9600 9240 -5178 0.00964968897557792 0.00469826092052460 0.00318960230112076 -0.00780201973152161
9600 9440 -5178 0.00948386592247259 0.00466683772563934 0.00393521576309204 -0.00725731995964050
9600 9640 -5178 0.00925844165988437 0.00461702480506897 0.00466917128562927 -0.00652560308647156
9600 9840 -5178 0.00899586188978341 0.00454380290603638 0.00533447030258179 -0.00564117123317719
9800 9840 -5178 0.0111918300675390 0.00545103772926331 0.00639881586742401 -0.00738982083892822
9800 9640 -5178 0.0113778208806200 0.00546124774551392 0.0055697451353 -0.00828283193778992
9800 9440 -5178 0.0115350116390687 0.00545832400226593 0.00466658820247650 -0.00902669559097290
9800 9240 -5178 0.0116429065210401 0.00544207454013825 0.00376773188495636 -0.00957803351211548
9800 9040 -5178 0.0117287839098608 0.00543208342361450 0.00284744929075241 -0.00999744338417053
9800 8840 -5178 0.0117713628606 0.00542086271572113 0.00197146640539169 -0.0102613797454834
9800 8640 -5178 0.0117958488372941 0.00542117780303955 0.0010939102931 -0.0104189023113251
9800 8440 -5178 0.0117997714399638 0.00543039778614044 0.000227094129562378 -0.0104735750236511
9800 8240 -5178 0.0118049395965620 0.00546648238277435 -0.000700435433030129 -0.0104392509384155
9800 8040 -5178 0.0117707205559257 0.00550589179992676 -0.00158349678421021 -0.0102822623329163
9800 7840 -5178 0.0116993024191827 0.00554462105083465 -0.00244945686674118 -0.0100065486335754
9800 7640 -5178 0.0116003186070867 0.00559228496551514 -0.00333509425544739 -0.00960087052536011
9800 7440 -5178 0.0114654517467932 0.00564231258201599 -0.00429648756313324 -0.00900901419448853
9800 7240 -5178 0.0112678057354726 0.00567095120906830 -0.00524266215133667 -0.00820329850006103
9800 7040 -5178 0.0109855216278677 0.00564457069778442 -0.00613723525238037 -0.00715388681602478
10000 7040 -5178 0.0137273532751 0.00676868563461304 -0.0072555464878 -0.00948589309883118
10000 7240 -5178 0.0139034248823802 0.00668086258697510 -0.00612868205642700 -0.0105409121799469
10000 7440 -5178 0.0139834688957218 0.00654853727149963 -0.00499533088493347 -0.0112996975059509
10000 7640 -5178 0.0140035146871143 0.00640977253723145 -0.00385987376785278 -0.0118365060081482
10000 7840 -5178 0.0140012547154463 0.00628769507598877 -0.00278927396345139 -0.0121950799503326
10000 8040 -5178 0.0140037647781513 0.00620169965457916 -0.00179418647241592 -0.0124268697280884
10000 8240 -5178 0.0140030025817548 0.00613583511352539 -0.000826569796323776 -0.0125599922943115
10000 8440 -5178 0.0139922586303689 0.00608894958686829 0.000157794340878725 -0.0125966711330414
10000 8640 -5178 0.0139880234666715 0.00607656730651856 0.00114169961023331 -0.0125472864227295
10000 8840 -5178 0.0139906776734467 0.00609089217376709 0.00213997747564316 -0.0124120619316101
10000 9040 -5178 0.0140079966177673 0.00613373384284973 0.00312773410797119 -0.0121992294044495
10000 9240 -5178 0.0140054534980230 0.0061937975893 0.0041953490591 -0.0118401006736755
10000 9440 -5178 0.0140018187976578 0.00627413991546631 0.00528232905101776 -0.0113495361461639
10000 9640 -5178 0.0139656566411883 0.00636832623481751 0.00643822900199890 -0.0106314901943207
10000 9840 -5178 0.0138867493183713 0.00645339602279663 0.00757888901901245 -0.00968336315345764
10200 9840 -5178 0.0171790757548873 0.00749007312965393 0.0088072954998 -0.0127047218570709
10200 9640 -5178 0.0169500180745370 0.00724118022155762 0.00740280140304565 -0.0134193040580750
10200 9440 -5178 0.0167545374669165 0.00702255465698242 0.00599431120872498 -0.0139809329071
10200 9240 -5178 0.0165843104222 0.00684925979042053 0.00473400869464874 -0.0143428201828
10200 9040 -5178 0.0164626470911358 0.00672462867927551 0.00352380414009094 -0.0146074873809814
10200 8840 -5178 0.0163713809337480 0.00664330047988892 0.00241506821107864 -0.0147667233314514
10200 8640 -5178 0.0163229033368469 0.00660861433601379 0.00133686258339882 -0.0148652308082581
10200 8440 -5178 0.0163092814582102 0.00661046474266052 0.0002931050381 -0.0149066790542603
10200 8240 -5178 0.0163636264636 0.00667514183998108 -0.000822542307853699 -0.0149176800842285
10200 8040 -5178 0.0164352600487583 0.00677740316581726 -0.00190361947536469 -0.0148514233436584
10200 7840 -5178 0.0165209780767210 0.0069133577919 -0.00298252163505554 -0.0147051372261
10200 7640 -5178 0.0166466755955824 0.00710359212303162 -0.00413070108604431 -0.0144769972953796
10200 7440 -5178 0.0168378437146569 0.00736739096641541 -0.00546674740791321 -0.0141185864677429
10200 7240 -5178 0.0170333975803 0.00767949491691589 -0.006898084589 -0.0135494184761
10200 7040 -5178 0.0171613119173313 0.00799522942733765 -0.00840590151977539 -0.0126462544956207
10400 7040 -5178 0.0212531700092774 0.00912317851829529 -0.00935032261657715 -0.0167642383232117
10400 7240 -5178 0.0205990836182618 0.00852514933586121 -0.0075397850933 -0.0171695163040161
10400 7440 -5178 0.0200280935716924 0.00802705142593384 -0.0059370879116 -0.0173623888473511
10400 7640 -5178 0.019562471723 0.00764100619888306 -0.00447770935344696 -0.0174429935493469
10400 7840 -5178 0.0192232349863447 0.00735698526573181 -0.00317590570354462 -0.0174732065734863
10400 8040 -5178 0.0190097474620986 0.00717075764465332 -0.00201388362073898 -0.0174904950866699
10400 8240 -5178 0.0188747729699801 0.00704002713012695 -0.000901360166311264 -0.0174894763526917
10400 8440 -5178 0.0188010739427244 0.00696518812179566 0.000215244082182646 -0.0174621174240112
10400 8640 -5178 0.0188123040727209 0.00695797448539734 0.00133084309124947 -0.0174275136566162
10400 8840 -5178 0.0189083028914110 0.00701011873054505 0.00247721120691299 -0.0173852944755554
10400 9040 -5178 0.0190939547895 0.00712027990913391 0.00363675138092041 -0.0173394599647522
10400 9240 -5178 0.0193684383965152 0.00729995805168152 0.00494380703926086 -0.0172448627624512
10400 9440 -5178 0.0197594191160465 0.00755786042785644 0.0063690948553 -0.0171098807792664
10400 9640 -5178 0.0202981608073227 0.00792424781036377 0.00803800839233398 -0.0168714908180237
10400 9840 -5178 0.0209973288856615 0.00839157655525208 0.00990361450386047 -0.0165050204811
10600 9840 -5178 0.0249542539861777 0.00883049197196961 0.0104204775238 -0.0208840662574768
10600 9640 -5178 0.0236957454692418 0.00822618848609924 0.00840570628929138 -0.0205709085388184
10600 9440 -5178 0.0227775519306825 0.00777683016967773 0.00666069547653199 -0.0203463244895935
10600 9240 -5178 0.0221317142743 0.00745758347129822 0.00517672934532166 -0.0201844821548462
10600 9040 -5178 0.0216862484677395 0.00723737899017334 0.00381211445331573 -0.0200840155410767
10600 8840 -5178 0.0213955946658772 0.00710213385581970 0.00261481829786301 -0.0200125851058960
10600 8640 -5178 0.021241641531 0.00703793773651123 0.00146351539039612 -0.0199884486503601
10600 8440 -5178 0.0212009445219532 0.00703354923248291 0.000355164222717285 -0.0199970770912170
10600 8240 -5178 0.0213160919000546 0.00711069885826111 -0.000817982168316841 -0.0200784915809631
10600 8040 -5178 0.0215317461540686 0.00725288953971863 -0.00195781164073944 -0.0201781612091
10600 7840 -5178 0.0218565219461902 0.00746390794944763 -0.0031260872426 -0.0203024112396240
10600 7640 -5178 0.0223465434685561 0.00777107416343689 -0.00439650168132782 -0.0204854978485107
10600 7440 -5178 0.0231069843272794 0.0082254744358 -0.00591473848915100 -0.0207671069221497
10600 7240 -5178 0.0241501864096 0.00885495296669006 -0.00765193945312500 -0.0211250830574
10600 7040 -5178 0.0255771367207914 0.00972785779953003 -0.00973701396179199 -0.0215572503013611
10800 7040 -5178 0.0291823094051905 0.00931161340522766 -0.00922569582748413 -0.0260730379943848
10800 7240 -5178 0.0273302759494341 0.00851480388832092 -0.00732196757316589 -0.0249156947631836
10800 7440 -5178 0.0260032054088952 0.00793661325073242 -0.00572124993896485 -0.0240935902938843
10800 7640 -5178 0.0250212282979721 0.00751235153007507 -0.00428599149799347 -0.0234789065055847
10800 7840 -5178 0.0243398775525154 0.00721058150672912 -0.00301840627479553 -0.0230513737869263
10800 8040 -5178 0.0239087435107903 0.0070100857315 -0.00188423166465759 -0.0227805410842895
10800 8240 -5178 0.0236457578061929 0.00687710746002197 -0.000809766247868538 -0.0226091028976440
10800 8440 -5178 0.0235164682443962 0.00680374011421204 0.000273860605418682 -0.0225093082656860
10800 8640 -5178 0.0235483832164122 0.00680062125205994 0.00135399673771858 -0.0225043181495666
10800 8840 -5178 0.0237361891263484 0.00686100900268555 0.0024698112297 -0.0225878508071899
10800 9040 -5178 0.0240910450286292 0.00698109787368774 0.00360977696228027 -0.0227726380195618
10800 9240 -5178 0.0246466122684778 0.00718508052635193 0.00490458184051514 -0.0230597025871277
10800 9440 -5178 0.0254495020552861 0.00747502762794495 0.00631931215953827 -0.0234918583908
10800 9640 -5178 0.0266379719759714 0.0079103582592 0.00802465349578857 -0.0241365867080688
10800 9840 -5178 0.0283174199737443 0.00850325346183777 0.0100345194473267 -0.0250771376800537
11000 9840 -5178 0.0306111106699 0.00742689022064209 0.00875801238822937 -0.02837438694
11000 9640 -5178 0.0289817717975729 0.00708924889373779 0.00729001198387146 -0.0271392957153320
11000 9440 -5178 0.0277066046074777 0.00679298147583008 0.0058493170309 -0.0262155699386597
11000 9240 -5178 0.0268150172814444 0.00657946450424195 0.00461349835109711 -0.0255826946868897
11000 9040 -5178 0.0261841856390305 0.00642386712646484 0.00344469182872772 -0.0251490727882385
11000 8840 -5178 0.0257766604337649 0.00632840670299530 0.0023902741208 -0.0248728784332275
11000 8640 -5178 0.0255532926915174 0.00628209425926209 0.00137506819462776 -0.0247308760147
11000 8440 -5178 0.0254962906466794 0.00627993751239777 0.000395107960164547 -0.0247077909202576
11000 8240 -5178 0.0256443861653556 0.0063307625513 -0.000654213422060013 -0.0248420609474182
11000 8040 -5178 0.0259390002805125 0.00643152002334595 -0.00165011986398697 -0.0250749958915711
11000 7840 -5178 0.0263996980730294 0.00658278562164307 -0.00266264199256897 -0.0254276105842590
11000 7640 -5178 0.0270867646141511 0.00679417669487000 -0.00374359934997559 -0.0259515197448730
11000 7440 -5178 0.0281484870209609 0.00708685026741028 -0.00500840927124023 -0.0267765806427
11000 7240 -5178 0.0295697659267486 0.00746184523963928 -0.00637001463413238 -0.0278947098236
11000 7040 -5178 0.0314998034544835 0.00792814020538330 -0.00789878763961792 -0.0294437181396484
11200 7040 -5178 0.0327035145502581 0.00620200604724884 -0.00621431845474243 -0.0315033728332519
11200 7240 -5178 0.0311148749110142 0.00610031830692291 -0.00522175667095184 -0.0300620458374
11200 7440 -5178 0.0298524767347478 0.00596550754451752 -0.00423239186763763 -0.0289432052917481
11200 7640 -5178 0.0288496410828365 0.00583512488842011 -0.00323661935997009 -0.0280665459518433
11200 7840 -5178 0.0281181411515695 0.00572059427833557 -0.00229435988616943 -0.0274353851928711
11200 8040 -5178 0.0276440244483104 0.00563399459171295 -0.00141494540905952 -0.0270267205886841
11200 8240 -5178 0.0273526799244348 0.00557086812686920 -0.000564417376160622 -0.0267735449371338
11200 8440 -5178 0.0272099418361637 0.00553458895206451 0.000312067426860332 -0.0266392919158935
11200 8640 -5178 0.0272493590896558 0.00553159144687653 0.00119198243355751 -0.0266552410736
11200 8840 -5178 0.0274659882174453 0.00555690145492554 0.00208425623559952 -0.0268174088821411
11200 9040 -5178 0.0278584998585865 0.00560352675151825 0.00296977528524399 -0.0271270072097778
11200 9240 -5178 0.0284651488552192 0.00568345588874817 0.00394366209983826 -0.0276115620574951
11200 9440 -5178 0.0293041470253535 0.00578209871864319 0.00494629206752777 -0.0283010826263428
11200 9640 -5178 0.0304805660894639 0.00590619937896729 0.00603644696617127 -0.0292865548400879
11200 9840 -5178 0.0319662850515435 0.00601013515663147 0.00709450103187561 -0.0305843301925659
11400 9840 -5178 0.0326944936544339 0.00463335914421082 0.00546521878719330 -0.0319006030502319
11400 9640 -5178 0.0315333915747664 0.0047112424097 0.0048707029829 -0.0307973427581787
11400 9440 -5178 0.0305410912700326 0.00473167030048370 0.00414090932083130 -0.0298868850402832
11400 9240 -5178 0.0297778073205695 0.00472655248546600 0.00339378627014160 -0.0292031573333740
11400 9040 -5178 0.0291987354815532 0.00470955295181274 0.00261423194265366 -0.0286979578704834
11400 8840 -5178 0.0288157013373734 0.00469907709026337 0.00187995569038391 -0.0283671853713989
11400 8640 -5178 0.0285979245431852 0.00469441571235657 0.00113589062094688 -0.0281871158828735
11400 8440 -5178 0.0285416749714682 0.00469703942775726 0.000406361716032028 -0.0281497737350464
11400 8240 -5178 0.0286719527919 0.00470852902317047 -0.000365692253232002 -0.0282799445495606
11400 8040 -5178 0.0289517617576282 0.00473176091861725 -0.00109473697519302 -0.0285415935745239
11400 7840 -5178 0.0293822326978 0.00476315758991241 -0.00180629654645920 -0.0289377850036621
11400 7640 -5178 0.0299964961784644 0.00479102175521851 -0.00252602566671372 -0.0295034758605957
11400 7440 -5178 0.0308735125785222 0.00479394461345673 -0.00328479902172089 -0.0303229821929932
11400 7240 -5178 0.0319710207967740 0.00475558672523499 -0.00399222237682342 -0.0313601046142578
11400 7040 -5178 0.0332699118739671 0.00463821844863892 -0.00461097142982483 -0.0326225144729614
11600 7040 -5178 0.0335120628085491 0.00339388305282593 -0.00327143295574188 -0.0331784515151978
11600 7240 -5178 0.0325403891149875 0.00358434187412262 -0.00293445341682434 -0.0322087163009644
11600 7440 -5178 0.0316721138095351 0.00370222997379303 -0.00248591412973404 -0.0313554995727539
11600 7640 -5178 0.0309300068376696 0.00377489763259888 -0.00195165554618835 -0.0306363341445923
11600 7840 -5178 0.0303585671128139 0.00381048558044434 -0.00138763396048546 -0.0300867845535278
11600 8040 -5178 0.0299682029089 0.00382313383769989 -0.000825638552665710 -0.0297122290039
11600 8240 -5178 0.0297157189754636 0.00382270362281799 -0.000256898565113544 -0.0294676923828125
11600 8440 -5178 0.0295985931489530 0.00382012811851502 0.000334727479934692 -0.0293490591659546
11600 8640 -5178 0.0296364178526943 0.0038166819725 0.000930749870061875 -0.0293748613662720
11600 8840 -5178 0.0298232714713577 0.00380925823879242 0.00152747636103630 -0.0295404421844482
11600 9040 -5178 0.0301536665021849 0.00379201548957825 0.00209966298341751 -0.0298405033035278
11600 9240 -5178 0.0306485916255233 0.00376555552005768 0.00268882547616959 -0.0302968825302124
11600 9440 -5178 0.0312967769430469 0.00371499215602875 0.00323887868404389 -0.0309079000854492
11600 9640 -5178 0.0321319067128201 0.00362646185684204 0.00374058991622925 -0.0317067639694214
11600 9840 -5178 0.0330850813221807 0.00347362877655029 0.00410324438953400 -0.0326452196121216
11800 9840 -5178 0.0332865902766935 0.00254718291902542 0.00301665624189377 -0.0330515667572
11800 9640 -5178 0.0325629178088160 0.00271116980504990 0.00284617845487595 -0.0323253655929565
11800 9440 -5178 0.0318847426313680 0.00282696962308884 0.00253843684244156 -0.0316572018966675
11800 9240 -5178 0.0313260080642 0.00290282681989670 0.00216820155763626 -0.0311154654235840
11800 9040 -5178 0.0308831126429749 0.00295011797714233 0.001736098176 -0.0306927345123291
11800 8840 -5178 0.0305793894133314 0.00297988767623901 0.00129972253704071 -0.0304060857009888
11800 8640 -5178 0.0304007524867310 0.00299651725625992 0.000848369034290314 -0.0302410507507324
11800 8440 -5178 0.0303515418571742 0.00300150624036789 0.000398037144064903 -0.0302001210479736
11800 8240 -5178 0.0304523435052282 0.00299108720111847 -8.5418014511466e-05 -0.0303050345687866
11800 8040 -5178 0.0306772949267373 0.00297245072937012 -0.000532839408516884 -0.0305275979537964
11800 7840 -5178 0.0310120710149445 0.00294303145408630 -0.000948643194913864 -0.0308575305328369
11800 7640 -5178 0.0314764643324 0.00288945268106461 -0.00134534700083733 -0.0313139849472
11800 7440 -5178 0.0320989968916 0.00278970331525803 -0.00172487786388397 -0.0319315505905151
11800 7240 -5178 0.0328174239198237 0.00264475227022171 -0.00202094038724899 -0.0326467068634
11800 7040 -5178 0.0336023120504199 0.00244085412263870 -0.00220743391084671 -0.0334410874938965
12000 7040 -5178 0.0336220846671319 0.00171901924467087 -0.00137829141163826 -0.0335498116683960
12000 7240 -5178 0.0330109886200825 0.00188104855823517 -0.00128831343126297 -0.0329324114074707
12000 7440 -5178 0.0324333557458969 0.00200482489156723 -0.00111649489974976 -0.0323521451339722
12000 7640 -5178 0.0319089247166698 0.00210056732892990 -0.000874435229778290 -0.0318274628601
12000 7840 -5178 0.0314865646322154 0.00216420714092255 -0.000592765602946282 -0.0314065055160523
12000 8040 -5178 0.0311867477359879 0.00220088082218170 -0.000297392709732056 -0.0311076872558594
12000 8240 -5178 0.0309924876780337 0.00222103295087814 1.4006362131986e-05 -0.0309123410339355
12000 8440 -5178 0.0309004942568414 0.00223111571216583 0.000344936857044697 -0.0308186633758545
12000 8640 -5178 0.0309344434352507 0.00223043795394898 0.000678144650578499 -0.0308464756011963
12000 8840 -5178 0.0310865316155873 0.00221518543148041 0.00100745967912674 -0.0309915753936768
12000 9040 -5178 0.0313461252577312 0.00218456415414810 0.0013111906867 -0.0312433125762939
12000 9240 -5178 0.0317228130601767 0.00213798018217087 0.001610949404 -0.0316089934234619
12000 9440 -5178 0.0321995640292 0.00206688299083710 0.00186598700761795 -0.0320784183502197
12000 9640 -5178 0.0327741290206 0.00196404505825043 0.00206807258749008 -0.0326497953414917
12000 9840 -5178 0.0333932357789749 0.00182231164216995 0.00217103913402557 -0.0332725326995850
12200 9840 -5178 0.0334411061172588 0.00124269433808327 0.00149136159825325 -0.0333851590728760
12200 9640 -5178 0.0329370236025594 0.00134270634031296 0.00145464055061340 -0.0328765658035278
12200 9440 -5178 0.0324427641197447 0.00142025835323334 0.00134471347737312 -0.0323837545013428
12200 9240 -5178 0.0320170086107981 0.00147513694834709 0.00119045458483696 -0.0319606748733521
12200 9040 -5178 0.0316667053760195 0.00151195271825790 0.0009980972197 -0.0316146581878662
12200 8840 -5178 0.0314219665334751 0.00153692245221138 0.000802132509350777 -0.0313740051116943
12200 8640 -5178 0.0312756720431352 0.00154941254544258 0.000590164646983147 -0.0312315116271973
12200 8440 -5178 0.0312330538999 0.00155075269031525 0.0003752590723 -0.0311923091888428
12200 8240 -5178 0.0313102995440329 0.00153638998961449 0.000143249547511339 -0.0312722535629272
12200 8040 -5178 0.0314888677069636 0.00151674255704880 -6.18757273405791e-05 -0.0314521081161499
12200 7840 -5178 0.0317539147835506 0.00148733800625801 -0.0002506114453 -0.0317182694320679
12200 7640 -5178 0.0321057400314357 0.00144264582133293 -0.000417692000150681 -0.0320713273391724
12200 7440 -5178 0.0325685654324895 0.00136835931158066 -0.000570509795546532 -0.0325338957824707
12200 7240 -5178 0.0330835379334 0.00127165460348129 -0.000671987160563469 -0.0330511883163452
12200 7040 -5178 0.0336146325837426 0.00115222641158104 -0.000714480390787125 -0.0335866505126953
12400 7040 -5178 0.0335948429134610 0.000683226717352867 -0.000157589265227318 -0.0335876388549805
12400 7240 -5178 0.0331310063935873 0.000743030533432961 -0.0001476650471 -0.0331219901351929
12400 7440 -5178 0.0326710398085679 0.0007924768114 -0.000109011891916394 -0.0326613276290894
12400 7640 -5178 0.0322470660527936 0.000834381631612778 -4.21982402950525e-05 -0.0322362419586182
12400 7840 -5178 0.0319013957827384 0.000864583903551102 4.06044542007148e-05 -0.0318899607543945
12400 8040 -5178 0.0316467201147480 0.000883392879 0.000133107604742050 -0.0316343711624146
12400 8240 -5178 0.0314798492601148 0.0008946995182 0.000231764772415161 -0.0314662009963989
12400 8440 -5178 0.0314052544195755 0.000903226490497589 0.000339573784172535 -0.0313908195343
12400 8640 -5178 0.0314378340812640 0.000905831940889359 0.000450387964963913 -0.0314215536041260
12400 8840 -5178 0.0315714060980326 0.000901594777584076 0.000559950567126274 -0.0315538488693237
12400 9040 -5178 0.0317942017082524 0.000889020157575608 0.000656493730425835 -0.0317759374008179
12400 9240 -5178 0.0321149737278186 0.0008721586163 0.000754628026127815 -0.0320955883560181
12400 9440 -5178 0.0325130140307578 0.0008454869523 0.000836124956846237 -0.0324912623367310
12400 9640 -5178 0.0329762333173603 0.000807265576362610 0.000897182290792465 -0.0329548142852783
12400 9840 -5178 0.0334592998144351 0.000754755342125893 0.0009199340732 -0.0334388802947998
12600 9840 -5178 0.0334561470865309 0.000315147568225861 0.000401964935541153 -0.0334522106094360
12600 9640 -5178 0.0329996827737792 0.000319957904160023 0.0004061177082 -0.0329960162658691
12600 9440 -5178 0.0325520222392397 0.000321122249960899 0.000400123854517937 -0.0325479789428711
12600 9240 -5178 0.0321542239453 0.000318695177495480 0.000388096216917038 -0.0321501934204101
12600 9040 -5178 0.0318266854829818 0.000314449876785278 0.000372944779098034 -0.0318226382980347
12600 8840 -5178 0.0315939354570239 0.000311955091714859 0.000362863139688969 -0.0315901103591919
12600 8640 -5178 0.0314536813142439 0.0003087792322 0.000352458939850330 -0.0314503973846436
12600 8440 -5178 0.0314118311701285 0.000305559435546398 0.000344936533451080 -0.0314084509277344
12600 8240 -5178 0.0314776334281719 0.000296525415599346 0.0003331869769 -0.0314743561706543
12600 8040 -5178 0.0316388501527294 0.000291500149369240 0.000328388973474503 -0.0316360423278809
12600 7840 -5178 0.0318863114535272 0.000289594842672348 0.000328255344688892 -0.0318837188873291
12600 7640 -5178 0.0322133985378832 0.000286294098854065 0.000329566050171852 -0.0322111388854980
12600 7440 -5178 0.0326302283031259 0.000278615117013454 0.000331361487269402 -0.0326263963012695
12600 7240 -5178 0.0330992638172590 0.000269625945568085 0.000336792746841907 -0.0330957228393555
12600 7040 -5178 0.0335741002572923 0.000263586031317711 0.000345623749911785 -0.0335721596679688
12800 7040 -5178 0.0335514732891612 -0.000151385382413864 0.0008430546267 -0.0335403691711426
12800 7240 -5178 0.0330532362753424 -0.000203485561311245 0.000813137314558029 -0.0330426062774658
12800 7440 -5178 0.0325658391055432 -0.000244253855347633 0.0007592482326 -0.0325549057006836
12800 7640 -5178 0.0321236304331634 -0.000272488603055477 0.000687570358514786 -0.0321137967987
12800 7840 -5178 0.0317622077666523 -0.000290983595013619 0.000603636855244637 -0.0317543401412964
12800 8040 -5178 0.0315009225379234 -0.000304204763650894 0.000514053156733513 -0.0314946176605225
12800 8240 -5178 0.0313321088259599 -0.000311197791457176 0.000419722305417061 -0.0313276798400879
12800 8440 -5178 0.0312593691733643 -0.000308213966488838 0.000324259980320930 -0.0312560792846680
12800 8640 -5178 0.0312968967958103 -0.0003012563557 0.000230939653158188 -0.0312946016464233
12800 8840 -5178 0.0314393478029499 -0.000288098592340946 0.000142926590085030 -0.0314372218170166
12800 9040 -5178 0.0316728258407844 -0.000272735358059406 5.96670461967588e-05 -0.0316716060714722
12800 9240 -5178 0.0320111409888386 -0.000245744013071060 -1.03136108019971e-05 -0.0320094756851196
12800 9440 -5178 0.0324260043944810 -0.000211636099338531 -6.50519173517823e-05 -0.0324241702194214
12800 9640 -5178 0.0329192383231519 -0.000168272113770247 -9.79998371303081e-05 -0.0329190769882202
12800 9840 -5178 0.0334379510477600 -0.000118405542612076 -0.000110068035274744 -0.0334379152679443
13000 9840 -5178 0.0333799470547346 -0.000592916884660721 -0.000671764176487923 -0.0333679194412231
13000 9640 -5178 0.0328158671932768 -0.0006818684839 -0.000626977381229401 -0.0328022297592163
13000 9440 -5178 0.0322683861392 -0.000761336511492729 -0.000539538062453270 -0.0322554262084961
13000 9240 -5178 0.0318003500922666 -0.000823312994718552 -0.000414020043611527 -0.0317874010086
13000 9040 -5178 0.0314161689403 -0.000871648749351501 -0.000257370753586292 -0.0314025094680786
13000 8840 -5178 0.0311481098009213 -0.000902616364717483 -8.16618405729532e-05 -0.0311349218597412
13000 8640 -5178 0.0309882547471 -0.000922008470535278 0.000107968941718340 -0.0309741649093628
13000 8440 -5178 0.0309359933544853 -0.000931421015024185 0.000303132386565208 -0.0309204343338
13000 8240 -5178 0.0310031447321805 -0.000936757647037506 0.000508098366737366 -0.0309848191070557
13000 8040 -5178 0.0311843109287357 -0.000924823939085007 0.000705821583986282 -0.0311625266571
13000 7840 -5178 0.0314670716390565 -0.000898528851747513 0.000890153459072113 -0.0314416422958374
13000 7640 -5178 0.0318440534972556 -0.000856884963989258 0.00105963845825195 -0.0318150650634766
13000 7440 -5178 0.0323437451750280 -0.000798438163042068 0.00121281899213791 -0.0323102241592407
13000 7240 -5178 0.0329088996141218 -0.000716124894618988 0.00132484955286980 -0.0328745661239624
13000 7040 -5178 0.0335139539473153 -0.000607612960815430 0.00138448292613029 -0.0334800413131714
13200 7040 -5178 0.0334260392075884 -0.00114961203098297 0.00202050884771347 -0.0333451050872803
13200 7240 -5178 0.0327054331238942 -0.00131115954494476 0.00191517572164536 -0.0326223628463745
13200 7440 -5178 0.0320501217988 -0.00143238864326477 0.00173378554153442 -0.0319709497680664
13200 7640 -5178 0.0314681049544584 -0.00151793460702896 0.00148716685867310 -0.0313963698883
13200 7840 -5178 0.0310149465184725 -0.00157331016826630 0.00120927524566650 -0.0309520541229248
13200 8040 -5178 0.0306945599554527 -0.00160839483594894 0.000916929288625717 -0.0306380946426392
13200 8240 -5178 0.0304913951808289 -0.00162662227344513 0.000611919258713722 -0.0304411842727661
13200 8440 -5178 0.0304084442975880 -0.00162551400089264 0.000296285771965981 -0.0303631388320923
13200 8640 -5178 0.0304570654176 -0.00161400493049622 -1.56299742162228e-05 -0.0304133823776245
13200 8840 -5178 0.0306316995228702 -0.00158844500184059 -0.000320083436012268 -0.0305890685424805
13200 9040 -5178 0.0309189362119315 -0.00155198193883896 -0.000604374955415726 -0.0308737156982422
13200 9240 -5178 0.0313447018218278 -0.00149017666959763 -0.000867855664014816 -0.0312964256362915
13200 9440 -5178 0.0318833117074114 -0.00140672477436066 -0.00108856219482422 -0.0318325790557861
13200 9640 -5178 0.0325431996312694 -0.00129096174335480 -0.00124983873105049 -0.0324935557174683
13200 9840 -5178 0.0332732533020242 -0.00114543039321899 -0.00132992358899117 -0.0332250580444336
13400 9840 -5178 0.0330411192721298 -0.00183459585857391 -0.00215074285507202 -0.0329215958557129
13400 9640 -5178 0.0321820447454990 -0.00199823648405075 -0.00199007324886322 -0.0320574531173706
13400 9440 -5178 0.0314107638964132 -0.0021263433814 -0.00172784759759903 -0.0312907606201172
13400 9240 -5178 0.0307756785799523 -0.00221836227893829 -0.00139619721961021 -0.0306638829116821
13400 9040 -5178 0.0302746827603566 -0.002286942523 -0.0010112407453 -0.0301714633255
13400 8840 -5178 0.0299368484360753 -0.00232799625015259 -0.000606943221449852 -0.0298403359451294
13400 8640 -5178 0.0297346341566998 -0.00235386915779114 -0.000183161684691906 -0.0296410184555
13400 8440 -5178 0.0296694250135 -0.00236666254901886 0.000246214097976685 -0.0295737432632446
13400 8240 -5178 0.0297455462472498 -0.00237576002597809 0.000698922361969948 -0.0296420705718994
13400 8040 -5178 0.0299667436989211 -0.00236390064334869 0.00113230398964882 -0.0298518942337
13400 7840 -5178 0.0303249153975623 -0.00233102458429337 0.00154486670374870 -0.0301964070434570
13400 7640 -5178 0.0308164174284913 -0.00227293906211853 0.00193345372962952 -0.0306720323333740
13400 7440 -5178 0.0314942499809997 -0.00218292750597000 0.002308704741 -0.0313339150009155
13400 7240 -5178 0.0323156566039943 -0.00204249739551544 0.00261182388353348 -0.0321433970947266
13400 7040 -5178 0.0332578974858378 -0.00183715326261520 0.00280874157476425 -0.0330881184692383
13600 7040 -5178 0.0328845743749223 -0.00273808527708054 0.00380614419937134 -0.0325491802749634
13600 7240 -5178 0.0317314090699295 -0.00295250263452530 0.00347235975074768 -0.0314013697128296
13600 7440 -5178 0.0307596503377821 -0.0030838066864 0.00302515991449356 -0.0304545396728516
13600 7640 -5178 0.0299704894462490 -0.00315792806243897 0.00249711859416962 -0.0296988573303223
13600 7840 -5178 0.0293882488781308 -0.00319556025314331 0.0019432944355 -0.0291484905853271
13600 8040 -5178 0.0289859228147578 -0.00321249435329437 0.00139147635626793 -0.0287736184616
13600 8240 -5178 0.0287381996473830 -0.00321518869113922 0.000829032008886338 -0.0285459090194702
13600 8440 -5178 0.0286438138166538 -0.00320326019191742 0.000253119349 -0.0284632525482178
13600 8640 -5178 0.0287055757147614 -0.00318894122409821 -0.000317092774927616 -0.0285261315841675
13600 8840 -5178 0.0289207835903391 -0.0031679535284 -0.000882321737527847 -0.0287329435882568
13600 9040 -5178 0.0292770511483735 -0.00314049502944946 -0.00142664102149010 -0.0290734047317505
13600 9240 -5178 0.0298268332277588 -0.00308837699842453 -0.00196695966053009 -0.0296005438156128
13600 9440 -5178 0.0305501633663 -0.00301108361196518 -0.00246278435897827 -0.0303014941940308
13600 9640 -5178 0.0314979202065 -0.00288796605396271 -0.00289332993364334 -0.0312298852081299
13600 9840 -5178 0.0326151556899842 -0.00271085425186157 -0.00319724572467804 -0.0323473162155151
13800 9840 -5178 0.0318217596468758 -0.0038349754343 -0.00454031639099121 -0.0312595366058350
13800 9640 -5178 0.0305375507992793 -0.00394038443088532 -0.00399976593112946 -0.0300173100967407
13800 9440 -5178 0.0294923337721259 -0.00399680288696289 -0.00335655659103393 -0.0290273509445190
13800 9240 -5178 0.0286696307624650 -0.00402709473419190 -0.00266345713758469 -0.0282611675338745
13800 9040 -5178 0.0280495577983 -0.0040434722042 -0.00194277705287933 -0.0276878077926636
13800 8840 -5178 0.0276515743029674 -0.00404762424373627 -0.00124258066153526 -0.0273249202194214
13800 8640 -5178 0.0274136365133142 -0.00405659714317322 -0.000533571681857109 -0.0271066333618164
13800 8440 -5178 0.0273352381899226 -0.00406657245159149 0.000168284559786320 -0.0270306443023682
13800 8240 -5178 0.0274127128986793 -0.00409544626426697 0.000907177479267120 -0.0270899471435547
13800 8040 -5178 0.0276631458749936 -0.0041205379467 0.0016263858366 -0.0273068164062500
13800 7840 -5178 0.0280819465163268 -0.0041370832777 0.00232631824398041 -0.0276779332504272
13800 7640 -5178 0.0286857721156436 -0.00414705869388580 0.00303053306531906 -0.0282211492156982
13800 7440 -5178 0.0295483495762 -0.00414093564605713 0.00376708231067658 -0.0290132160491943
13800 7240 -5178 0.0306920523443843 -0.00408509273815155 0.00446752917766571 -0.0300890051345825
13800 7040 -5178 0.0321566294511843 -0.00393068196773529 0.00507103656673431 -0.0315109700164795
14000 7040 -5178 0.0308246227977997 -0.005443383996 0.00658108598518372 -0.0296172289733887
14000 7240 -5178 0.0292143528792658 -0.0054217096548 0.0056339738388 -0.0281485668792725
14000 7440 -5178 0.0279938297619513 -0.00533018472766876 0.00466289685726166 -0.0270835948028565
14000 7640 -5178 0.0270859530538731 -0.0052214726057 0.00368797884845733 -0.0263197741470337
14000 7840 -5178 0.0264480728975732 -0.00512268653964996 0.002763719738 -0.0257996220092773
14000 8040 -5178 0.0260258238993239 -0.0050514868412 0.00190114510011673 -0.0254594018859863
14000 8240 -5178 0.0257720853624980 -0.00499678252601624 0.0010522154951 -0.0252609331970215
14000 8440 -5178 0.0256834385380577 -0.00495508588409424 0.000194111633718014 -0.0252002539901733
14000 8640 -5178 0.0257522583357874 -0.00494346075725555 -0.0006560424652 -0.0252646891136169
14000 8840 -5178 0.0259805707636140 -0.00495419298171997 -0.00151832999539375 -0.0254591484413147
14000 9040 -5178 0.0263616690862113 -0.00498992983245850 -0.00237751275777817 -0.0257749892578125
14000 9240 -5178 0.0269686319771 -0.00503623936939239 -0.00329838703536987 -0.0262869822616577
14000 9440 -5178 0.0278049395185789 -0.00509458369827271 -0.0042419770565 -0.0270015467987
14000 9640 -5178 0.0289710476529355 -0.00515658042812347 -0.00522519551849365 -0.0280265538406372
14000 9840 -5178 0.0304859767783808 -0.00519336374092102 -0.00617562244129181 -0.0293987319564819
14200 9840 -5178 0.0283933007711 -0.00667020618438721 -0.00795123509025574 -0.0264294887542725
14200 9640 -5178 0.0269567702283121 -0.00637953833484650 -0.00653266283607483 -0.0253621487197876
14200 9440 -5178 0.0258570688404259 -0.00614485956001282 -0.00521892400646210 -0.0245676495895386
14200 9240 -5178 0.0250412081484413 -0.00596706797504425 -0.00401978001308441 -0.02398536166
14200 9040 -5178 0.0244491456313 -0.00584185276889801 -0.00289732279539108 -0.0235635099029541
14200 8840 -5178 0.0240736934955 -0.00576057037258148 -0.00187549105215073 -0.0232995937232971
14200 8640 -5178 0.0238529353835333 -0.00572425564956665 -0.000884329904317856 -0.0231391631546
14200 8440 -5178 0.0237754666824361 -0.00572576803588867 7.97899641096592e-05 -0.0230753704185486
14200 8240 -5178 0.0238314920447169 -0.00578738940811157 0.00109644218611717 -0.0230919957618713
14200 8040 -5178 0.0240494760257478 -0.00588290824031830 0.00208769902372360 -0.0232252061462402
14200 7840 -5178 0.0244313878036240 -0.00601856951808930 0.00309097690677643 -0.0234756450729370
14200 7640 -5178 0.0249939504162746 -0.00619962128162384 0.00414673423194885 -0.0238556658554
14200 7440 -5178 0.0258324390725 -0.0064657029457 0.00538229059028625 -0.0244228147811890
14200 7240 -5178 0.0269995357515839 -0.00679254796218872 0.00671516001319886 -0.0252529177360535
14200 7040 -5178 0.0286500600603661 -0.00717328827476502 0.00819697235679626 -0.0264986701736450
14400 7040 -5178 0.0256210650397893 -0.00866498075866699 0.00948751531219483 -0.0221665335388184
14400 7240 -5178 0.0242731247674 -0.00794375160408020 0.00762875119018555 -0.0216298368492127
14400 7440 -5178 0.0233096698441245 -0.00741295512199402 0.00606437919712067 -0.0212508413505554
14400 7640 -5178 0.0226107839231 -0.0070107942543 0.00464259875583649 -0.0209891064682
14400 7840 -5178 0.0221319057406525 -0.00672620985221863 0.003393019001 -0.0208099969520569
14400 8040 -5178 0.0218130105052910 -0.00653544271087647 0.00227452500009537 -0.0206863363304138
14400 8240 -5178 0.0216284389954904 -0.00641124575233460 0.00119993254446983 -0.0206215453834534
14400 8440 -5178 0.0215733715202846 -0.00633836419868469 0.000124350971713662 -0.0206207091674805
14400 8640 -5178 0.0216376392954973 -0.00633382576084137 -0.000942294210433960 -0.0206681853713989
14400 8840 -5178 0.0218209002407880 -0.00638751813888550 -0.00203813637304306 -0.0207655233879
14400 9040 -5178 0.0221188274585171 -0.00650344258689880 -0.00316266313266754 -0.0209039491081238
14400 9240 -5178 0.0226057705944784 -0.0066893986988 -0.0044283494215 -0.0211348151092529
14400 9440 -5178 0.0233024564445388 -0.00696494972229004 -0.00584836703014374 -0.0214548644866943
14400 9640 -5178 0.0242776510744239 -0.00736662551689148 -0.00750713543128967 -0.0218829495582581
14400 9840 -5178 0.0256163146814665 -0.00792333860969543 -0.00948065168762207 -0.0224415435981750
14600 9840 -5178 0.0223340346521669 -0.00849352669334411 -0.0101554289703369 -0.0179870437889
14600 9640 -5178 0.0213710106291922 -0.00786254195213318 -0.00806671476173401 -0.0181610726203918
14600 9440 -5178 0.0206676683953998 -0.00741140350151062 -0.00633399003982544 -0.0182237258872986
14600 9240 -5178 0.0201342183998222 -0.00708718984222412 -0.0048248512268 -0.0182170268707275
14600 9040 -5178 0.0197398993289426 -0.00686378747558594 -0.00346250394535065 -0.0181815701332
14600 8840 -5178 0.0194942226051167 -0.00672616416168213 -0.00225856205892563 -0.0181574291992188
14600 8640 -5178 0.0193424936939738 -0.00665982961463928 -0.00110683645153046 -0.0181257402229309
14600 8440 -5178 0.0192840957113979 -0.00665471598815918 -2.03743340139044e-06 -0.0180994778480530
14600 8240 -5178 0.0192994198171976 -0.00672757898521423 0.00115041818094254 -0.0180522865715
14600 8040 -5178 0.0194192211377 -0.00686491107368469 0.0022953191266 -0.0180198254966736
14600 7840 -5178 0.0196464919487182 -0.00707521640014649 0.00346772521781921 -0.0179974814147949
14600 7640 -5178 0.0199837095473309 -0.00737209587097168 0.00472738854217530 -0.0179626092987
14600 7440 -5178 0.0204717641707 -0.00781366707038879 0.0062151497879 -0.0178720913238525
14600 7240 -5178 0.0211570417559762 -0.00842997137641907 0.00793884036827087 -0.0177080630950928
14600 7040 -5178 0.0221375008808940 -0.00930539243507385 0.0100236257743835 -0.0174063838500977
14800 7040 -5178 0.0186217814507332 -0.00890358462524414 0.00965421751594543 -0.0132019006309509
14800 7240 -5178 0.0180465748846 -0.00825128501701355 0.00781654425239563 -0.0140175756454468
14800 7440 -5178 0.0176288341147459 -0.00774344231414795 0.00622548596096039 -0.0145622188529968
14800 7640 -5178 0.0173307265461139 -0.00735195732879639 0.00476980315589905 -0.0149518101692200
14800 7840 -5178 0.0171241295990593 -0.00706764980506897 0.00347695819759369 -0.0152049204711914
14800 8040 -5178 0.0169839779379680 -0.00687376206398010 0.00231331093168259 -0.0153576608314514
14800 8240 -5178 0.0169077671465530 -0.0067447257843 0.00118686580228806 -0.0154586155700684
14800 8440 -5178 0.0168995240864446 -0.00667503257942200 6.51166272982955e-05 -0.0155254636573792
14800 8640 -5178 0.0169447825635854 -0.0066725401268 -0.00105207522916794 -0.0155399574432373
14800 8840 -5178 0.0170481988122400 -0.00673119415664673 -0.00219970448541641 -0.0155077390403748
14800 9040 -5178 0.0172034703782340 -0.00684957802581787 -0.00337908165931702 -0.0154152872543335
14800 9240 -5178 0.0174581926474880 -0.00704468612289429 -0.00470146926116943 -0.0152662175903320
14800 9440 -5178 0.0178172816326442 -0.00732723801994324 -0.00617897914791107 -0.0150189547500610
14800 9640 -5178 0.0183110007676424 -0.00772914108467102 -0.00789616962432861 -0.0146021841430664
14800 9840 -5178 0.0189610345447961 -0.00825354330635071 -0.00987167008018494 -0.0139264960632324
15000 9840 -5178 0.0157558915072849 -0.00746080776405335 -0.00890512819862366 -0.0106434560394287
15000 9640 -5178 0.0154537460934524 -0.00716518522262573 -0.00736676099205017 -0.0115415133953
15000 9440 -5178 0.0152085339506314 -0.00691078216171265 -0.00593461369228363 -0.0121788770065308
15000 9240 -5178 0.0150062021898317 -0.00670531425666809 -0.00459969263553619 -0.0126113594474792
15000 9040 -5178 0.0148487624512649 -0.00655387978935242 -0.00334881941604614 -0.0128961537857
15000 8840 -5178 0.0147511353767751 -0.00645929401969910 -0.0022172670679 -0.0130749086952210
15000 8640 -5178 0.0146833239901797 -0.006412627985 -0.00111744387745857 -0.0131616687736511
15000 8440 -5178 0.0146473409172955 -0.00641054567909241 -5.29932175837457e-05 -0.0131698894462585
15000 8240 -5178 0.0146245394068430 -0.00646397753524781 0.00105654889392853 -0.0130755189208984
15000 8040 -5178 0.0146421048181858 -0.00656402941513062 0.00215184972667694 -0.0129101636734
15000 7840 -5178 0.0147059970629119 -0.00671631696891785 0.00325501553058624 -0.0126714352149963
15000 7640 -5178 0.0148044251097595 -0.00691745536994934 0.00440919740962982 -0.0123237274036407
15000 7440 -5178 0.0149306481098183 -0.00719025390243530 0.00572865342712402 -0.0117646517887116
15000 7240 -5178 0.0151153905407942 -0.0075255838623 0.00715450300407410 -0.0109843384838104
15000 7040 -5178 0.0153777741941209 -0.00790668338775635 0.00871954730987549 -0.00989618982887268
15200 7040 -5178 0.0125805642340254 -0.00674713529396057 0.00754403435134888 -0.0074724296379
15200 7240 -5178 0.0125111005927598 -0.00659947393608093 0.00637241173171997 -0.0085068766613
15200 7440 -5178 0.0124672540607859 -0.0064325634346 0.00523333791542053 -0.0093096584053
15200 7640 -5178 0.0124552324195805 -0.0062785808115 0.00409000512886047 -0.00994916336059570
15200 7840 -5178 0.0124513592336217 -0.00615014637184143 0.00301989723968506 -0.0103968290195465
15200 8040 -5178 0.0124469711499448 -0.00604975896644592 0.00201500087976456 -0.0106892548103333
15200 8240 -5178 0.0124565633472465 -0.00597837613964081 0.00102256433105469 -0.01088039221
15200 8440 -5178 0.0124810845944258 -0.00593699099826813 2.58194785834385e-05 -0.0109785646877289
15200 8640 -5178 0.01251192186 -0.00593312898731232 -0.000977239626169205 -0.0109725048046112
15200 8840 -5178 0.0125473013084 -0.00595848392963410 -0.00199104128551483 -0.0108614916515350
15200 9040 -5178 0.0125831671755831 -0.00601090972709656 -0.00300373466873169 -0.0106387329349518
15200 9240 -5178 0.0126497451238894 -0.00609718735313416 -0.00410786107254028 -0.0102939683399200
15200 9440 -5178 0.0127329167353287 -0.00620856422328949 -0.00526310489845276 -0.00979265255165100
15200 9640 -5178 0.0128353217667985 -0.00634361328887939 -0.00648919929695129 -0.00907706962585449
15200 9840 -5178 0.0129439782989215 -0.00647075572776794 -0.00772460079002380 -0.00812443457412720
15400 9840 -5178 0.0105519154640673 -0.00548054467391968 -0.00653321230316162 -0.00621512583827973
15400 9640 -5178 0.0105891880424930 -0.00547784439468384 -0.0056470364418 -0.00708767265129089
15400 9440 -5178 0.0106100128276301 -0.00545025767612457 -0.00471070064544678 -0.00778967381095886
15400 9240 -5178 0.0106120017538306 -0.00541004553413391 -0.00374686084938049 -0.00832579858016968
15400 9040 -5178 0.0106021398354343 -0.0053723836193 -0.00277246001529694 -0.00870965481376648
15400 8840 -5178 0.0106017086752756 -0.00535031422424316 -0.00186632852935791 -0.00895998829841614
15400 8640 -5178 0.0105914805549683 -0.00534206811046600 -0.000963610011339187 -0.00909468110466003
15400 8440 -5178 0.0105733597322720 -0.00534687055492401 -7.0944424495101e-05 -0.00912171262741089
15400 8240 -5178 0.0105281237076958 -0.00536872502422333 0.000863313321113586 -0.00901538520431518
15400 8040 -5178 0.0104899103485594 -0.00540844109344483 0.00176503107118607 -0.00881280023002625
15400 7840 -5178 0.0104532575630397 -0.00546393864727020 0.00265197386264801 -0.00850890024948120
15400 7640 -5178 0.0104122228364465 -0.005527427042 0.00354932412815094 -0.00807840309333801
15400 7440 -5178 0.0103467626508531 -0.00558941099452972 0.00451042018795014 -0.00744782463645935
15400 7240 -5178 0.0102850356470904 -0.00563830557346344 0.00546096706867218 -0.0066458518753
15400 7040 -5178 0.0102315842509989 -0.00565123124408722 0.00638707435894012 -0.00565281564521789
15600 7040 -5178 0.00829904173429162 -0.0046927340517 0.00533753299999237 -0.00428484600067139
15600 7240 -5178 0.00839164218327725 -0.00473986077785492 0.00465085519599915 -0.00513035491752625
15600 7440 -5178 0.00849201942669707 -0.00475531905746460 0.00391857609653473 -0.00584346609306335
15600 7640 -5178 0.0085999401461 -0.00475690978145599 0.00313097932958603 -0.00644403928565979
15600 7840 -5178 0.00868897162346814 -0.00474436390399933 0.00234364057874680 -0.00689167290687561
15600 8040 -5178 0.00875288400827370 -0.00472547173786163 0.00157508947825432 -0.00719748974227905
15600 8240 -5178 0.00880257442438217 -0.00470779826164246 0.000793820860981941 -0.00739539048767090
15600 8440 -5178 0.00884178028569289 -0.00469371792984009 3.30813099717489e-07 -0.00749315734291077
15600 8640 -5178 0.00885742718121027 -0.00468584356594086 -0.000792162781238556 -0.00747450404548645
15600 8840 -5178 0.00885436024971013 -0.00468094173336029 -0.00158605979776382 -0.0073466668663
15600 9040 -5178 0.00882804448969598 -0.00467674939441681 -0.00236362584638596 -0.00710482221603394
15600 9240 -5178 0.00879309908012300 -0.00467323644447327 -0.00317232687616348 -0.00673884137725830
15600 9440 -5178 0.00874061383624725 -0.00466265472698212 -0.00396825900745392 -0.00623852766609192
15600 9640 -5178 0.00866730325131816 -0.00463782376003265 -0.00475329394531250 -0.00556992403221130
15600 9840 -5178 0.00857448236228715 -0.0045839988861 -0.0054685501461 -0.00475309615039825
15800 9840 -5178 0.00691601478949077 -0.00378023449897766 -0.00450972338867188 -0.00363365967845917
15800 9640 -5178 0.00705557622975905 -0.00386781626796722 -0.00399518931961060 -0.00434305809974670
15800 9440 -5178 0.00717469197087409 -0.00393278213787079 -0.00340958825302124 -0.00493790497779846
15800 9240 -5178 0.00726438153805851 -0.00397586749744415 -0.00276462466382980 -0.00541464331817627
15800 9040 -5178 0.00732631290714865 -0.00400517495632172 -0.00208595240688324 -0.00576969117546082
15800 8840 -5178 0.00737129208262997 -0.00402715531063080 -0.00142423075056076 -0.00600765828037262
15800 8640 -5178 0.0073881894315 -0.00404214447307587 -0.000744169648885727 -0.00613949825382233
15800 8440 -5178 0.00738089638436785 -0.00405093363189697 -6.52851129993796e-05 -0.0061695895853
15800 8240 -5178 0.00733394669211079 -0.00405370285034180 0.000643603284716606 -0.00607794572639465
15800 8040 -5178 0.00727231771566162 -0.00405286830329895 0.00132324665665627 -0.00589169412136078
15800 7840 -5178 0.00719952357163054 -0.00404960823726654 0.00197150956201553 -0.0056165781784
15800 7640 -5178 0.00710099255766851 -0.00403348519802094 0.00261345034265518 -0.00522771468639374
15800 7440 -5178 0.00696838769896848 -0.0039953060255 0.00325917613792419 -0.00468647696208954
15800 7240 -5178 0.00682290034266176 -0.00393479904747009 0.00386017229366303 -0.0040209943304
15800 7040 -5178 0.00668237330764368 -0.00384790554714203 0.00440232931137085 -0.00323508210229874
16000 7040 -5178 0.00534708108717948 -0.00310379959535599 0.00357625113582611 -0.0024834978857
16000 7240 -5178 0.00550139669974203 -0.00320818419361115 0.00318841692113876 -0.00313130620765686
16000 7440 -5178 0.00565336128146173 -0.00328872330951691 0.00273928418827057 -0.00369293215847015
16000 7640 -5178 0.00580012678983855 -0.00335403543758392 0.00222463411045074 -0.00417647221183777
16000 7840 -5178 0.00591730225994719 -0.00339619220924378 0.00168603673839569 -0.00454266580867767
16000 8040 -5178 0.00599886126523889 -0.0034179669981 0.00114075886917114 -0.00479572354984283
16000 8240 -5178 0.0060609074608 -0.00342927791976929 0.000573854705452919 -0.0049642789011
16000 8440 -5178 0.00610141171992124 -0.00342994505214691 -9.15028018361772e-06 -0.00504579334449768
16000 8640 -5178 0.00610910152902435 -0.00342173144721985 -0.000590968823194504 -0.00502621892166138
16000 8840 -5178 0.00608732709229551 -0.00340189294147491 -0.00116686732983589 -0.00491116525077820
16000 9040 -5178 0.00603519757985412 -0.00337006581115723 -0.0017151619873 -0.00470320140552521
16000 9240 -5178 0.00595817233046167 -0.00332517512893677 -0.00226846669673920 -0.00439284494686127
16000 9440 -5178 0.0058512400332 -0.00326261694717407 -0.00278785423851013 -0.00397719064521790
16000 9640 -5178 0.0057118556155 -0.00317962343454361 -0.0032663368225 -0.00344157040405273
16000 9840 -5178 0.00554301241155308 -0.0030697256298 -0.00366615384578705 -0.00280386267662048
16200 9840 -5178 0.00441825370122863 -0.00245088970661163 -0.00292569203662872 -0.00222514205408096
16200 9640 -5178 0.00460665357938021 -0.00257266380405426 -0.00266287958765030 -0.00274075362873077
16200 9440 -5178 0.00476298506665526 -0.00267130160665512 -0.0023276125431 -0.00318328176212311
16200 9240 -5178 0.00488356309766480 -0.00274615883827210 -0.00192760602998734 -0.00354849478912353
16200 9040 -5178 0.00496960387447749 -0.00280137251329422 -0.00147530386877060 -0.00383002721595764
16200 8840 -5178 0.00502803122702852 -0.00284036196851730 -0.00102068774437904 -0.00402138756656647
16200 8640 -5178 0.00505542525616787 -0.00286430190944672 -0.000541270465135574 -0.00413039046287537
16200 8440 -5178 0.00505496666333795 -0.00287413494586945 -5.64234971106052e-05 -0.00415798119544983
16200 8240 -5178 0.00501495866256442 -0.00286833048915863 0.000446627965569496 -0.00408968098163605
16200 8040 -5178 0.00495143441001511 -0.00284811207485199 0.000929488590717316 -0.00394243601894379
16200 7840 -5178 0.00486876562339661 -0.00281724349355698 0.001381843997 -0.00372267925739288
16200 7640 -5178 0.00476079860235980 -0.0027686407504 0.00180995166301727 -0.00342435298728943
16200 7440 -5178 0.00461343695253021 -0.00269097035598755 0.00222128439903259 -0.00301779172897339
16200 7240 -5178 0.00444229268842358 -0.00258792474699020 0.00257570531654358 -0.00253038465929031
16200 7040 -5178 0.00425098520796836 -0.00245416120719910 0.00286141987276077 -0.0019652574377
16400 7040 -5178 0.00339995983583209 -0.00193163705301285 0.00227671372222900 -0.00162617217683792
16400 7240 -5178 0.00357887454764539 -0.00206083875465393 0.00208247919368744 -0.0020551769762
16400 7440 -5178 0.00373548364469488 -0.00216194104814529 0.00182669257354736 -0.00243804601097107
16400 7640 -5178 0.00387995137919722 -0.00224772142219543 0.00150703410148621 -0.00278029740571976
16400 7840 -5178 0.00399234884815051 -0.00230708587121963 0.00115375487565994 -0.00304699174928665
16400 8040 -5178 0.00407160855901955 -0.00234422237968445 0.000785435292124748 -0.00323486772155762
16400 8240 -5178 0.00412901100606903 -0.00236672123193741 0.000394240788578987 -0.00336021554946899
16400 8440 -5178 0.00416317040547254 -0.00237382283449173 -1.19984864731814e-05 -0.00342018084526062
16400 8640 -5178 0.00416612039387915 -0.00236609212112427 -0.000417165771 -0.00340349458694458
16400 8840 -5178 0.00414050557223387 -0.00234280268716812 -0.000814860539197922 -0.00331488669967651
16400 9040 -5178 0.00408415645495789 -0.00230279090452194 -0.00118737584328651 -0.00315715482759476
16400 9240 -5178 0.00399942585778111 -0.00224539047384262 -0.00154755889058113 -0.00292528318738937
16400 9440 -5178 0.00388279101282003 -0.00216902028179169 -0.0018643499279 -0.00262619960594177
16400 9640 -5178 0.003727763576 -0.00206855235671997 -0.00213295710229874 -0.00225188519573212
16400 9840 -5178 0.00353572204808727 -0.00194272195386887 -0.00232458268833160 -0.00182392736768723
16600 9840 -5178 0.00285433382082268 -0.00153981282544136 -0.00184531528997421 -0.00153980826854706
16600 9640 -5178 0.00302668038618892 -0.00165216435003281 -0.00172215309572220 -0.00186155336427689
16600 9440 -5178 0.00317146185012361 -0.00174743916416168 -0.00153322581601143 -0.00215736065816879
16600 9240 -5178 0.00328405994853499 -0.00182276956558228 -0.00128854591417313 -0.00240844600009918
16600 9040 -5178 0.0033657724246 -0.00187974636697769 -0.000998789542675018 -0.0026071804881
16600 8840 -5178 0.00342078716415098 -0.00191969178628922 -0.000696357562541962 -0.00274438598108292
16600 8640 -5178 0.00344906289811656 -0.0019446831727 -0.000373636805772782 -0.00282396084976196
16600 8440 -5178 0.00345133688314545 -0.00195358731698990 -4.27246238067746e-05 -0.00284483818864822
16600 8240 -5178 0.00341704720136515 -0.00194314452075958 0.000308139421164989 -0.00279381127023697
16600 8040 -5178 0.00336525215051142 -0.00191966826105118 0.000631464837789535 -0.0026907545576
16600 7840 -5178 0.00329422492526435 -0.00188373788118362 0.000932607061862946 -0.00253647265338898
16600 7640 -5178 0.00320034186463101 -0.00183000533819199 0.00120926387333870 -0.00233026723337173
16600 7440 -5178 0.00306812600778303 -0.00174824431133270 0.00146556445002556 -0.00205176915216446
16600 7240 -5178 0.00291656478552837 -0.00164705166673660 0.00166843897056580 -0.00173552649688721
16600 7040 -5178 0.00274298777028530 -0.00152299518704414 0.00181136189889908 -0.00138693761634827
16800 7040 -5178 0.00224674865167914 -0.00121394232201576 0.0014515147705 -0.00121133332061768
16800 7240 -5178 0.00238913953528956 -0.00131452497029304 0.00134712963247299 -0.00147156702065468
16800 7440 -5178 0.00251422698003719 -0.00139858360242844 0.00119680281662941 -0.00171255556106567
16800 7640 -5178 0.00262874598085890 -0.00147210853481293 0.000998889744043350 -0.00193531733846664
16800 7840 -5178 0.00271895751661420 -0.00152658711671829 0.000770894630193710 -0.00211376044559479
16800 8040 -5178 0.00278316375915911 -0.00156216866588593 0.000526976359486580 -0.00224218559885025
16800 8240 -5178 0.00282819137111637 -0.00158413174247742 0.000264137424230576 -0.00232821045303345
16800 8440 -5178 0.00285475490406466 -0.00159278908777237 -1.14859084910713e-05 -0.00236907799434662
16800 8640 -5178 0.00285525942423936 -0.00158651592731476 -0.000285319945573807 -0.00235682753515244
16800 8840 -5178 0.00283153677922936 -0.00156515646481514 -0.000550705102324486 -0.00229447372245789
16800 9040 -5178 0.00278392614457872 -0.00152952322006226 -0.000795532863736153 -0.00218593569278717
16800 9240 -5178 0.00271276689519699 -0.00147922805285454 -0.00102701560282707 -0.00202898471307755
16800 9440 -5178 0.0026151960609 -0.00141248622632027 -0.00122324472951889 -0.00182971078014374
16800 9640 -5178 0.00248790949125990 -0.00132832779264450 -0.00137857465171814 -0.00158895274996757
16800 9840 -5178 0.00233399257748371 -0.001227837116 -0.00147806740498543 -0.00132523929357529
17000 9840 -5178 0.00193226361425646 -0.000985822134017944 -0.00119192723178864 -0.0011579249897
17000 9640 -5178 0.00205782586964677 -0.00106681512165070 -0.0011203553512 -0.00135712519884110
17000 9440 -5178 0.00216572901168961 -0.00113803032469749 -0.00100675803828239 -0.00154310775852203
17000 9240 -5178 0.00225264100876575 -0.00119707044696808 -0.000853671847343445 -0.00170691993379593
17000 9040 -5178 0.00231642831953872 -0.00124232259583473 -0.000667184242367744 -0.00183765036201477
17000 8840 -5178 0.00235953008951921 -0.00127452775716782 -0.000468562651872635 -0.00192974134874344
17000 8640 -5178 0.00238255758585113 -0.00129463758969307 -0.000252881856441498 -0.0019839777975
17000 8440 -5178 0.00238505740181228 -0.0013014453926 -3.08349216170609e-05 -0.00199853112506866
17000 8240 -5178 0.002361974613 -0.001293335783 0.000202399851113558 -0.00196620145606995
17000 8040 -5178 0.0023220587704 -0.00127278418469429 0.000421631375074387 -0.00189609502696991
17000 7840 -5178 0.0022674988225 -0.00124191269707680 0.000620833243966103 -0.00179269903945923
17000 7640 -5178 0.00219644813995510 -0.00119843060636520 0.000800505529880524 -0.00165760921812058
17000 7440 -5178 0.00209986394124129 -0.00113621479272842 0.000962392441272736 -0.00148059509801865
17000 7240 -5178 0.00198756273623672 -0.00106118245983124 0.00108706572198868 -0.00128159607148170
17000 7040 -5178 0.00186112015681753 -0.000974029956817627 0.0011718527379 -0.00106909529542923
17200 7040 -5178 0.001561788021 -0.000789321135759354 0.000953769297838211 -0.000952091431379318
17200 7240 -5178 0.00166012286903438 -0.000855757838010788 0.000886829521656037 -0.00111226850438118
17200 7440 -5178 0.00174866231154454 -0.000913971114873886 0.000790364187836647 -0.00126395090651512
17200 7640 -5178 0.00182925774415023 -0.000966340570688248 0.000662575031638145 -0.00140507488179207
17200 7840 -5178 0.0018941069491 -0.00100635806584358 0.000513028578996658 -0.00152042305135727
17200 8040 -5178 0.00194052384711706 -0.00103343263268471 0.000351619761884213 -0.0016044476583
17200 8240 -5178 0.00197348128336539 -0.00105041663861275 0.0001752955203 -0.00166163839149475
17200 8440 -5178 0.00199153826932112 -0.00105682374405861 -9.24322092530201e-06 -0.00168789479017258
17200 8640 -5178 0.00199187861812203 -0.00105307580471039 -0.000192746553957462 -0.00167973933744431
17200 8840 -5178 0.00197381608266027 -0.00103687786126137 -0.000369892019748688 -0.00163797342252731
17200 9040 -5178 0.00193809086885452 -0.00101010224223137 -0.000532252420425415 -0.00156606119537353
17200 9240 -5178 0.00188469965732114 -0.000972187692880631 -0.000682922353744507 -0.00146327528595924
17200 9440 -5178 0.00181404688464667 -0.000923937250137329 -0.000808487726449967 -0.00133554463338852
17200 9640 -5178 0.00172349530451586 -0.000864582167148590 -0.0009074404993 -0.00118299851274490
17200 9840 -5178 0.00161785974225398 -0.000797093928933144 -0.000970532918214798 -0.00101941947865486
17400 9840 -5178 0.00136817266559961 -0.000648546856641769 -0.000795533090591431 -0.000904608461380005
17400 9640 -5178 0.00145200375924459 -0.000701143004655838 -0.000745985782861710 -0.00102966917777061
17400 9440 -5178 0.00152555557329330 -0.000748769664525986 -0.000670584374189377 -0.00114762795662880
17400 9240 -5178 0.0015864247578 -0.000789217537999153 -0.000570322872519493 -0.00125251362061501
17400 9040 -5178 0.00163214619035060 -0.000821502754211426 -0.000447604222297668 -0.00133741092729568
17400 8840 -5178 0.00166315070597065 -0.000844678483247757 -0.000314869243443012 -0.00139761276531219
17400 8640 -5178 0.00167995824307087 -0.000859195084571838 -0.0001708842656 -0.00143347203421593
17400 8440 -5178 0.00168179643645880 -0.000863507859230042 -2.12500534728169e-05 -0.00144314975714684
17400 8240 -5178 0.00166568995614860 -0.000857361982345581 0.000135206683278084 -0.00142145186614990
17400 8040 -5178 0.00163828176205512 -0.000842957080364227 0.0002816409738 -0.00137632978343964
17400 7840 -5178 0.00160057811488169 -0.000821239232778549 0.0004144266864 -0.00131000593972206
17400 7640 -5178 0.00155049286212017 -0.000790559802293778 0.000533737319469452 -0.00122236156201363
17400 7440 -5178 0.00148272340688138 -0.000747689458847046 0.000641469951033592 -0.00110812990808487
17400 7240 -5178 0.00140597491478970 -0.000698070943832397 0.000724041672587395 -0.000982629532814026
17400 7040 -5178 0.00132132121119343 -0.000642089940190315 0.0007820780245 -0.000849597301483154
17600 7040 -5178 0.00113000287559410 -0.000526842761874199 0.000645574606180191 -0.000763369240880012
17600 7240 -5178 0.0011953518291 -0.000568908696532249 0.0005979383918 -0.000864684086799622
17600 7440 -5178 0.00125490000208316 -0.000606277179121971 0.000532049450278282 -0.000961303782463073
17600 7640 -5178 0.0013099968214 -0.000640527005076408 0.000445430693149567 -0.00105235916471481
17600 7840 -5178 0.00135480542862853 -0.000667928072333336 0.000344719376981258 -0.00112724781155586
17600 8040 -5178 0.00138649226398362 -0.000686290145158768 0.000236162243664265 -0.00118135262703896
17600 8240 -5178 0.00140883605479630 -0.000697951931476593 0.000117293986320496 -0.00121830705332756
17600 8440 -5178 0.00142173106531819 -0.000702924214243889 -7.31378906073223e-06 -0.00123583164596558
17600 8640 -5178 0.00142107630939468 -0.000699885254740715 -0.000130640078246593 -0.00122989372348785
17600 8840 -5178 0.00140819932742524 -0.000688709097385407 -0.0002500099141 -0.00120259992241859
17600 9040 -5178 0.00138331067384041 -0.000670349654197693 -0.000359135843575001 -0.00115559283065796
17600 9240 -5178 0.00134659717601901 -0.000644825867056847 -0.000459742905020714 -0.00108916296529770
17600 9440 -5178 0.00129757646314873 -0.000612041907072067 -0.000544935943961144 -0.00100627557039261
17600 9640 -5178 0.00123662352602651 -0.000573177114367485 -0.000611967849731445 -0.000908968188524246
17600 9840 -5178 0.00116642368887393 -0.0005298049376 -0.0006573395518 -0.000804832692980766
17800 9840 -5178 0.00100318008389040 -0.000435318568468094 -0.000546247032761574 -0.000720104970932007
17800 9640 -5178 0.0010588356749 -0.000469117972493172 -0.000509508782029152 -0.000801196551084518
17800 9440 -5178 0.0011077894354 -0.000499467074155807 -0.000456816282868385 -0.000876863361597061
17800 9240 -5178 0.00114886346825138 -0.000525974961519241 -0.000387939518153667 -0.000944908932685852
17800 9040 -5178 0.00118005100656188 -0.000547336866140366 -0.000303581314921379 -0.0010003904829
17800 8840 -5178 0.00120129869444802 -0.000562593575835228 -0.000213583155214787 -0.00103981732058525
17800 8640 -5178 0.00121341683755081 -0.000572556563735008 -0.000116175809621811 -0.00106366000795364
17800 8440 -5178 0.0012152398858 -0.000575787155270576 -1.49754121247679e-05 -0.0010698111937
17800 8240 -5178 0.00120463327873092 -0.000571978593826294 9.10877535045147e-05 -0.00105624208736420
17800 8040 -5178 0.00118644732197654 -0.000562498930573464 0.000189899707287550 -0.0010270822184
17800 7840 -5178 0.00115999448424891 -0.000547704408049583 0.000280489431321621 -0.000983507781028748
17800 7640 -5178 0.00112610124815570 -0.0005275439397 0.000362206303596497 -0.000926611032962799
17800 7440 -5178 0.00108108835989151 -0.000500148463129997 0.000435501304626465 -0.000853682395696640
17800 7240 -5178 0.00102897571907664 -0.000468003445148468 0.000493936665415764 -0.0007720428164
17800 7040 -5178 0.000972931108287472 -0.000433452832698822 0.0005364224832 -0.000686365212798119
18000 7040 -5178 0.000844108372614017 -0.000357590420722961 0.0004486449784 -0.0006190745964
18000 7240 -5178 0.000887357155962011 -0.000383856137096882 0.000412776767969132 -0.000685361459374428
18000 7440 -5178 0.000927940012996870 -0.0004081109699 0.000365214021682739 -0.0007489859935
18000 7640 -5178 0.000964784639432656 -0.000430005333423615 0.000304938417851925 -0.000808049759387970
18000 7840 -5178 0.000994814990515873 -0.000447333467841148 0.000235669622838497 -0.000856801617145539
18000 8040 -5178 0.00101597645076525 -0.000459137146234512 0.000161494132727385 -0.000891807644367218
18000 8240 -5178 0.00103108722212066 -0.000466807343363762 7.98338248580694e-05 -0.000915984483
18000 8440 -5178 0.00103941682265497 -0.000469847984790802 -5.16896214993903e-06 -0.000927363683223724
18000 8640 -5178 0.00103937903644809 -0.000468100299477577 -8.9351061090827e-05 -0.000923651470899582
18000 8840 -5178 0.0010309206617 -0.000461096048116684 -0.000170962511181831 -0.000905818725824356
18000 9040 -5178 0.00101373534971658 -0.000449035683989525 -0.000246104360818863 -0.000874823754549027
18000 9240 -5178 0.000988579339198180 -0.000432079163312912 -0.000315657676041126 -0.000831271126747131
18000 9440 -5178 0.000955657561461619 -0.000411099581837654 -0.000374429368615151 -0.000777292880535126
18000 9640 -5178 0.000914871918991330 -0.000386156133234501 -0.000422650128960609 -0.000713499007344246
18000 9840 -5178 0.000868540696296587 -0.000358419186830521 -0.000457107865810394 -0.000645717451095581
18200 9840 -5178 0.000755986293384941 -0.000295639627933502 -0.000383969554 -0.000580195140480995
18200 9640 -5178 0.000793546509754914 -0.0003172574954 -0.0003555432648 -0.0006344356122
18200 9440 -5178 0.000826713337610022 -0.000337104894399643 -0.000317314925253391 -0.000684883500099182
18200 9240 -5178 0.000853616314592278 -0.000353709517776966 -0.000268227791845799 -0.000728990656495094
18200 9040 -5178 0.000874998009919549 -0.0003677467671 -0.000210141213834286 -0.000765652991175651
18200 8840 -5178 0.000889615121885616 -0.000377757153093815 -0.000147869096457958 -0.000791678798198700
18200 8640 -5178 0.0008983349239 -0.000384488374352455 -8.04342355430126e-05 -0.000807858857631683
18200 8440 -5178 0.000899171971133383 -0.0003864684087 -1.05957310413942e-05 -0.000811912746191025
18200 8240 -5178 0.000892102352692278 -0.000383737389385700 6.22262262701988e-05 -0.000802839906811714
18200 8040 -5178 0.000879487180693741 -0.000377344796597958 0.000130572031110525 -0.000783619518756867
18200 7840 -5178 0.000862490336959037 -0.000368327261447907 0.000193373178392649 -0.000755577721118927
18200 7640 -5178 0.000839388588114704 -0.000355377706885338 0.000250419635355473 -0.000717865377068520
18200 7440 -5178 0.0008086065384 -0.000337538022875786 0.000302510121345520 -0.000669718705534935
18200 7240 -5178 0.000774162290657401 -0.000317748026192188 0.0003444042657 -0.000616242993831635
18200 7040 -5178 0.000736330186655859 -0.000295437094628811 0.000377019426286221 -0.0005595660535
18400 7040 -5178 0.000646914226022317 -0.000244684491991997 0.000318736072 -0.000506811638355255
18400 7240 -5178 0.000676200208284791 -0.000261486738741398 0.000291152354538441 -0.000551576841115952
18400 7440 -5178 0.0007031663634 -0.000276553231477738 0.0002567242828 -0.000593316408276558
18400 7640 -5178 0.000728495773335277 -0.000290752736628056 0.000213035961329937 -0.000632962352037430
18400 7840 -5178 0.000748786700660415 -0.000301969393730164 0.000164283182471991 -0.000665212029576302
18400 8040 -5178 0.000763199533787669 -0.000309594233214855 0.000111979806154966 -0.000688463531494141
18400 8240 -5178 0.000773411606329703 -0.0003143577339 5.55745238736272e-05 -0.000704231468796730
18400 8440 -5178 0.000778916591035377 -0.000316458200991154 -3.70473000079073e-06 -0.000711764434695244
18400 8640 -5178 0.000778597456041447 -0.000315150693237781 -6.21597591489553e-05 -0.000709246222019196
18400 8840 -5178 0.000772329168985191 -0.000310228134512901 -0.000118988127410412 -0.000697108516097069
18400 9040 -5178 0.000760813629836613 -0.000302413936913013 -0.000171513851076365 -0.000676478568077087
18400 9240 -5178 0.000742915742392559 -0.000291052544116974 -0.000220204086065292 -0.000647043433547020
18400 9440 -5178 0.000720886872399167 -0.000277824988722801 -0.000262497613489628 -0.000611216951131821
18400 9640 -5178 0.000693420789514065 -0.000261676259934902 -0.000298113418757916 -0.000568665288567543
18400 9840 -5178 0.000662769504841382 -0.000244548744976521 -0.000325198538124561 -0.000523467267394066
18600 9840 -5178 0.000583880044868331 -0.000202156177699566 -0.000275640307188034 -0.000473357005596161
18600 9640 -5178 0.000608778563481632 -0.000215690375268459 -0.0002533036381 -0.000509842072725296
18600 9440 -5178 0.000631094378692001 -0.000228168198883533 -0.000224904732227325 -0.000543725343585014
18600 9240 -5178 0.000649353544791890 -0.000238859553813934 -0.000189524465858936 -0.000573397353529930
18600 9040 -5178 0.0006648566245 -0.000248569282054901 -0.000147840352863073 -0.000598336286544800
18600 8840 -5178 0.000673984475639975 -0.000254415088474751 -0.000103443103790283 -0.0006155248593
18600 8640 -5178 0.0006800180995 -0.000258681177973747 -5.61515838056803e-05 -0.000626450940847397
18600 8440 -5178 0.000681301273194981 -0.000260456119835377 -7.3071868858533e-06 -0.0006294136312
18600 8240 -5178 0.000676082071690037 -0.000258534111380577 4.38304683789611e-05 -0.000623158062577248
18600 8040 -5178 0.000667921721090265 -0.000254799562275410 9.18705401718617e-05 -0.000610461699843407
18600 7840 -5178 0.000655542922131606 -0.000248295741021633 0.000136242833346129 -0.000591350847
18600 7640 -5178 0.0006405201208 -0.000240270157039165 0.000176919160187244 -0.000566796074151993
18600 7440 -5178 0.000619873014 -0.000228826373696327 0.0002144180268 -0.000534407313466072
18600 7240 -5178 0.000596530643934612 -0.000216365642249584 0.000245239853262901 -0.000498855103015900
18600 7040 -5178 0.000570285940952760 -0.000201999549329281 0.000270432182848454 -0.000459565478682518
18800 7040 -5178 0.000506645669063102 -0.000166864848166704 0.0002309354546 -0.000418974036455154
18800 7240 -5178 0.000526697991944755 -0.000177614793032408 0.000209595377981663 -0.0004494188627
18800 7440 -5178 0.0005451633032 -0.000187504616558552 0.000183765802592039 -0.000477688418269158
18800 7640 -5178 0.000562584752210650 -0.000196809661895037 0.000151933147251606 -0.000504479501247406
18800 7840 -5178 0.000576236925453204 -0.000203720067769289 0.000117098805427551 -0.000526081845283508
18800 8040 -5178 0.000586208020793840 -0.000208871602416039 7.96057002991438e-05 -0.000541918287038803
18800 8240 -5178 0.000592996290478822 -0.000211845549285412 3.94520041793585e-05 -0.000552570258259773
18800 8440 -5178 0.000596431947621081 -0.000212893091857433 -2.37723239067054e-06 -0.000557117837548256
18800 8640 -5178 0.000596230369853602 -0.000212375672936439 -4.39112970754504e-05 -0.000555459317445755
18800 8840 -5178 0.000592264805077816 -0.000209366545617580 -8.42068627327681e-05 -0.000547587849736214
18800 9040 -5178 0.0005837908762 -0.000203878157436848 -0.000121794146686792 -0.000533279411673546
18800 9240 -5178 0.000572180083043166 -0.000196892315685749 -0.000156968381613493 -0.000513763141274452
18800 9440 -5178 0.000556794793676662 -0.000188139976233244 -0.0001879752635 -0.000489152617931366
18800 9640 -5178 0.000538045914676141 -0.000177740425497293 -0.000214672969162464 -0.000460236095666885
18800 9840 -5178 0.000516527715881629 -0.000166316107571125 -0.000235286964118481 -0.000428688459873200
19000 9840 -5178 0.000459867341443715 -0.0001367334271 -0.000201350490629673 -0.000390040542840958
19000 9640 -5178 0.000476934994654866 -0.000145519840955734 -0.000184137214273214 -0.000415227789282799
19000 9440 -5178 0.000492556610040164 -0.000154075390875340 -0.000162332709163427 -0.000438730238199234
19000 9240 -5178 0.000505756220361406 -0.000161295702099800 -0.000136170295864344 -0.000459598413228989
19000 9040 -5178 0.000515550148771601 -0.000167024543344975 -0.000105946764230728 -0.000476107512235641
19000 8840 -5178 0.000522770999489958 -0.000171437944591045 -7.39324109405279e-05 -0.000488167165517807
19000 8640 -5178 0.000526646921615966 -0.000174104338049889 -4.00254568308592e-05 -0.000495410796046257
19000 8440 -5178 0.0005275602072 -0.000174866710424423 -5.1518800011254e-06 -0.000497556077361107
19000 8240 -5178 0.0005244569712 -0.000174103717565537 3.15810738131404e-05 -0.000493706031918526
19000 8040 -5178 0.000518090839963589 -0.000170898403733969 6.60945530533791e-05 -0.000484758555531502
19000 7840 -5178 0.000510749562633421 -0.000167787987053394 9.77334004342556e-05 -0.000472331309199333
19000 7640 -5178 0.000499492702742842 -0.000161723346382380 0.000127628703624010 -0.000455182440757751
19000 7440 -5178 0.000485412218538949 -0.000154674527734518 0.000154942459583282 -0.000433085865497589
19000 7240 -5178 0.000469457088674937 -0.000146685056746006 0.000178509714066982 -0.000408665797710419
19000 7040 -5178 0.000451394602616679 -0.0001369577502 0.000198145336 -0.000381695991039276
