# amount of points in x direction: 66 (distance of 200 steps)
# amount of points in y direction: 11 (distance of 200 steps)
# abs. coordinates of point 1: P1 (, , ) (offsets not corrected)
# Offsets of the hall probe have already been corrected for all following coordinates.
#
# X (absolute in steps=10um) Y (absolute in steps=10um) Z (absolute in steps=10um) Babs(in T) Bx By Bz
6000 15040 -3978 4.59968994440742e-05 4.14098260253668e-05 3.48201568716468e-06 -1.97184338569641e-05
6000 15240 -3978 4.65801693887829e-05 4.18258152529597e-05 4.25724557961803e-06 -2.00260173343122e-05
6000 15440 -3978 4.70414336183637e-05 4.21922198385e-05 4.86019335826859e-06 -2.01462273225188e-05
6000 15640 -3978 4.71932079968963e-05 4.2337213113904e-05 5.62724697031081e-06 -2.01483512632549e-05
6000 15840 -3978 4.76779618962288e-05 4.27509995624423e-05 6.27175463980529e-06 -2.01192556731403e-05
6000 16040 -3978 4.8017375988209e-05 4.29721961542964e-05 6.81038969894871e-06 -2.03144615143538e-05
6000 16240 -3978 4.80853448599943e-05 4.30259170457721e-05 7.39427350182086e-06 -2.02138493992388e-05
6000 16440 -3978 4.84977590741126e-05 4.33269483670593e-05 8.12325263675302e-06 -2.03008276745677e-05
6000 16640 -3978 4.88514645632117e-05 4.36383057013154e-05 8.45994360279292e-06 -2.02165890447795e-05
6000 16840 -3978 4.91440257044366e-05 4.3974383123219e-05 8.96566279698163e-06 -1.99919456765056e-05
6000 17040 -3978 4.91837243190671e-05 4.39663362726569e-05 9.45621209219098e-06 -1.99143181033433e-05
6200 17040 -3978 4.87059767721844e-05 4.34220250025392e-05 9.52687577810139e-06 -2.00382247641683e-05
6200 16840 -3978 4.85905251102548e-05 4.32511259615421e-05 9.04537801910192e-06 -2.02930400818586e-05
6200 16640 -3978 4.83579831763119e-05 4.29256972819567e-05 8.58909445907921e-06 -2.03242560401559e-05
6200 16440 -3978 4.81209336462554e-05 4.27378128170967e-05 8.12960571888834e-06 -2.0488603848964e-05
6200 16240 -3978 4.76927696127351e-05 4.2513608597219e-05 7.4921768954955e-06 -2.03025578483939e-05
6200 16040 -3978 4.73322557096749e-05 4.21214191690087e-05 6.82326951809227e-06 -2.0600700519979e-05
6200 15840 -3978 4.71884842083948e-05 4.19758267775178e-05 6.42503874283284e-06 -2.05791614353657e-05
6200 15640 -3978 4.65843711723817e-05 4.14382610097528e-05 5.70436993497424e-06 -2.05606482177973e-05
6200 15440 -3978 4.62949686502316e-05 4.12245507985354e-05 4.97192560438998e-06 -2.05315086133778e-05
6200 15240 -3978 4.61363886963238e-05 4.10729460343719e-05 4.14219835700351e-06 -2.05354959480464e-05
6200 15040 -3978 4.53065363478416e-05 4.03691626787186e-05 3.41145855217019e-06 -2.02759972773492e-05
6400 15040 -3978 4.47286669286576e-05 3.9482036061585e-05 3.20584141922882e-06 -2.06640555970371e-05
6400 15240 -3978 4.51810519898605e-05 3.99243975877762e-05 3.86357003555167e-06 -2.0795258179307e-05
6400 15440 -3978 4.56301046878434e-05 4.03056351616979e-05 4.82977350545116e-06 -2.09911430589855e-05
6400 15640 -3978 4.62153254493309e-05 4.07524906918406e-05 5.50307858153246e-06 -2.10212138332427e-05
6400 15840 -3978 4.65628684403125e-05 4.11775725856423e-05 6.30142990825698e-06 -2.08951989375055e-05
6400 16040 -3978 4.68677545195422e-05 4.14660481289029e-05 6.81683354452252e-06 -2.07529286295176e-05
6400 16240 -3978 4.71471546216053e-05 4.1735090225935e-05 7.40244978107512e-06 -2.07131441570818e-05
6400 16440 -3978 4.74541438112397e-05 4.21011558100581e-05 7.89429512806237e-06 -2.04537321217358e-05
6400 16640 -3978 4.79007037392892e-05 4.24366118237376e-05 8.62219023052603e-06 -2.048389076069e-05
6400 16840 -3978 4.82661966284812e-05 4.27641434967518e-05 9.00280791241675e-06 -2.04653727263212e-05
6400 17040 -3978 4.83497579353711e-05 4.28257889822125e-05 9.60390574112535e-06 -2.02833893857896e-05
6600 17040 -3978 4.80409238504495e-05 4.23906821683049e-05 9.76647251285613e-06 -2.04323938004673e-05
6600 16840 -3978 4.78686535310938e-05 4.20192238464952e-05 9.69483108725399e-06 -2.08226607888937e-05
6600 16640 -3978 4.74647964441951e-05 4.17929305955768e-05 8.65800621919334e-06 -2.06195639595389e-05
6600 16440 -3978 4.70572462274035e-05 4.1405346468091e-05 8.08366846526042e-06 -2.09037064947188e-05
6600 16240 -3978 4.67259457769727e-05 4.10400899425149e-05 7.58700309554115e-06 -2.10864903330803e-05
6600 16040 -3978 4.63480124033466e-05 4.06641246154904e-05 7.04665185930207e-06 -2.10929353237152e-05
6600 15840 -3978 4.58450771704196e-05 4.01488038301468e-05 6.36096245329827e-06 -2.1278032079339e-05
6600 15640 -3978 4.55677402723043e-05 3.98657035604119e-05 5.46423952950863e-06 -2.13960530534387e-05
6600 15440 -3978 4.49881815145805e-05 3.94616379588842e-05 4.64707928793905e-06 -2.11954887062311e-05
6600 15240 -3978 4.45685649531021e-05 3.89288114532828e-05 3.72616482729791e-06 -2.14207993634045e-05
6600 15040 -3978 4.41014133103183e-05 3.85206883847713e-05 3.06296524798381e-06 -2.11730235666037e-05
6800 15040 -3978 4.34195516695269e-05 3.73587897792458e-05 2.63609998616448e-06 -2.17154888175428e-05
6800 15240 -3978 4.38845086475401e-05 3.7844764791429e-05 3.90238845720887e-06 -2.17979017272592e-05
6800 15440 -3978 4.44790165144096e-05 3.83891272470355e-05 4.66880564461462e-06 -2.20434316806495e-05
6800 15640 -3978 4.47810531835253e-05 3.87683580815792e-05 5.65489872987382e-06 -2.17514798268676e-05
6800 15840 -3978 4.52450644198825e-05 3.91446414142847e-05 6.33756118034944e-06 -2.17864228636026e-05
6800 16040 -3978 4.58479049094181e-05 3.98938602358103e-05 7.17635477241129e-06 -2.1304651580751e-05
6800 16240 -3978 4.60832752828687e-05 4.01386013403535e-05 7.77303781546652e-06 -2.12168678380549e-05
6800 16440 -3978 4.6338344203556e-05 4.04861716255546e-05 8.3113765353337e-06 -2.09753667227924e-05
6800 16640 -3978 4.69561068895784e-05 4.10702471137047e-05 8.76507118623704e-06 -2.09493498168886e-05
6800 16840 -3978 4.72494884296453e-05 4.1479152277112e-05 9.18583559151739e-06 -2.06788420304656e-05
6800 17040 -3978 4.7631597243112e-05 4.18415791466832e-05 9.81310451496392e-06 -2.04864196181297e-05
7000 17040 -3978 4.70808221257059e-05 4.11557461470365e-05 9.93842068780214e-06 -2.04963710084558e-05
7000 16840 -3978 4.68463534315033e-05 4.08896832540631e-05 9.54215759132057e-06 -2.0923043128103e-05
7000 16640 -3978 4.63687451016838e-05 4.03324723392725e-05 9.08601018693298e-06 -2.10093338936567e-05
7000 16440 -3978 4.60197944232213e-05 3.99598760977388e-05 8.51200186274946e-06 -2.12107185311616e-05
7000 16240 -3978 4.56719267561012e-05 3.95229761824012e-05 7.9024286326021e-06 -2.16750561743975e-05
7000 16040 -3978 4.51004605480665e-05 3.88476260155439e-05 7.37756182253361e-06 -2.17124758698046e-05
7000 15840 -3978 4.46190341690743e-05 3.82821207195521e-05 6.57540215342306e-06 -2.19194635674357e-05
7000 15640 -3978 4.40689627612711e-05 3.769398535043e-05 5.74695482593961e-06 -2.21761919893324e-05
7000 15440 -3978 4.39030825699567e-05 3.73766084834933e-05 4.78028106834972e-06 -2.25384313203394e-05
7000 15240 -3978 4.34196189227606e-05 3.68274422734976e-05 3.8077335440903e-06 -2.26209378950298e-05
7000 15040 -3978 4.27023363245857e-05 3.60762832909823e-05 2.71916326104838e-06 -2.26492721177638e-05
7200 15040 -3978 4.20317701351521e-05 3.4763132840395e-05 2.51508328621276e-06 -2.34918848089874e-05
7200 15240 -3978 4.26877869772921e-05 3.54173942580819e-05 3.87056017106806e-06 -2.35658440180123e-05
7200 15440 -3978 4.32805887111115e-05 3.613907982409e-05 5.0523479336407e-06 -2.31273421384394e-05
7200 15640 -3978 4.36451561463868e-05 3.67540129423141e-05 5.84381111501716e-06 -2.29553488232195e-05
7200 15840 -3978 4.41222242995176e-05 3.74355819299817e-05 6.62517325393856e-06 -2.23931900821626e-05
7200 16040 -3978 4.47731669985677e-05 3.8117263160646e-05 7.44391733128578e-06 -2.23234158232808e-05
7200 16240 -3978 4.50458607321064e-05 3.84415261149407e-05 8.16197329945862e-06 -2.18438242264092e-05
7200 16440 -3978 4.56365404945337e-05 3.92027464210987e-05 8.68304606992751e-06 -2.16672766841948e-05
7200 16640 -3978 4.59093230590593e-05 3.9593670360744e-05 9.31596063356847e-06 -2.14984157159924e-05
7200 16840 -3978 4.62462808679577e-05 4.00732450634241e-05 9.72470877785236e-06 -2.09352230317891e-05
7200 17040 -3978 4.67638892363533e-05 4.06330906823277e-05 1.009044981841e-05 -2.0730423245579e-05
7400 17040 -3978 4.63418467079513e-05 4.00017726123333e-05 1.05663910117e-05 -2.09890953376889e-05
7400 16840 -3978 4.58279782497906e-05 3.9367749363184e-05 1.0143135022372e-05 -2.11252611279488e-05
7400 16640 -3978 4.55314674578321e-05 3.88965994641185e-05 9.66606840956956e-06 -2.16061596982181e-05
7400 16440 -3978 4.49697453080867e-05 3.82427085712552e-05 9.10316932015121e-06 -2.18184509240091e-05
7400 16240 -3978 4.45563087601381e-05 3.76754226014018e-05 8.66706654336303e-06 -2.23230269402266e-05
7400 16040 -3978 4.41897839957764e-05 3.7038552634418e-05 7.7974711554125e-06 -2.27007563002408e-05
7400 15840 -3978 4.36160157813682e-05 3.6302782215178e-05 7.04169409582391e-06 -2.32327542081475e-05
7400 15640 -3978 4.31026468826577e-05 3.55791700705886e-05 6.34889499889687e-06 -2.34872807636857e-05
7400 15440 -3978 4.25271647278465e-05 3.47780483439565e-05 5.23040079697967e-06 -2.39263346605003e-05
7400 15240 -3978 4.21556675545114e-05 3.41771568730474e-05 4.08665642433334e-06 -2.4364450942725e-05
7400 15040 -3978 4.12896840395002e-05 3.3210495904088e-05 2.73874590164633e-06 -2.45339210964739e-05
7600 15040 -3978 4.10766143186913e-05 3.18185601904988e-05 3.01762544715257e-06 -2.5645427737385e-05
7600 15240 -3978 4.16534847532571e-05 3.27608817145228e-05 4.36225751011807e-06 -2.5219576023519e-05
7600 15440 -3978 4.19387405505636e-05 3.33273065015674e-05 5.58150612493046e-06 -2.48393918946385e-05
7600 15640 -3978 4.26002108783154e-05 3.43407237678766e-05 6.59074491588399e-06 -2.4389660820365e-05
7600 15840 -3978 4.32319775847013e-05 3.53850929662585e-05 7.58335560234264e-06 -2.3575977422297e-05
7600 16040 -3978 4.34960175030569e-05 3.60091502070427e-05 8.07953352294862e-06 -2.30588861741126e-05
7600 16240 -3978 4.39382326329917e-05 3.66738350242376e-05 8.77105766534805e-06 -2.27138706445694e-05
7600 16440 -3978 4.46228386853758e-05 3.75129804462194e-05 9.48855853173882e-06 -2.22247899286449e-05
7600 16640 -3978 4.49884121648418e-05 3.80923851653934e-05 9.78210542537272e-06 -2.16533832550049e-05
7600 16840 -3978 4.54622640594257e-05 3.87737054005265e-05 1.0347753463313e-05 -2.14982674904168e-05
7600 17040 -3978 4.59834832055389e-05 3.93796590566635e-05 1.08215483967215e-05 -2.10473107658327e-05
7800 17040 -3978 4.53375085713286e-05 3.8591552272439e-05 1.08884196076542e-05 -2.10241695679724e-05
7800 16840 -3978 4.48243573907244e-05 3.79084935933352e-05 1.06739375442266e-05 -2.14064519777894e-05
7800 16640 -3978 4.45795041601465e-05 3.74113161563873e-05 1.05252776201814e-05 -2.18767492026091e-05
7800 16440 -3978 4.40551583686648e-05 3.66659739986062e-05 9.94237809535116e-06 -2.23094333671033e-05
7800 16240 -3978 4.35120930845735e-05 3.58221862241626e-05 9.06929591018707e-06 -2.292948493734e-05
7800 16040 -3978 4.31360910498588e-05 3.48088552504778e-05 9.13348273839802e-06 -2.38625274822116e-05
7800 15840 -3978 4.2510607185071e-05 3.39793972223997e-05 8.26355300145224e-06 -2.41335497349501e-05
7800 15640 -3978 4.22455421215379e-05 3.32475296407938e-05 7.28576817922294e-06 -2.50240920707583e-05
7800 15440 -3978 4.16419774860968e-05 3.20858929380775e-05 6.23636199487373e-06 -2.57017364092171e-05
7800 15240 -3978 4.11964139679075e-05 3.11950962096453e-05 4.73801205074415e-06 -2.66089108474553e-05
7800 15040 -3978 4.07286206371794e-05 3.01200910434127e-05 3.25122515435942e-06 -2.72997926436365e-05
8000 15040 -3978 4.06782831858636e-05 2.84071875102818e-05 4.04079073260073e-06 -2.87956080064177e-05
8000 15240 -3978 4.10240375896911e-05 2.95076205581427e-05 5.64318533195183e-06 -2.79361136965454e-05
8000 15440 -3978 4.11637338349757e-05 3.05064257383347e-05 6.73812100850046e-06 -2.67861638851464e-05
8000 15640 -3978 4.20541847638597e-05 3.14663984850049e-05 8.39862217847258e-06 -2.6691882610321e-05
8000 15840 -3978 4.2237311764392e-05 3.29961458519101e-05 8.73919740132987e-06 -2.48311419375241e-05
8000 16040 -3978 4.26075480752878e-05 3.38978117778897e-05 9.47494371887296e-06 -2.39201330207288e-05
8000 16240 -3978 4.30496539355659e-05 3.47583654597402e-05 9.82560168206692e-06 -2.32700214087963e-05
8000 16440 -3978 4.37595187650877e-05 3.58072022125125e-05 1.04011697480455e-05 -2.29031748920679e-05
8000 16640 -3978 4.39758652304112e-05 3.66114308461547e-05 1.05884050829336e-05 -2.21415079943836e-05
8000 16840 -3978 4.43877449711267e-05 3.70930755287409e-05 1.12212544586509e-05 -2.15661356672645e-05
8000 17040 -3978 4.49502275400004e-05 3.79710373580456e-05 1.13125625234097e-05 -2.10859368890524e-05
8200 17040 -3978 4.43520922819211e-05 3.7152949988842e-05 1.15723839942366e-05 -2.13001110963523e-05
8200 16840 -3978 4.39383462047616e-05 3.65135711431503e-05 1.15030383393168e-05 -2.15642643868923e-05
8200 16640 -3978 4.3383746607106e-05 3.56221952214837e-05 1.12018717359751e-05 -2.19932421669364e-05
8200 16440 -3978 4.30934960956223e-05 3.49118669703603e-05 1.11052092183381e-05 -2.26379938721657e-05
8200 16240 -3978 4.26329830825784e-05 3.38421958386898e-05 1.0637367060408e-05 -2.34229885004461e-05
8200 16040 -3978 4.19592174395257e-05 3.26348698437214e-05 1.01289834538475e-05 -2.43903290443122e-05
8200 15840 -3978 4.16894791889778e-05 3.16769621968269e-05 9.64241644367576e-06 -2.53925784304738e-05
8200 15640 -3978 4.11583974485641e-05 3.02621145322919e-05 8.99118710868061e-06 -2.64078900888562e-05
8200 15440 -3978 4.10038974077623e-05 2.91145494319499e-05 7.93580112187192e-06 -2.76499323621392e-05
8200 15240 -3978 4.09534670754197e-05 2.78185964077711e-05 6.64535449119285e-06 -2.92347760498524e-05
8200 15040 -3978 4.09724822938751e-05 2.6501673001796e-05 4.9479336370714e-06 -3.08451829403639e-05
8400 15040 -3978 4.14979512863077e-05 2.44152387827635e-05 6.65048543224111e-06 -3.27800051048398e-05
8400 15240 -3978 4.10338079188018e-05 2.59758556336164e-05 8.32366112153977e-06 -3.06658385396004e-05
8400 15440 -3978 4.08656907560129e-05 2.76247760429978e-05 9.06155536789447e-06 -2.85667066052556e-05
8400 15640 -3978 4.04376015958385e-05 2.88645199127495e-05 9.86092553380877e-06 -2.66407592259347e-05
8400 15840 -3978 4.06794829745601e-05 3.02206553295255e-05 1.04661825885996e-05 -2.51861594766378e-05
8400 16040 -3978 4.17873783459456e-05 3.15178557187319e-05 1.15045602284372e-05 -2.48643696941435e-05
8400 16240 -3978 4.19478335027278e-05 3.26329365596175e-05 1.12446159999818e-05 -2.38384311161935e-05
8400 16440 -3978 4.25153826340077e-05 3.39385555610061e-05 1.13856822364032e-05 -2.29066632464528e-05
8400 16640 -3978 4.27204886316331e-05 3.46851838454604e-05 1.15261001121253e-05 -2.21276013441384e-05
8400 16840 -3978 4.35307544716971e-05 3.58374209478498e-05 1.18753451723605e-05 -2.15523167178035e-05
8400 17040 -3978 4.41706635108239e-05 3.67087636590004e-05 1.211343678087e-05 -2.14514253884554e-05
8600 17040 -3978 4.35458718942008e-05 3.58650284260511e-05 1.26844990588725e-05 -2.10970836356282e-05
8600 16840 -3978 4.31218964419729e-05 3.5096384935081e-05 1.25643164403737e-05 -2.16767079979181e-05
8600 16640 -3978 4.23536727609263e-05 3.40346104726195e-05 1.22025711331516e-05 -2.23103223405778e-05
8600 16440 -3978 4.19900010955318e-05 3.3015668682754e-05 1.22520616296679e-05 -2.29827924780548e-05
8600 16240 -3978 4.14440613345983e-05 3.18633373826742e-05 1.20572135038674e-05 -2.36110984906554e-05
8600 16040 -3978 4.11596289311797e-05 3.07797578200698e-05 1.19074658062309e-05 -2.46756755486131e-05
8600 15840 -3978 4.07387155332486e-05 2.92975411042571e-05 1.1737894045189e-05 -2.55771693997085e-05
8600 15640 -3978 4.04637268750686e-05 2.75491901263595e-05 1.14617131873965e-05 -2.73310162052512e-05
8600 15440 -3978 4.05506685250894e-05 2.57187165729702e-05 1.11344869956374e-05 -2.92862585112453e-05
8600 15240 -3978 4.10347397729266e-05 2.3813484840095e-05 1.02144551929086e-05 -3.17938402593136e-05
8600 15040 -3978 4.2113172223515e-05 2.17462277375162e-05 8.70069002453238e-06 -3.4993125744164e-05
8800 15040 -3978 4.30594417280153e-05 1.92370277494192e-05 1.21224027685821e-05 -3.66412875652313e-05
8800 15240 -3978 4.12158501077298e-05 2.17958869636059e-05 1.28941261358559e-05 -3.25181045383215e-05
8800 15440 -3978 4.02165646275451e-05 2.38452824503183e-05 1.29213392473757e-05 -2.94881027787924e-05
8800 15640 -3978 3.98968224835229e-05 2.57723329588771e-05 1.313003314659e-05 -2.75757086314261e-05
8800 15840 -3978 3.99473797025103e-05 2.7826240926981e-05 1.28182368706912e-05 -2.56251941621303e-05
8800 16040 -3978 4.01967019732934e-05 2.92605136446655e-05 1.27924418840557e-05 -2.45082767494023e-05
8800 16240 -3978 4.08180133266779e-05 3.06583482474089e-05 1.30872308351099e-05 -2.35563215240836e-05
8800 16440 -3978 4.13482563404816e-05 3.20020159780979e-05 1.28621404562145e-05 -2.27989618144929e-05
8800 16640 -3978 4.18925153688416e-05 3.31981140375137e-05 1.27964658029377e-05 -2.20686906501651e-05
8800 16840 -3978 4.24608917968046e-05 3.43013254106045e-05 1.27915683537722e-05 -2.15181324407458e-05
8800 17040 -3978 4.31300083913287e-05 3.53308930769563e-05 1.2823792912066e-05 -2.10574837438762e-05
9000 17040 -3978 4.26468638106758e-05 3.45117202028632e-05 1.33676333501935e-05 -2.0913206204772e-05
9000 16840 -3978 4.21430173878447e-05 3.37086805328727e-05 1.34064537100494e-05 -2.16187593117356e-05
9000 16640 -3978 4.14980645454945e-05 3.26041978746653e-05 1.34433641545475e-05 -2.18498607948422e-05
9000 16440 -3978 4.07806553220878e-05 3.11809193193912e-05 1.35765274446458e-05 -2.24572409056127e-05
9000 16240 -3978 4.04459204061604e-05 3.00340074449778e-05 1.36444602720439e-05 -2.33657275885344e-05
9000 16040 -3978 3.95051896005655e-05 2.81533156596124e-05 1.39077411834151e-05 -2.38668918162584e-05
9000 15840 -3978 3.94669758941104e-05 2.67349572777748e-05 1.4378441484645e-05 -2.52219084538519e-05
9000 15640 -3978 3.93111467613648e-05 2.45914038643241e-05 1.47327283397317e-05 -2.69113369956612e-05
9000 15440 -3978 3.9804343940794e-05 2.22904312163591e-05 1.55488205254078e-05 -2.90322057679296e-05
9000 15240 -3978 4.10098603682315e-05 1.96096738278866e-05 1.62320361994207e-05 -3.21284010633826e-05
9000 15040 -3978 4.40397143704039e-05 1.6806641433388e-05 1.68661050461233e-05 -3.69839317500591e-05
9200 15040 -3978 4.26551689675136e-05 1.3777074534446e-05 2.21686341874301e-05 -3.37373282164335e-05
9200 15240 -3978 3.96604854269168e-05 1.75786617025733e-05 1.9370137643069e-05 -2.98608722798526e-05
9200 15440 -3978 3.83517227655115e-05 2.02149031087756e-05 1.71846582479775e-05 -2.77851229161024e-05
9200 15640 -3978 3.84282082385561e-05 2.27132259346545e-05 1.61391812600195e-05 -2.6349582478404e-05
9200 15840 -3978 3.84907351073313e-05 2.49680770114064e-05 1.53036902248859e-05 -2.49235944375396e-05
9200 16040 -3978 3.8910841305466e-05 2.68131239674985e-05 1.47247738931328e-05 -2.40476815514266e-05
9200 16240 -3978 3.95847975892032e-05 2.85555903539062e-05 1.41300766281784e-05 -2.34371597878635e-05
9200 16440 -3978 4.00469310137695e-05 2.98906444683671e-05 1.39772325456142e-05 -2.26256582029164e-05
9200 16640 -3978 4.07726538661279e-05 3.13457397073507e-05 1.36969312876463e-05 -2.2163300473243e-05
9200 16840 -3978 4.07058483240882e-05 3.22033087983727e-05 1.32364939935505e-05 -2.11507474817336e-05
9200 17040 -3978 4.20212601606924e-05 3.35295159369707e-05 1.34996135607362e-05 -2.14317124895751e-05
9400 17040 -3978 4.13702954675441e-05 3.28442081660032e-05 1.37246484383941e-05 -2.11476431936026e-05
9400 16840 -3978 4.07681815222908e-05 3.18334667533636e-05 1.38490614984184e-05 -2.14425765760243e-05
9400 16640 -3978 4.01510459389306e-05 3.06245060786605e-05 1.41202605534345e-05 -2.18941990882158e-05
9400 16440 -3978 3.95175434489862e-05 2.93522335961461e-05 1.43143390193582e-05 -2.22592901922762e-05
9400 16240 -3978 3.87321231496229e-05 2.75303278639913e-05 1.48171128705144e-05 -2.28284189775586e-05
9400 16040 -3978 3.82535119530474e-05 2.580104861781e-05 1.5707896284759e-05 -2.34958287291229e-05
9400 15840 -3978 3.75432230320643e-05 2.38211377225816e-05 1.62226834855974e-05 -2.40597492456436e-05
9400 15640 -3978 3.73428932087216e-05 2.16658333279192e-05 1.73662654086947e-05 -2.49835342466831e-05
9400 15440 -3978 3.74083205782556e-05 1.87298125401139e-05 1.9194106105715e-05 -2.61708668582141e-05
9400 15240 -3978 3.82398636860945e-05 1.53307071477175e-05 2.2121164880693e-05 -2.70996226742864e-05
9400 15040 -3978 4.01981406075201e-05 1.10209804307669e-05 2.6444435801357e-05 -2.81936114095151e-05
9600 15040 -3978 3.78940291079229e-05 1.00689222551882e-05 2.73592163175345e-05 -2.41452896855772e-05
9600 15240 -3978 3.66137030022745e-05 1.44587936345488e-05 2.32193066701293e-05 -2.44251087158918e-05
9600 15440 -3978 3.61940195022736e-05 1.76502355523407e-05 2.048057891801e-05 -2.402609924227e-05
9600 15640 -3978 3.62206757400022e-05 2.03370594345033e-05 1.85211758241057e-05 -2.3530332673341e-05
9600 15840 -3978 3.66948589821729e-05 2.28348437696695e-05 1.7093431180343e-05 -2.30541106984019e-05
9600 16040 -3978 3.7384019553501e-05 2.5062094707042e-05 1.60998944416642e-05 -2.26795023977757e-05
9600 16240 -3978 3.80257538632508e-05 2.69306596629322e-05 1.54431804735214e-05 -2.20397668145597e-05
9600 16440 -3978 3.87703997660857e-05 2.84297949708998e-05 1.48365073762834e-05 -2.18324886225164e-05
9600 16640 -3978 3.96494013878978e-05 2.98248420879245e-05 1.45443945601583e-05 -2.16410395167768e-05
9600 16840 -3978 4.03100175742432e-05 3.11694765463471e-05 1.44184001591057e-05 -2.11204201839864e-05
9600 17040 -3978 4.08503735123826e-05 3.22866067737341e-05 1.39132483769208e-05 -2.08284960091114e-05
9800 17040 -3978 4.04730904914647e-05 3.1808665163815e-05 1.4258461330086e-05 -2.05663840994239e-05
9800 16840 -3978 3.98353222711214e-05 3.07017672285438e-05 1.44522506482899e-05 -2.08924475722015e-05
9800 16640 -3978 3.90991322357834e-05 2.94235500320792e-05 1.48181442171335e-05 -2.11711668409407e-05
9800 16440 -3978 3.82002580718076e-05 2.78936845101416e-05 1.51261229738593e-05 -2.12457925155759e-05
9800 16240 -3978 3.73601789707866e-05 2.5995402045548e-05 1.5965633738786e-05 -2.17094623632729e-05
9800 16040 -3978 3.65374377264829e-05 2.42277682162821e-05 1.65264592543244e-05 -2.18422188125551e-05
9800 15840 -3978 3.57197746200187e-05 2.20763752534986e-05 1.73783666230738e-05 -2.20573871545494e-05
9800 15640 -3978 3.51678406263329e-05 1.96442322917283e-05 1.88323692083359e-05 -2.21917603686452e-05
9800 15440 -3978 3.48061003932919e-05 1.69244750961661e-05 2.08175414167345e-05 -2.21890983171761e-05
9800 15240 -3978 3.46981308432189e-05 1.35671772770584e-05 2.34445152319968e-05 -2.1760904558003e-05
9800 15040 -3978 3.57128270535379e-05 1.02140466207638e-05 2.73753714747727e-05 -2.07834910154343e-05
10000 15040 -3978 3.34610917566451e-05 1.02622910775244e-05 2.63278678059578e-05 -1.79026735052466e-05
10000 15240 -3978 3.29236828420277e-05 1.32091275863349e-05 2.28802828378975e-05 -1.98568975254893e-05
10000 15440 -3978 3.37279812775453e-05 1.60691418182105e-05 2.10198764465749e-05 -2.09170790612698e-05
10000 15640 -3978 3.39726893491243e-05 1.87104959338903e-05 1.90805533267558e-05 -2.10369640626013e-05
10000 15840 -3978 3.47830254387016e-05 2.11720224805176e-05 1.77590063028038e-05 -2.1087789516896e-05
10000 16040 -3978 3.58263870157983e-05 2.34525330066681e-05 1.68799878749996e-05 -2.10005736127496e-05
10000 16240 -3978 3.67419533345483e-05 2.54068467207253e-05 1.60173441786319e-05 -2.11222150996327e-05
10000 16440 -3978 3.76683882819759e-05 2.71904706992209e-05 1.56264703385532e-05 -2.08662215955555e-05
10000 16640 -3978 3.83863710690875e-05 2.86683330535889e-05 1.50607848558575e-05 -2.07714048475027e-05
10000 16840 -3978 3.92451372310933e-05 2.99960988909006e-05 1.46977942492813e-05 -2.05265321172774e-05
10000 17040 -3978 4.00220503697618e-05 3.13132987469435e-05 1.43831427134573e-05 -2.03108505941927e-05
10200 17040 -3978 3.96420187162265e-05 3.08419675603509e-05 1.44514158442616e-05 -2.00697070509195e-05
10200 16840 -3978 3.89814714571056e-05 2.97692048549652e-05 1.51466340646148e-05 -2.00979858636856e-05
10200 16640 -3978 3.80726147470614e-05 2.83156386613846e-05 1.53108050972223e-05 -2.04061164073646e-05
10200 16440 -3978 3.71575358661949e-05 2.66856358610094e-05 1.55759714003652e-05 -2.03393816277385e-05
10200 16240 -3978 3.62705784806489e-05 2.50287656895816e-05 1.61061458606273e-05 -2.06507831290364e-05
10200 16040 -3978 3.50955248858809e-05 2.28973917737603e-05 1.66725648436695e-05 -2.05256464704871e-05
10200 15840 -3978 3.40557568988249e-05 2.07341965474188e-05 1.77734766900539e-05 -2.02786399200559e-05
10200 15640 -3978 3.29686132424611e-05 1.83294002115727e-05 1.87827675007284e-05 -1.99542023651302e-05
10200 15440 -3978 3.19862452333502e-05 1.56020913477987e-05 2.01510637439787e-05 -1.95737609267235e-05
10200 15240 -3978 3.11874636696948e-05 1.24580069836229e-05 2.19018422327936e-05 -1.84507775940001e-05
10200 15040 -3978 3.09091031949597e-05 9.69447260349989e-06 2.41396470554173e-05 -1.65645993985236e-05
10400 15040 -3978 2.88413884166046e-05 9.36609691847116e-06 2.17815367616713e-05 -1.64312233179808e-05
10400 15240 -3978 3.00894941866984e-05 1.2197093559429e-05 2.06608483456075e-05 -1.7966782014817e-05
10400 15440 -3978 3.10993940110258e-05 1.48920097015798e-05 1.95393789000809e-05 -1.90871895588934e-05
10400 15640 -3978 3.20503071992747e-05 1.75527670159936e-05 1.84897990636528e-05 -1.93759055882692e-05
10400 15840 -3978 3.32245702262467e-05 2.00532562658191e-05 1.77841556183994e-05 -1.98380101434886e-05
10400 16040 -3978 3.43717021104431e-05 2.22847174406052e-05 1.68600628376007e-05 -1.99317430965602e-05
10400 16240 -3978 3.54980629084852e-05 2.4334057610482e-05 1.63567044436932e-05 -2.0010605443269e-05
10400 16440 -3978 3.66877024750764e-05 2.61721890382469e-05 1.57304512597621e-05 -2.01610717922449e-05
10400 16640 -3978 3.76591720995769e-05 2.78381159640849e-05 1.5429460041225e-05 -2.00682204253972e-05
10400 16840 -3978 3.83728787342861e-05 2.92534416168928e-05 1.49429713692516e-05 -1.97993157804012e-05
10400 17040 -3978 3.92318973913904e-05 3.04346862658858e-05 1.47432894334197e-05 -1.97690355367959e-05
10600 17040 -3978 3.86352215580582e-05 2.98057200312614e-05 1.48181892056018e-05 -1.96142975129187e-05
10600 16840 -3978 3.83536816183569e-05 2.91466794349253e-05 1.50413034278899e-05 -1.96854577697813e-05
10600 16640 -3978 3.72298601956398e-05 2.75359732732177e-05 1.54114415068179e-05 -1.97877724356949e-05
10600 16440 -3978 3.60818086818045e-05 2.57700624726713e-05 1.57763268426061e-05 -1.97202668562532e-05
10600 16240 -3978 3.49482035748565e-05 2.38645090535283e-05 1.6314952744171e-05 -1.96502642780542e-05
10600 16040 -3978 3.38354993595533e-05 2.19591214247048e-05 1.65611182525754e-05 -1.96420092321932e-05
10600 15840 -3978 3.28014076936739e-05 1.99483691342175e-05 1.73205966614187e-05 -1.94420124180615e-05
10600 15640 -3978 3.14368382675098e-05 1.71209736764431e-05 1.7985235799104e-05 -1.92766836099327e-05
10600 15440 -3978 3.02424162808846e-05 1.45367031060159e-05 1.890360493958e-05 -1.85071486905217e-05
10600 15240 -3978 2.90419545179433e-05 1.17239430733025e-05 1.95414349734783e-05 -1.79310413300991e-05
10600 15040 -3978 2.76955588417184e-05 8.75607457570732e-06 2.00003722012043e-05 -1.70040388666093e-05
10800 15040 -3978 2.72548696548474e-05 8.52754115220159e-06 1.89912582710385e-05 -1.75945774745196e-05
10800 15240 -3978 2.82033303731458e-05 1.12232307232916e-05 1.86968216821551e-05 -1.78228672035039e-05
10800 15440 -3978 2.9458585798503e-05 1.38987742234021e-05 1.8336793359369e-05 -1.83778000436723e-05
10800 15640 -3978 3.06925479739776e-05 1.65433885063976e-05 1.7865270677954e-05 -1.87197166606784e-05
10800 15840 -3978 3.21286133924374e-05 1.92549231909215e-05 1.72838971950114e-05 -1.91133296564221e-05
10800 16040 -3978 3.33402755645121e-05 2.14904280118644e-05 1.6633863914758e-05 -1.93145036138594e-05
10800 16240 -3978 3.4458661515842e-05 2.32292174063623e-05 1.62710112221539e-05 -1.95844481810927e-05
10800 16440 -3978 3.54863006951004e-05 2.51642385981977e-05 1.55914025567472e-05 -1.94165907092392e-05
10800 16640 -3978 3.65648014952352e-05 2.67268083095551e-05 1.55081027392298e-05 -1.96357257813215e-05
10800 16840 -3978 3.74805239314403e-05 2.82551344782114e-05 1.50830696485937e-05 -1.9445869885385e-05
10800 17040 -3978 3.85778805680172e-05 2.97100297361612e-05 1.49985164683312e-05 -1.95092671811581e-05
11000 17040 -3978 3.79998112619379e-05 2.92121427282691e-05 1.4987358706072e-05 -1.91315303146839e-05
11000 16840 -3978 3.71942937909493e-05 2.80583454407752e-05 1.5210688514635e-05 -1.92515114024282e-05
11000 16640 -3978 3.64123522716645e-05 2.66435999944806e-05 1.5491978995502e-05 -1.93019397370517e-05
11000 16440 -3978 3.5219938625184e-05 2.50473282001913e-05 1.57279475200921e-05 -1.8969982329756e-05
11000 16240 -3978 3.40778033014758e-05 2.30997737422586e-05 1.61074200347066e-05 -1.91498160324991e-05
11000 16040 -3978 3.29434478616764e-05 2.11057942099869e-05 1.65501589421183e-05 -1.91145118549466e-05
11000 15840 -3978 3.15812279717465e-05 1.89170556813479e-05 1.68787508159876e-05 -1.88315356634557e-05
11000 15640 -3978 3.03211269676504e-05 1.65133985504508e-05 1.73880659267306e-05 -1.85821688100696e-05
11000 15440 -3978 2.90582544959257e-05 1.36102572511882e-05 1.77296509891748e-05 -1.83613704741001e-05
11000 15240 -3978 2.76804769441603e-05 1.05926569271833e-05 1.82077258825302e-05 -1.80077777132392e-05
11000 15040 -3978 2.67480104539202e-05 8.00853169476614e-06 1.83830688744783e-05 -1.77902159281075e-05
11200 15040 -3978 2.66679275932687e-05 7.56846545636654e-06 1.82528338190168e-05 -1.78453510701656e-05
11200 15240 -3978 2.74236595911745e-05 1.04106888817623e-05 1.78124945163727e-05 -1.80662586465478e-05
11200 15440 -3978 2.868951003294e-05 1.32973747532815e-05 1.76707648448646e-05 -1.83204857185483e-05
11200 15640 -3978 2.98728565494515e-05 1.59561564438045e-05 1.72273134030402e-05 -1.85491470396519e-05
11200 15840 -3978 3.12995060148129e-05 1.86522881761193e-05 1.69124739579856e-05 -1.86848975345492e-05
11200 16040 -3978 3.23257882956857e-05 2.06564879454672e-05 1.63226803503931e-05 -1.875729727e-05
11200 16240 -3978 3.37180328250448e-05 2.2733681820333e-05 1.60954916104674e-05 -1.89574679806829e-05
11200 16440 -3978 3.48140779570276e-05 2.45063691884279e-05 1.58540115766227e-05 -1.9053802922368e-05
11200 16640 -3978 3.58576814568387e-05 2.6141868557781e-05 1.54746930599213e-05 -1.89747499376535e-05
11200 16840 -3978 3.7021259025053e-05 2.78734529949725e-05 1.51845384649932e-05 -1.92141035906971e-05
11200 17040 -3978 3.77506566609867e-05 2.89758214913309e-05 1.49034434221685e-05 -1.90630853064358e-05
11400 17040 -3978 3.74614677546374e-05 2.87380113564432e-05 1.497129839845e-05 -1.90701170414686e-05
11400 16840 -3978 3.68863566517691e-05 2.76991007626057e-05 1.51044383868575e-05 -1.89572763331234e-05
11400 16640 -3978 3.55252942756758e-05 2.6026112575084e-05 1.53155513461679e-05 -1.88529764153063e-05
11400 16440 -3978 3.45396751628527e-05 2.43247668147087e-05 1.58521519489586e-05 -1.87495104819536e-05
11400 16240 -3978 3.3532044552103e-05 2.26153950728476e-05 1.60085112433881e-05 -1.87926300652325e-05
11400 16040 -3978 3.21654647598765e-05 2.05576997771859e-05 1.617717897892e-05 -1.87963222377002e-05
11400 15840 -3978 3.07999241244999e-05 1.83789429627359e-05 1.63250148352236e-05 -1.83775834329426e-05
11400 15640 -3978 2.94273248127269e-05 1.59487133342773e-05 1.67046528160572e-05 -1.84836933985353e-05
11400 15440 -3978 2.84146181883504e-05 1.31103194449097e-05 1.73317497745156e-05 -1.82459356747568e-05
11400 15240 -3978 2.82898854366864e-05 1.03570409798995e-05 1.89962505996227e-05 -1.81234801970422e-05
11400 15040 -3978 2.67146037685347e-05 7.13909772830084e-06 1.87551490999758e-05 -1.78862097151577e-05
11600 15040 -3978 2.68877641070125e-05 7.19332647044211e-06 1.82649812959135e-05 -1.82677731141448e-05
11600 15240 -3978 2.75262488935101e-05 1.00299147684127e-05 1.82597806826234e-05 -1.81020324490964e-05
11600 15440 -3978 2.84510109883648e-05 1.30685574449599e-05 1.75810565389693e-05 -1.80496741645038e-05
11600 15640 -3978 2.9694777874443e-05 1.56748690064996e-05 1.74327516630292e-05 -1.82236796207726e-05
11600 15840 -3978 3.08058056419344e-05 1.81809221692383e-05 1.70624793190509e-05 -1.82276711389422e-05
11600 16040 -3978 3.22184360636557e-05 2.0533443979919e-05 1.66891515683383e-05 -1.83245059326291e-05
11600 16240 -3978 3.33831177329197e-05 2.24822933487594e-05 1.665667463094e-05 -1.82070163041353e-05
11600 16440 -3978 3.44800521595403e-05 2.43518563807011e-05 1.61756104305387e-05 -1.84232364483178e-05
11600 16640 -3978 3.57141095212277e-05 2.60662025697529e-05 1.59728140179068e-05 -1.8417838755995e-05
11600 16840 -3978 3.68044995829792e-05 2.77674662992358e-05 1.55455979779363e-05 -1.84898185059428e-05
11600 17040 -3978 3.77529304394396e-05 2.89661437235773e-05 1.55338976457715e-05 -1.8484227694571e-05
11800 17040 -3978 3.74899531697321e-05 2.88789399899542e-05 1.53893091082573e-05 -1.82060137055814e-05
11800 16840 -3978 3.65175472984936e-05 2.74489455595613e-05 1.57161785680801e-05 -1.83321193680167e-05
11800 16640 -3978 3.53793603160109e-05 2.59076790548861e-05 1.56192463804036e-05 -1.82378641590476e-05
11800 16440 -3978 3.43130885070008e-05 2.42446101568639e-05 1.61443291325122e-05 -1.80912279933691e-05
11800 16240 -3978 3.32014244564193e-05 2.24169766120613e-05 1.63392585292459e-05 -1.82439682148397e-05
11800 16040 -3978 3.21724657303036e-05 2.02547850869596e-05 1.67387258056551e-05 -1.82582701966167e-05
11800 15840 -3978 3.06896140170775e-05 1.81049284413457e-05 1.69037986304611e-05 -1.80159283056855e-05
11800 15640 -3978 2.95287155636236e-05 1.56400084123015e-05 1.72677292898297e-05 -1.80228127576411e-05
11800 15440 -3978 2.84032901274443e-05 1.27869183570147e-05 1.77030871342868e-05 -1.80803338438272e-05
11800 15240 -3978 2.73998764456031e-05 9.927688783966e-06 1.81968514993787e-05 -1.80668786466122e-05
11800 15040 -3978 2.68754448605824e-05 6.75627186056227e-06 1.84203837402165e-05 -1.83665944002569e-05
12000 15040 -3978 2.66751628511148e-05 6.85385383479298e-06 1.84682543501258e-05 -1.82175570763648e-05
12000 15240 -3978 2.74048900201428e-05 9.7685982408002e-06 1.81444301493466e-05 -1.79806828871369e-05
12000 15440 -3978 2.81203925343821e-05 1.23766115512699e-05 1.77235400117934e-05 -1.80007290653884e-05
12000 15640 -3978 2.92560323529963e-05 1.51239445079118e-05 1.74686761274934e-05 -1.8072390396148e-05
12000 15840 -3978 3.04707224048019e-05 1.76867804192007e-05 1.70433371439576e-05 -1.80323981009424e-05
12000 16040 -3978 3.17735874705453e-05 1.98815465644002e-05 1.69999279342592e-05 -1.79687370732427e-05
12000 16240 -3978 3.28738180608994e-05 2.1804935272783e-05 1.65528480410576e-05 -1.80922003127635e-05
12000 16440 -3978 3.39618172225666e-05 2.36496731676161e-05 1.65777362808585e-05 -1.79113763645291e-05
12000 16640 -3978 3.51279308250436e-05 2.56353559717536e-05 1.58477795943618e-05 -1.80636925436556e-05
12000 16840 -3978 3.63009785156016e-05 2.73303845115006e-05 1.55485626515001e-05 -1.81398269869387e-05
12000 17040 -3978 3.71443583179808e-05 2.84872901961207e-05 1.52718807123601e-05 -1.81134235188365e-05
12200 17040 -3978 3.69514587167983e-05 2.82638353891671e-05 1.52344874311239e-05 -1.8127182610333e-05
12200 16840 -3978 3.61088007030375e-05 2.71354383789003e-05 1.54787922762334e-05 -1.81476579718292e-05
12200 16640 -3978 3.52153981990458e-05 2.56798789165914e-05 1.59903800189495e-05 -1.80903616324067e-05
12200 16440 -3978 3.4054009122984e-05 2.39447997137904e-05 1.61409977283329e-05 -1.80496619455516e-05
12200 16240 -3978 3.26436707470716e-05 2.17802806608379e-05 1.63573156148195e-05 -1.80136721581221e-05
12200 16040 -3978 3.13896508395172e-05 1.9811255171895e-05 1.66193249970675e-05 -1.78751230277121e-05
12200 15840 -3978 3.01698925136477e-05 1.76794314347208e-05 1.68411080539227e-05 -1.78360710702837e-05
12200 15640 -3978 2.93283342147567e-05 1.52700229398906e-05 1.75096894428134e-05 -1.78016431666911e-05
12200 15440 -3978 2.81866296870841e-05 1.24270865246654e-05 1.78646695204079e-05 -1.76862765960395e-05
12200 15240 -3978 2.71857821538137e-05 9.5077016428113e-06 1.8065942466259e-05 -1.79524951912463e-05
12200 15040 -3978 2.6720593640051e-05 6.29124100413173e-06 1.87294548079371e-05 -1.79574287123978e-05
12400 15040 -3978 2.67254649275895e-05 6.33644596254453e-06 1.89583599194884e-05 -1.77623813413084e-05
12400 15240 -3978 2.69614261788256e-05 9.19531699456275e-06 1.80590666979551e-05 -1.76938602328301e-05
12400 15440 -3978 2.78823932890481e-05 1.2165060903877e-05 1.77547806501389e-05 -1.76584988459945e-05
12400 15640 -3978 2.88642583178911e-05 1.49765413925052e-05 1.71877274625003e-05 -1.76341227591038e-05
12400 15840 -3978 3.02644972190786e-05 1.75377738308161e-05 1.69526903294027e-05 -1.76931871064007e-05
12400 16040 -3978 3.15374482764827e-05 1.97488190978765e-05 1.70306704454124e-05 -1.77355871684849e-05
12400 16240 -3978 3.24586770976302e-05 2.17739247493446e-05 1.6059808190912e-05 -1.78522869721055e-05
12400 16440 -3978 3.36592614748943e-05 2.36161564327776e-05 1.60883865691722e-05 -1.78158574141562e-05
12400 16640 -3978 3.48754856646421e-05 2.55530942715704e-05 1.56211559493095e-05 -1.77289070002735e-05
12400 16840 -3978 3.58396859246549e-05 2.6969715449959e-05 1.54758127052337e-05 -1.77483742162585e-05
12400 17040 -3978 3.69064147574889e-05 2.83164064437151e-05 1.52789568975568e-05 -1.80781097598374e-05
12600 17040 -3978 3.67269237236013e-05 2.81569526642561e-05 1.53175604660064e-05 -1.77258192710578e-05
12600 16840 -3978 3.57144625806799e-05 2.68474724404514e-05 1.54316204600036e-05 -1.77586582265794e-05
12600 16640 -3978 3.46426219065728e-05 2.52787311710417e-05 1.5561079621315e-05 -1.7785725928843e-05
12600 16440 -3978 3.36154192178644e-05 2.35760108679533e-05 1.61658150721341e-05 -1.76796583048999e-05
12600 16240 -3978 3.22048792537145e-05 2.15894070714712e-05 1.6154446836561e-05 -1.76092474982142e-05
12600 16040 -3978 3.11531008153744e-05 1.96013773791492e-05 1.64986572880298e-05 -1.76365700028837e-05
12600 15840 -3978 2.98177365652332e-05 1.72853695489466e-05 1.69641924872994e-05 -1.76672452650964e-05
12600 15640 -3978 2.87824292200763e-05 1.48337386082858e-05 1.72814901918173e-05 -1.74063769802451e-05
12600 15440 -3978 2.75668184526606e-05 1.21237824466079e-05 1.75896101668477e-05 -1.74637105837464e-05
12600 15240 -3978 2.67573619556088e-05 9.13544295076281e-06 1.81379670351744e-05 -1.74577494878322e-05
12600 15040 -3978 2.63197834840112e-05 6.18372112629004e-06 1.88414967954159e-05 -1.73057965487242e-05
12800 15040 -3978 2.60420637832471e-05 6.05111590540036e-06 1.85867396332324e-05 -1.68957982249558e-05
12800 15240 -3978 2.65875354270388e-05 8.96294285636395e-06 1.80086601674557e-05 -1.72148497924209e-05
12800 15440 -3978 2.7516470732882e-05 1.17947951927781e-05 1.77952381744981e-05 -1.73468830771744e-05
12800 15640 -3978 2.84043022226298e-05 1.45295297335833e-05 1.72346610315144e-05 -1.7402198150754e-05
12800 15840 -3978 2.97462194914203e-05 1.70712480098009e-05 1.69355914182961e-05 -1.74613107480109e-05
12800 16040 -3978 3.10060640344e-05 1.9527877651155e-05 1.65678833425045e-05 -1.74192083403468e-05
12800 16240 -3978 3.20415192159422e-05 2.13766487240791e-05 1.61624873653054e-05 -1.74835373498499e-05
12800 16440 -3978 3.31745404281368e-05 2.32811373136938e-05 1.57982943281531e-05 -1.77023099847138e-05
12800 16640 -3978 3.44170789917584e-05 2.50956064276397e-05 1.54973079450428e-05 -1.76580486148596e-05
12800 16840 -3978 3.59726888564825e-05 2.69836030751467e-05 1.56270492840558e-05 -1.77094028629363e-05
12800 17040 -3978 3.66323456913428e-05 2.81492768190801e-05 1.52744341436774e-05 -1.78946484103799e-05
13000 17040 -3978 3.65375773526853e-05 2.81629155538976e-05 1.52119833678007e-05 -1.77653648778796e-05
13000 16840 -3978 3.57312516108811e-05 2.68776819594204e-05 1.54738531578332e-05 -1.77487485222518e-05
13000 16640 -3978 3.43805949525149e-05 2.51348464265466e-05 1.55456615108997e-05 -1.75886630751193e-05
13000 16440 -3978 3.33340202125576e-05 2.35632982812822e-05 1.58193377926946e-05 -1.762371532619e-05
13000 16240 -3978 3.21094652185717e-05 2.15683863312006e-05 1.60564242396504e-05 -1.7417447462678e-05
13000 16040 -3978 3.10187631964046e-05 1.963553962484e-05 1.63536896668375e-05 -1.7565302817151e-05
13000 15840 -3978 2.97839660108104e-05 1.74138308502734e-05 1.68992140963674e-05 -1.73572596050799e-05
13000 15640 -3978 2.84125137267596e-05 1.45305720511824e-05 1.72805974408984e-05 -1.72486047036946e-05
13000 15440 -3978 2.72778161586686e-05 1.18021143898368e-05 1.75723923444748e-05 -1.70875550284982e-05
13000 15240 -3978 2.63928423527728e-05 8.94310840778053e-06 1.80255016386509e-05 -1.70233120601624e-05
13000 15040 -3978 2.56118698862848e-05 5.93410199345089e-06 1.84603100344539e-05 -1.68169222828001e-05
13200 15040 -3978 2.54543272348445e-05 5.80294903391041e-06 1.8320388328284e-05 -1.66426348537207e-05
13200 15240 -3978 2.61139226726481e-05 8.96897094883025e-06 1.78609057255089e-05 -1.68072176203132e-05
13200 15440 -3978 2.70671859657609e-05 1.1648293800652e-05 1.74489232897758e-05 -1.69908542335033e-05
13200 15640 -3978 2.82058868239126e-05 1.43703954145312e-05 1.72498475275934e-05 -1.70312164723873e-05
13200 15840 -3978 2.93652378120296e-05 1.7044728230685e-05 1.651719199121e-05 -1.72021114900708e-05
13200 16040 -3978 3.05129117183321e-05 1.92693244665861e-05 1.62364317551255e-05 -1.71657344959676e-05
13200 16240 -3978 3.17895471617268e-05 2.12676152065396e-05 1.61017403546721e-05 -1.73292678184807e-05
13200 16440 -3978 3.30442124358669e-05 2.31571320556104e-05 1.59167075324804e-05 -1.73875136747956e-05
13200 16640 -3978 3.4443081209629e-05 2.52032292038202e-05 1.54955364242196e-05 -1.75625508986414e-05
13200 16840 -3978 3.53369527050079e-05 2.65453344322741e-05 1.52483708262444e-05 -1.77324995882809e-05
13200 17040 -3978 3.63460022572301e-05 2.79648459069431e-05 1.50089844036847e-05 -1.77638901732862e-05
13400 17040 -3978 3.65629682137742e-05 2.81585696898401e-05 1.51442628093064e-05 -1.77484344579279e-05
13400 16840 -3978 3.54277733073332e-05 2.67419442050159e-05 1.51746067982167e-05 -1.75990582183003e-05
13400 16640 -3978 3.44605849723971e-05 2.53970058038831e-05 1.55707818623632e-05 -1.74411643259227e-05
13400 16440 -3978 3.31324238696907e-05 2.34830665551126e-05 1.5578984035179e-05 -1.73402238190174e-05
13400 16240 -3978 3.19689819588651e-05 2.15176402851939e-05 1.59724949933589e-05 -1.73904290609062e-05
13400 16040 -3978 3.04043312462818e-05 1.92540165260434e-05 1.61761714983731e-05 -1.69936710745096e-05
13400 15840 -3978 2.9354151131859e-05 1.71661335751414e-05 1.65917073823512e-05 -1.70938241258264e-05
13400 15640 -3978 2.78658198651942e-05 1.45086732488126e-05 1.6785473793745e-05 -1.68597208410501e-05
13400 15440 -3978 2.6826802406129e-05 1.14909686688334e-05 1.72723057754338e-05 -1.6781145632267e-05
13400 15240 -3978 2.59272825553357e-05 8.56285653728991e-06 1.77972889058292e-05 -1.67227372378111e-05
13400 15040 -3978 2.54600427334126e-05 5.58653201026027e-06 1.80912211798132e-05 -1.68931586034596e-05
13600 15040 -3978 2.55169062782539e-05 5.58902797428891e-06 1.84397940188646e-05 -1.67472846545279e-05
13600 15240 -3978 2.57378440346831e-05 8.49226849991828e-06 1.78079144582152e-05 -1.65740897823125e-05
13600 15440 -3978 2.66328266901649e-05 1.15617648232728e-05 1.73621137700975e-05 -1.65893242545426e-05
13600 15640 -3978 2.76538146284179e-05 1.42733384426683e-05 1.67547490820289e-05 -1.67200588956475e-05
13600 15840 -3978 2.89629255328199e-05 1.69848537296057e-05 1.63362757991999e-05 -1.68156228922308e-05
13600 16040 -3978 3.02206011874905e-05 1.91655949279666e-05 1.59339731708169e-05 -1.70154126510024e-05
13600 16240 -3978 3.15271516433347e-05 2.12450664192438e-05 1.57933419663459e-05 -1.72007476463914e-05
13600 16440 -3978 3.29875613567911e-05 2.33217034339905e-05 1.55541368313134e-05 -1.73881045728922e-05
13600 16640 -3978 3.39769174990367e-05 2.49756644666195e-05 1.5227598587051e-05 -1.73945293799043e-05
13600 16840 -3978 3.53633822920186e-05 2.67364574149251e-05 1.50468341242522e-05 -1.7447117369622e-05
13600 17040 -3978 3.64409494282638e-05 2.80814393162727e-05 1.51178347896785e-05 -1.76809793002904e-05
13800 17040 -3978 3.63301243957661e-05 2.81253648325801e-05 1.48304040636867e-05 -1.76001985631883e-05
13800 16840 -3978 3.54511194091871e-05 2.68712189234793e-05 1.49782599657774e-05 -1.75227374359965e-05
13800 16640 -3978 3.42916443541017e-05 2.52434207387269e-05 1.52121574375778e-05 -1.75293139629066e-05
13800 16440 -3978 3.27849351814056e-05 2.33406384214759e-05 1.53319915290922e-05 -1.71754653118551e-05
13800 16240 -3978 3.15200651590532e-05 2.14419121183455e-05 1.54601055346429e-05 -1.6951742824167e-05
13800 16040 -3978 3.03054679863882e-05 1.94908224567771e-05 1.60177854616195e-05 -1.69736209362745e-05
13800 15840 -3978 2.88569059320704e-05 1.71496167182922e-05 1.61805957239121e-05 -1.67971875648946e-05
13800 15640 -3978 2.76136467193437e-05 1.45387105029076e-05 1.66330158673227e-05 -1.65891866795719e-05
13800 15440 -3978 2.62942966667401e-05 1.13875477295369e-05 1.72127991169691e-05 -1.62921251058578e-05
13800 15240 -3978 2.56152866883654e-05 8.44255467411131e-06 1.7641540300101e-05 -1.6344843737781e-05
13800 15040 -3978 2.50475946715781e-05 4.96016579848947e-06 1.84648553058505e-05 -1.61534551233053e-05
14000 15040 -3978 2.4518268072089e-05 4.60403838555794e-06 1.85428341031075e-05 -1.55714213121682e-05
14000 15240 -3978 2.48880364708503e-05 8.06052581127733e-06 1.76441952735186e-05 -1.56957605462521e-05
14000 15440 -3978 2.57945341299286e-05 1.10961101129651e-05 1.69405782427639e-05 -1.59889619834721e-05
14000 15640 -3978 2.71672415353893e-05 1.4156185137108e-05 1.65505257286131e-05 -1.61623714901507e-05
14000 15840 -3978 2.84612685960534e-05 1.68963587805629e-05 1.61564610004425e-05 -1.63713324554265e-05
14000 16040 -3978 2.99247338779549e-05 1.92024351246655e-05 1.56821353565902e-05 -1.67160868570209e-05
14000 16240 -3978 3.14381329217834e-05 2.14847493320704e-05 1.55063044670969e-05 -1.69295572564006e-05
14000 16440 -3978 3.27961739442628e-05 2.32924381904304e-05 1.53680473808199e-05 -1.72300455085933e-05
14000 16640 -3978 3.40953493684563e-05 2.53492218181491e-05 1.4891710832715e-05 -1.74290491528809e-05
14000 16840 -3978 3.53887388046801e-05 2.68953588418663e-05 1.47830236461014e-05 -1.7502106577158e-05
14000 17040 -3978 3.65632365646633e-05 2.84123943224549e-05 1.48014856204391e-05 -1.76198061555624e-05
14200 17040 -3978 3.63774837759319e-05 2.82862175181508e-05 1.46068358179182e-05 -1.7574929960072e-05
14200 16840 -3978 3.54550024112363e-05 2.71846614405513e-05 1.47721196338534e-05 -1.7315769109875e-05
14200 16640 -3978 3.41411098560429e-05 2.54681456498802e-05 1.48503153976053e-05 -1.72458438165486e-05
14200 16440 -3978 3.28318498888244e-05 2.37135134004057e-05 1.49349114000797e-05 -1.70818656682968e-05
14200 16240 -3978 3.1563845152778e-05 2.18221233934164e-05 1.53522550426424e-05 -1.68878734856844e-05
14200 16040 -3978 2.99532496605937e-05 1.94473611861467e-05 1.55622738413513e-05 -1.66162310987711e-05
14200 15840 -3978 2.82980597404277e-05 1.69970159269869e-05 1.57593686394393e-05 -1.63380131032318e-05
14200 15640 -3978 2.7142471250178e-05 1.45377792529762e-05 1.63695489931852e-05 -1.60438332613558e-05
14200 15440 -3978 2.54407593985794e-05 1.11669601695612e-05 1.6719144500792e-05 -1.55744236428291e-05
14200 15240 -3978 2.43805050927129e-05 7.92964974977076e-06 1.73844584971666e-05 -1.51524901408702e-05
14200 15040 -3978 2.36897353922837e-05 4.18871724820929e-06 1.80590528324246e-05 -1.46595015190542e-05
14400 15040 -3978 2.2653852770445e-05 3.6167418557161e-06 1.7519824270159e-05 -1.3890950312838e-05
14400 15240 -3978 2.36802746864823e-05 7.49803145974875e-06 1.69343889467418e-05 -1.47567409835756e-05
14400 15440 -3978 2.50076433680396e-05 1.09734635911882e-05 1.63269534241408e-05 -1.53924617804587e-05
14400 15640 -3978 2.66704443879808e-05 1.42497151065618e-05 1.58240781258792e-05 -1.58284647334367e-05
14400 15840 -3978 2.82032220167446e-05 1.72395593188703e-05 1.53682923838496e-05 -1.61598531715572e-05
14400 16040 -3978 2.97841754606859e-05 1.95353240780532e-05 1.51296369228512e-05 -1.65386270359159e-05
14400 16240 -3978 3.12709385095231e-05 2.14947531111538e-05 1.53460242338479e-05 -1.67435576915741e-05
14400 16440 -3978 3.2717449168379e-05 2.35153913423419e-05 1.48983964286745e-05 -1.72689733356237e-05
14400 16640 -3978 3.4290709752178e-05 2.56909720934927e-05 1.44339033327997e-05 -1.75713962763548e-05
14400 16840 -3978 3.55344691873092e-05 2.73185219243169e-05 1.44262428320944e-05 -1.74478661008179e-05
14400 17040 -3978 3.65582267122784e-05 2.8520698633045e-05 1.45602977033705e-05 -1.77365644536912e-05
14600 17040 -3978 3.66171234123593e-05 2.87636568844318e-05 1.43320923987776e-05 -1.75515497066081e-05
14600 16840 -3978 3.54965948868239e-05 2.74340032227337e-05 1.43718078099191e-05 -1.75554302632809e-05
14600 16640 -3978 3.45204042041101e-05 2.60501931793988e-05 1.46965236216784e-05 -1.72187497913837e-05
14600 16440 -3978 3.29727140711153e-05 2.40897204130888e-05 1.45925581678748e-05 -1.71339357607067e-05
14600 16240 -3978 3.14983803980542e-05 2.2166404902935e-05 1.46829774919897e-05 -1.6834488729015e-05
14600 16040 -3978 2.99196518529544e-05 1.98851141184568e-05 1.49948659036309e-05 -1.65529291369021e-05
14600 15840 -3978 2.81726480505816e-05 1.74775448665023e-05 1.50195564385504e-05 -1.63694904260337e-05
14600 15640 -3978 2.65776349753685e-05 1.48160729687661e-05 1.53874837420881e-05 -1.58139181341976e-05
14600 15440 -3978 2.45714439173479e-05 1.12627514954656e-05 1.5569368859753e-05 -1.5232710134238e-05
14600 15240 -3978 2.29745711391663e-05 7.62200858443975e-06 1.61600162964314e-05 -1.47492775190622e-05
14600 15040 -3978 2.15805402735977e-05 3.10128707121476e-06 1.6432440534234e-05 -1.36228518933058e-05
14800 15040 -3978 2.10297911865089e-05 2.57690607684708e-06 1.53419199753553e-05 -1.41816253159195e-05
14800 15240 -3978 2.25598705687166e-05 7.53427720628679e-06 1.53548251818866e-05 -1.47091788202524e-05
14800 15440 -3978 2.43229146165678e-05 1.12908256780356e-05 1.51995159164071e-05 -1.52674865927547e-05
14800 15640 -3978 2.61958894149171e-05 1.45336734876037e-05 1.48897133041173e-05 -1.59562880769372e-05
14800 15840 -3978 2.81440574191167e-05 1.76366129852831e-05 1.47912144269794e-05 -1.61582880169153e-05
14800 16040 -3978 2.97530916052468e-05 1.99380406700075e-05 1.46089186836034e-05 -1.65859071724117e-05
14800 16240 -3978 3.15733055031033e-05 2.23006873652339e-05 1.4517027027905e-05 -1.69646119102836e-05
14800 16440 -3978 3.29375039119242e-05 2.42610157616437e-05 1.43477259110659e-05 -1.70418613813817e-05
14800 16640 -3978 3.442301135312e-05 2.60751376599073e-05 1.43233713041991e-05 -1.73431757427752e-05
14800 16840 -3978 3.58036612596455e-05 2.76477000787854e-05 1.43108968865126e-05 -1.77011275477707e-05
14800 17040 -3978 3.67591325726335e-05 2.89812834262848e-05 1.40394162517041e-05 -1.76716669388115e-05
15000 17040 -3978 3.69733572063059e-05 2.91620712168515e-05 1.39877917636186e-05 -1.79277963973582e-05
15000 16840 -3978 3.59797006763791e-05 2.80630624182522e-05 1.38886869307607e-05 -1.77230856176466e-05
15000 16640 -3978 3.46957486058533e-05 2.6551079235971e-05 1.40071507561952e-05 -1.74157415740192e-05
15000 16440 -3978 3.33790367204673e-05 2.48453764617443e-05 1.40925467219204e-05 -1.72306942157447e-05
15000 16240 -3978 3.18617448324157e-05 2.28421724289656e-05 1.42228614650667e-05 -1.70295792631805e-05
15000 16040 -3978 3.01072594931762e-05 2.0578377302736e-05 1.41981288678944e-05 -1.67371910084039e-05
15000 15840 -3978 2.82336369671024e-05 1.8025438606739e-05 1.43416703324765e-05 -1.63260010872036e-05
15000 15640 -3978 2.65917275648828e-05 1.53298466168344e-05 1.44945817608386e-05 -1.61871207188815e-05
15000 15440 -3978 2.43763577348727e-05 1.17513072937727e-05 1.44743488263339e-05 -1.55220221839845e-05
15000 15240 -3978 2.23512182423532e-05 7.6522128242068e-06 1.46429904904217e-05 -1.50269659012556e-05
15000 15040 -3978 2.08280879591617e-05 2.65618177238503e-06 1.46713643595576e-05 -1.45378761142492e-05
15200 15040 -3978 2.10816519867731e-05 3.1417135759184e-06 1.45510500315577e-05 -1.48122231271118e-05
15200 15240 -3978 2.22476528067849e-05 8.11446263454855e-06 1.40550101939589e-05 -1.5217432109639e-05
15200 15440 -3978 2.4292178367444e-05 1.20711170397699e-05 1.39866175185889e-05 -1.57360377516598e-05
15200 15640 -3978 2.64687825569072e-05 1.5671078056097e-05 1.40214465316385e-05 -1.61190261282027e-05
15200 15840 -3978 2.85061862022487e-05 1.84679412208498e-05 1.40276888739318e-05 -1.65334453582764e-05
15200 16040 -3978 3.02900947031815e-05 2.09309502020478e-05 1.39483834989369e-05 -1.68673042096198e-05
15200 16240 -3978 3.19849411131082e-05 2.30877688787877e-05 1.39432814661413e-05 -1.71923322491348e-05
15200 16440 -3978 3.36260380334365e-05 2.50501868389547e-05 1.4181267529726e-05 -1.74252708144486e-05
15200 16640 -3978 3.48983006426991e-05 2.67022093497217e-05 1.39074638299644e-05 -1.77851615659893e-05
15200 16840 -3978 3.63707684267318e-05 2.84744410030544e-05 1.40043368972838e-05 -1.79004834443331e-05
15200 17040 -3978 3.73156651963001e-05 2.95979635193944e-05 1.38991349972784e-05 -1.8051059152931e-05
15400 17040 -3978 3.75173707803643e-05 2.98777758106589e-05 1.38113335315138e-05 -1.80032966136932e-05
15400 16840 -3978 3.66023831857914e-05 2.87783239632845e-05 1.36239500399679e-05 -1.79782351627946e-05
15400 16640 -3978 3.54050710586882e-05 2.73012644983828e-05 1.37284715846181e-05 -1.76782684624195e-05
15400 16440 -3978 3.40653831067134e-05 2.56922533847392e-05 1.38503053113818e-05 -1.77292765825987e-05
15400 16240 -3978 3.26335740658819e-05 2.38248993232846e-05 1.39333437290043e-05 -1.73496897742152e-05
15400 16040 -3978 3.09591482264884e-05 2.17172179892659e-05 1.38094913288951e-05 -1.71952883340418e-05
15400 15840 -3978 2.90782498233978e-05 1.93572676256299e-05 1.36807136107236e-05 -1.68427693080157e-05
15400 15640 -3978 2.69607308006181e-05 1.66415542624891e-05 1.36442657057196e-05 -1.63841986060143e-05
15400 15440 -3978 2.47714179119601e-05 1.30816803798079e-05 1.36559444759041e-05 -1.59832488559187e-05
15400 15240 -3978 2.25903714530465e-05 9.03875991236418e-06 1.36296048909426e-05 -1.56149805448949e-05
15400 15040 -3978 2.11916764284943e-05 3.74008769651118e-06 1.42977568991482e-05 -1.52873768825084e-05
15600 15040 -3978 2.13162205875699e-05 5.57023897767067e-06 1.40516676250845e-05 -1.496478863433e-05
15600 15240 -3978 2.30874330498224e-05 1.03178509753197e-05 1.33150651734322e-05 -1.57556430716068e-05
15600 15440 -3978 2.51400290469837e-05 1.38613296598196e-05 1.29827777761966e-05 -1.65904430877417e-05
15600 15640 -3978 2.71793175955286e-05 1.70089368931949e-05 1.30620906203985e-05 -1.6730924623087e-05
15600 15840 -3978 2.95364482114726e-05 1.99998520798981e-05 1.33576001357287e-05 -1.71179662309587e-05
15600 16040 -3978 3.12728967181129e-05 2.21997197158635e-05 1.35314495358616e-05 -1.74687017463148e-05
15600 16240 -3978 3.28291005873775e-05 2.41616474986076e-05 1.35166867785156e-05 -1.77097466513515e-05
15600 16440 -3978 3.42559843125126e-05 2.60818635113537e-05 1.36852580085397e-05 -1.76873527429998e-05
15600 16640 -3978 3.55494347145503e-05 2.75216549113393e-05 1.34860686380416e-05 -1.78843983747065e-05
15600 16840 -3978 3.69281708840638e-05 2.92576064802706e-05 1.37525528725237e-05 -1.7923490844667e-05
15600 17040 -3978 3.79637277713233e-05 3.04138484671712e-05 1.37853171955794e-05 -1.80467973276973e-05
15800 17040 -3978 3.84816960731756e-05 3.08838878497482e-05 1.36399414446205e-05 -1.84656004868448e-05
15800 16840 -3978 3.72914698395508e-05 2.96608863994479e-05 1.36602168530226e-05 -1.80477808453143e-05
15800 16640 -3978 3.62623148983511e-05 2.83106522485614e-05 1.37229828368872e-05 -1.80138340592384e-05
15800 16440 -3978 3.49500923410404e-05 2.68892886787653e-05 1.33335628118366e-05 -1.77632384710014e-05
15800 16240 -3978 3.36304356838398e-05 2.50637797787786e-05 1.34322020467371e-05 -1.79000674262643e-05
15800 16040 -3978 3.22253765079526e-05 2.33485722839832e-05 1.33834270257503e-05 -1.77257706299424e-05
15800 15840 -3978 3.03862465202666e-05 2.10112399607897e-05 1.32206691000611e-05 -1.74573984220624e-05
15800 15640 -3978 2.83701947255078e-05 1.85263031870127e-05 1.28246047478169e-05 -1.72650081049651e-05
15800 15440 -3978 2.61503205416574e-05 1.52812826707959e-05 1.27423951309174e-05 -1.70291166193783e-05
15800 15240 -3978 2.37201791221296e-05 1.17974985092878e-05 1.24496458694339e-05 -1.63707197532058e-05
15800 15040 -3978 2.12546148128566e-05 7.75701674353331e-06 1.30842167027295e-05 -1.49778818972409e-05
16000 15040 -3978 2.28363270841612e-05 9.99413675069809e-06 1.15712306667119e-05 -1.69623608663678e-05
16000 15240 -3978 2.52914209566175e-05 1.35412093326449e-05 1.19104850124568e-05 -1.76345545500517e-05
16000 15440 -3978 2.7399820339372e-05 1.66604057252407e-05 1.2276745500043e-05 -1.78040227256715e-05
16000 15640 -3978 2.9382839712062e-05 1.9410729970783e-05 1.27747139129788e-05 -1.79742874521762e-05
16000 15840 -3978 3.12523231428042e-05 2.18831747695804e-05 1.28948903977871e-05 -1.79822423942387e-05
16000 16040 -3978 3.27548454668466e-05 2.40491033047438e-05 1.29975171387196e-05 -1.80697254762053e-05
16000 16240 -3978 3.42152020474205e-05 2.57571432627738e-05 1.33336604014039e-05 -1.81770919263363e-05
16000 16440 -3978 3.54651869123902e-05 2.73795538619161e-05 1.34400218948722e-05 -1.81536921709776e-05
16000 16640 -3978 3.68491640473749e-05 2.89194972813129e-05 1.3427934428677e-05 -1.84174281209707e-05
16000 16840 -3978 3.79469707343016e-05 3.03272188454866e-05 1.34523327406496e-05 -1.83246493674815e-05
16000 17040 -3978 3.87715899540603e-05 3.13580091819167e-05 1.35066724531353e-05 -1.83706626705825e-05
16200 17040 -3978 3.91903479956743e-05 3.18117722719908e-05 1.32948002666235e-05 -1.85127008184791e-05
16200 16840 -3978 3.8466841784333e-05 3.09161007106304e-05 1.3376391923055e-05 -1.84843953177333e-05
16200 16640 -3978 3.73099279849801e-05 2.9651758544147e-05 1.33558208364993e-05 -1.8506876334548e-05
16200 16440 -3978 3.63319942263441e-05 2.83990515992045e-05 1.32016206346452e-05 -1.85453920140863e-05
16200 16240 -3978 3.50375059794918e-05 2.67637713849544e-05 1.32278936319053e-05 -1.8534737855196e-05
16200 16040 -3978 3.37601481070876e-05 2.49308351315558e-05 1.31973603069782e-05 -1.8489853516221e-05
16200 15840 -3978 3.23194079658996e-05 2.32363646700978e-05 1.29757832586765e-05 -1.83602317124605e-05
16200 15640 -3978 3.06725864903597e-05 2.09468856528401e-05 1.25610179230571e-05 -1.85541470348835e-05
16200 15440 -3978 2.8697106056366e-05 1.82081988491118e-05 1.21692346334457e-05 -1.86584431380034e-05
16200 15240 -3978 2.72160923655123e-05 1.57307762503624e-05 1.17692775074393e-05 -1.87070594578981e-05
16200 15040 -3978 2.55558996814561e-05 1.26608972921967e-05 1.08351048398763e-05 -1.94975497014821e-05
16400 15040 -3978 2.81358090272666e-05 1.52492000889033e-05 1.1503821503371e-05 -2.08517894521356e-05
16400 15240 -3978 2.90376693965404e-05 1.77899712473154e-05 1.20583979580551e-05 -1.95268585719168e-05
16400 15440 -3978 3.04053180396509e-05 2.01512959338725e-05 1.24379958808422e-05 -1.92123893387616e-05
16400 15640 -3978 3.18232485751156e-05 2.22174487374723e-05 1.27281728740782e-05 -1.88612815849483e-05
16400 15840 -3978 3.32036535018641e-05 2.42250492945313e-05 1.28747027423233e-05 -1.86432980448008e-05
16400 16040 -3978 3.4774673461966e-05 2.60943043753505e-05 1.31657739970833e-05 -1.87837230823934e-05
16400 16240 -3978 3.59089175786264e-05 2.76442134864628e-05 1.31156839989126e-05 -1.87943250909448e-05
16400 16440 -3978 3.66620687421012e-05 2.87167846933007e-05 1.33166762851179e-05 -1.86445106714964e-05
16400 16640 -3978 3.79078679346745e-05 3.02031228616834e-05 1.33649390637875e-05 -1.86389096416533e-05
16400 16840 -3978 3.8875813531649e-05 3.13403190746903e-05 1.33557417280972e-05 -1.87213495783508e-05
16400 17040 -3978 3.97329997338215e-05 3.2347783125937e-05 1.34481359086931e-05 -1.87922078482807e-05
16600 17040 -3978 4.03897112806894e-05 3.31038996428251e-05 1.33780320622027e-05 -1.88809126876295e-05
16600 16840 -3978 3.93683602422942e-05 3.20637253001332e-05 1.32652574647218e-05 -1.8738427888602e-05
16600 16640 -3978 3.85873973771276e-05 3.08894495889545e-05 1.34411890730262e-05 -1.88091368861497e-05
16600 16440 -3978 3.78054973402367e-05 3.00047476440668e-05 1.32939969990402e-05 -1.87722896896303e-05
16600 16240 -3978 3.66509164128299e-05 2.84136767536402e-05 1.32853475771844e-05 -1.88916004113853e-05
16600 16040 -3978 3.56245463888177e-05 2.72156974412501e-05 1.32134393397719e-05 -1.88145538493991e-05
16600 15840 -3978 3.45011144783389e-05 2.55902898721397e-05 1.30507098343223e-05 -1.91087136492133e-05
16600 15640 -3978 3.32858572229497e-05 2.39792241826653e-05 1.31383574046195e-05 -1.91789372749627e-05
16600 15440 -3978 3.20690080866185e-05 2.20187421888113e-05 1.27829386219382e-05 -1.96737136542797e-05
16600 15240 -3978 3.08811696376124e-05 1.96784668304026e-05 1.26783498693258e-05 -2.02597918063402e-05
16600 15040 -3978 3.0209928572129e-05 1.77537571415305e-05 1.25155038032681e-05 -2.09227857366204e-05
16800 15040 -3978 3.19693682526376e-05 2.00797596387565e-05 1.35805759839714e-05 -2.08425457961857e-05
16800 15240 -3978 3.26159105240159e-05 2.17823332473636e-05 1.33327523358166e-05 -2.02946350462735e-05
16800 15440 -3978 3.34945561356203e-05 2.3487952709198e-05 1.34275830741972e-05 -1.99905965775251e-05
16800 15640 -3978 3.43227387736638e-05 2.4968179255724e-05 1.32427455727011e-05 -1.95405269376934e-05
16800 15840 -3978 3.55883701894683e-05 2.68587000444531e-05 1.32638966217637e-05 -1.94045208729804e-05
16800 16040 -3978 3.64568530185487e-05 2.81389062330127e-05 1.32133974861354e-05 -1.90449524782598e-05
16800 16240 -3978 3.73379046674849e-05 2.93069330453873e-05 1.32643024343997e-05 -1.90428717359901e-05
16800 16440 -3978 3.8573856280371e-05 3.07530243694782e-05 1.34218181911856e-05 -1.90050069093704e-05
16800 16640 -3978 3.92450239504654e-05 3.16201390624046e-05 1.34558103289455e-05 -1.89303600117564e-05
16800 16840 -3978 3.99736422338254e-05 3.2623717173934e-05 1.32753593847156e-05 -1.89914376661181e-05
16800 17040 -3978 4.06792313373722e-05 3.33805422633886e-05 1.31935613751411e-05 -1.906693873927e-05
17000 17040 -3978 4.13949621534186e-05 3.4148094072938e-05 1.35341635625809e-05 -1.88704035617411e-05
17000 16840 -3978 4.06613845774566e-05 3.3311893068254e-05 1.33333356678486e-05 -1.91601662859321e-05
17000 16640 -3978 3.98895416927088e-05 3.24580422714353e-05 1.33440875317901e-05 -1.89627623595297e-05
17000 16440 -3978 3.9203172858238e-05 3.1468472905457e-05 1.32947443388402e-05 -1.90777980089188e-05
17000 16240 -3978 3.81610874891501e-05 3.03245129659772e-05 1.32530045211315e-05 -1.90703550800681e-05
17000 16040 -3978 3.73841678748808e-05 2.92278408408165e-05 1.32712720185518e-05 -1.93395484127104e-05
17000 15840 -3978 3.6430163030007e-05 2.7837889496237e-05 1.34447013307363e-05 -1.93043012954295e-05
17000 15640 -3978 3.57204784115399e-05 2.65859258472919e-05 1.36133627519012e-05 -1.94983377754688e-05
17000 15440 -3978 3.47111889390915e-05 2.50946601741016e-05 1.35644481871277e-05 -1.97770173102617e-05
17000 15240 -3978 3.39037032816763e-05 2.34784796871245e-05 1.38506806846708e-05 -2.02688745111227e-05
17000 15040 -3978 3.34907593482472e-05 2.22472934983671e-05 1.42816880978644e-05 -2.05688059106469e-05
17200 15040 -3978 3.48941354482801e-05 2.40799520798028e-05 1.45978155899793e-05 -2.02638317979872e-05
17200 15240 -3978 3.52096154074137e-05 2.52697975188494e-05 1.41519030667841e-05 -2.00947869755328e-05
17200 15440 -3978 3.59310877907353e-05 2.66724039763212e-05 1.40155893824995e-05 -1.97754624858499e-05
17200 15640 -3978 3.66737870805379e-05 2.77854109853506e-05 1.39344887975603e-05 -1.94619530662894e-05
17200 15840 -3978 3.75164883549408e-05 2.906048200652e-05 1.36014019362628e-05 -1.93168292827904e-05
17200 16040 -3978 3.83098074259897e-05 3.01189235299826e-05 1.35753942746669e-05 -1.92545411549509e-05
17200 16240 -3978 3.91130845744093e-05 3.12999016642571e-05 1.3401365596801e-05 -1.9267051897943e-05
17200 16440 -3978 3.97280286145807e-05 3.21320908144116e-05 1.33534579072148e-05 -1.91434275619686e-05
17200 16640 -3978 4.05922184310404e-05 3.31869477331638e-05 1.3318662179634e-05 -1.91586400158703e-05
17200 16840 -3978 4.12263314516435e-05 3.39530298113823e-05 1.32787034530193e-05 -1.91928115040064e-05
17200 17040 -3978 4.17089304504581e-05 3.46826265230775e-05 1.32910684160888e-05 -1.90948913283646e-05
17400 17040 -3978 4.23718103650042e-05 3.53119613528252e-05 1.33389722146094e-05 -1.94732867851853e-05
17400 16840 -3978 4.17217032382206e-05 3.45757763907313e-05 1.32473817281425e-05 -1.91936629898846e-05
17400 16640 -3978 4.11940205908593e-05 3.3921445325017e-05 1.34066482502967e-05 -1.91453561522067e-05
17400 16440 -3978 4.06091819184082e-05 3.30967061296105e-05 1.33901939876378e-05 -1.92270822152495e-05
17400 16240 -3978 3.97447305416648e-05 3.20229057371616e-05 1.33686723336577e-05 -1.93642862401903e-05
17400 16040 -3978 3.93685896839189e-05 3.13760902732611e-05 1.36199914533645e-05 -1.94124504365027e-05
17400 15840 -3978 3.85737228342591e-05 3.02573600113392e-05 1.37999164946377e-05 -1.96984920687974e-05
17400 15640 -3978 3.78452918364837e-05 2.93692848198116e-05 1.38793402891606e-05 -1.94299353696406e-05
17400 15440 -3978 3.71583116604358e-05 2.81344407089055e-05 1.41944602057338e-05 -1.96903700046241e-05
17400 15240 -3978 3.66595847460244e-05 2.70339088104665e-05 1.45706397555768e-05 -1.9663888014853e-05
17400 15040 -3978 3.59184385888202e-05 2.57794099971652e-05 1.51644252818078e-05 -1.99210621081293e-05
17600 15040 -3978 3.69391370911087e-05 2.75220383554697e-05 1.51618469133973e-05 -1.96380475275219e-05
17600 15240 -3978 3.74781060306346e-05 2.83855690583587e-05 1.50036214049906e-05 -1.95733994953334e-05
17600 15440 -3978 3.8199053281493e-05 2.93756481185555e-05 1.44998220391572e-05 -1.96821361780167e-05
17600 15640 -3978 3.88140318375263e-05 3.04763815328479e-05 1.40984340440482e-05 -1.94094289280474e-05
17600 15840 -3978 3.95339265061116e-05 3.15776074230671e-05 1.38233900368214e-05 -1.94122816286981e-05
17600 16040 -3978 3.99808881581766e-05 3.23531934544444e-05 1.36548467967659e-05 -1.92865006327629e-05
17600 16240 -3978 4.0557176025025e-05 3.29906595498323e-05 1.35484807472676e-05 -1.94259417057037e-05
17600 16440 -3978 4.12974831817483e-05 3.39026598185301e-05 1.34755548089743e-05 -1.93439422175288e-05
17600 16640 -3978 4.2056549410454e-05 3.47356066927314e-05 1.35658905059099e-05 -1.94727106690407e-05
17600 16840 -3978 4.22585079883944e-05 3.52393505200744e-05 1.33758596517146e-05 -1.91064400374889e-05
17600 17040 -3978 4.29424045485861e-05 3.59865862652659e-05 1.33253678679466e-05 -1.92704048790038e-05
17800 17040 -3978 4.34433734038015e-05 3.65117382109165e-05 1.33130732513964e-05 -1.93134454190731e-05
17800 16840 -3978 4.31734124427741e-05 3.6137570656836e-05 1.33615353349596e-05 -1.93607997521758e-05
17800 16640 -3978 4.26087508764626e-05 3.55942566394806e-05 1.34905422255397e-05 -1.92083365209401e-05
17800 16440 -3978 4.22133929898259e-05 3.49636971279979e-05 1.35117695257068e-05 -1.93921553231776e-05
17800 16240 -3978 4.14372066752169e-05 3.40196971297264e-05 1.36181930508465e-05 -1.9384714230895e-05
17800 16040 -3978 4.08666153871699e-05 3.32817024439573e-05 1.38065534662455e-05 -1.93300744555891e-05
17800 15840 -3978 4.04093442156806e-05 3.25156210437417e-05 1.40131604000926e-05 -1.95182719007134e-05
17800 15640 -3978 3.96973265994692e-05 3.1516510002315e-05 1.42377183604986e-05 -1.95280509442091e-05
17800 15440 -3978 3.92350976944182e-05 3.0842315889895e-05 1.45305339917541e-05 -1.94229171797633e-05
17800 15240 -3978 3.86130919575558e-05 2.9841084420681e-05 1.5136395458132e-05 -1.92128076963127e-05
17800 15040 -3978 3.7976668205236e-05 2.8893025636673e-05 1.52511084340513e-05 -1.93603741973639e-05
18000 15040 -3978 3.90292496474556e-05 3.03810937851667e-05 1.51496599130332e-05 -1.91829060427845e-05
18000 15240 -3978 3.94869580387314e-05 3.10377440154552e-05 1.48910107426345e-05 -1.92146826088429e-05
18000 15440 -3978 3.99433694439255e-05 3.18613947406411e-05 1.44961764793843e-05 -1.92327362000942e-05
18000 15640 -3978 4.04806492577479e-05 3.2648357488215e-05 1.41913369521499e-05 -1.9315827626735e-05
18000 15840 -3978 4.10021379145845e-05 3.33909495845437e-05 1.37747759241611e-05 -1.94029726497829e-05
18000 16040 -3978 4.16017178880175e-05 3.41425985991955e-05 1.38410292807966e-05 -1.93718999177217e-05
18000 16240 -3978 4.21711251161756e-05 3.4798611573875e-05 1.35543475691229e-05 -1.92742162160575e-05
18000 16440 -3978 4.27332343578138e-05 3.55657962039113e-05 1.36229245942086e-05 -1.93809025734663e-05
18000 16640 -3978 4.28861729596464e-05 3.58727852031589e-05 1.34449793212116e-05 -1.94087907411158e-05
18000 16840 -3978 4.37487388334209e-05 3.67363442331553e-05 1.35361762940884e-05 -1.94447287172079e-05
18000 17040 -3978 4.40051774065147e-05 3.71833490729332e-05 1.32627626173198e-05 -1.95753060951829e-05
18200 17040 -3978 4.44680255372586e-05 3.76943680644035e-05 1.32465025503188e-05 -1.9440221555531e-05
18200 16840 -3978 4.42274357726301e-05 3.7394323989749e-05 1.33476665876806e-05 -1.95830926224589e-05
18200 16640 -3978 4.38200732259304e-05 3.68383418396115e-05 1.33786898814142e-05 -1.9450887799263e-05
18200 16440 -3978 4.34170382379653e-05 3.62702184095979e-05 1.36027175188065e-05 -1.9517448361963e-05
18200 16240 -3978 4.28826875014222e-05 3.57159403711557e-05 1.373897578381e-05 -1.94025039039552e-05
18200 16040 -3978 4.22481678307399e-05 3.49416921362281e-05 1.35963405705988e-05 -1.95501278042793e-05
18200 15840 -3978 4.17844080393708e-05 3.42994349449873e-05 1.3814602278173e-05 -1.94587327837944e-05
18200 15640 -3978 4.13270109883664e-05 3.36514318287373e-05 1.41168098337948e-05 -1.93091824091971e-05
18200 15440 -3978 4.09196144469208e-05 3.31171180903912e-05 1.44346987400204e-05 -1.9205975189805e-05
18200 15240 -3978 4.03864278059298e-05 3.24398374035955e-05 1.45996834654361e-05 -1.90662075728178e-05
18200 15040 -3978 3.96863258710455e-05 3.15125866830349e-05 1.50262566767633e-05 -1.88359643816948e-05
18400 15040 -3978 4.08558470626927e-05 3.3005378253758e-05 1.499990414083e-05 -1.87422971315682e-05
18400 15240 -3978 4.12624395481805e-05 3.35681200027466e-05 1.46670359745622e-05 -1.89907422885299e-05
18400 15440 -3978 4.14687336512852e-05 3.40243646502495e-05 1.43291291128844e-05 -1.89704181179404e-05
18400 15640 -3978 4.20741014796444e-05 3.4623634301126e-05 1.40748908147216e-05 -1.92760911956429e-05
18400 15840 -3978 4.26554722610328e-05 3.53590058162808e-05 1.39675994440913e-05 -1.9391676902771e-05
18400 16040 -3978 4.29785494340471e-05 3.58758685812354e-05 1.38272846061736e-05 -1.9366645950824e-05
18400 16240 -3978 4.3562128227383e-05 3.65203404724598e-05 1.35117366742343e-05 -1.95283568054438e-05
18400 16440 -3978 4.40010671317058e-05 3.70242501944304e-05 1.35552903488278e-05 -1.95233163274825e-05
18400 16640 -3978 4.4460202197913e-05 3.7567585863173e-05 1.35303570311517e-05 -1.95719876997173e-05
18400 16840 -3978 4.4671203747995e-05 3.78268327340484e-05 1.32039894200861e-05 -1.97105474770069e-05
18400 17040 -3978 4.51551703809657e-05 3.8334268309176e-05 1.34626148380339e-05 -1.96768312864006e-05
18600 17040 -3978 4.57408365852982e-05 3.90356679260731e-05 1.3299383174628e-05 -1.97880562022328e-05
18600 16840 -3978 4.51812971609154e-05 3.85245926380157e-05 1.3228124955669e-05 -1.95041524842381e-05
18600 16640 -3978 4.49761464068845e-05 3.81836134716868e-05 1.32795829493552e-05 -1.97363394349813e-05
18600 16440 -3978 4.44290896865878e-05 3.76229936331511e-05 1.3332689518109e-05 -1.95470365397632e-05
18600 16240 -3978 4.41252167806897e-05 3.71829176470637e-05 1.36809459310025e-05 -1.94140740633011e-05
18600 16040 -3978 4.37578103082547e-05 3.67714465558529e-05 1.36432616002858e-05 -1.93130120113492e-05
18600 15840 -3978 4.32610901863604e-05 3.62517214715481e-05 1.3576665841043e-05 -1.93134346790612e-05
18600 15640 -3978 4.3154023112978e-05 3.58103974536061e-05 1.41691022664309e-05 -1.92865740358829e-05
18600 15440 -3978 4.24565741407208e-05 3.5201185375452e-05 1.41928288936615e-05 -1.90035157091916e-05
18600 15240 -3978 4.19782090452758e-05 3.45938773006201e-05 1.44002979360521e-05 -1.89226083643734e-05
18600 15040 -3978 4.14670934160641e-05 3.39369474574924e-05 1.47902782987803e-05 -1.86897068284452e-05
18800 15040 -3978 4.25348547113459e-05 3.51890669390559e-05 1.46121448539197e-05 -1.88917445801198e-05
18800 15240 -3978 4.26566483402255e-05 3.54529648795724e-05 1.44193152561784e-05 -1.87901617772877e-05
18800 15440 -3978 4.31879834461219e-05 3.61019399762154e-05 1.40910525824875e-05 -1.90190100222826e-05
18800 15640 -3978 4.35284154189645e-05 3.65366412624717e-05 1.39289337098598e-05 -1.91254176385701e-05
18800 15840 -3978 4.39762105030036e-05 3.71137466356158e-05 1.37499370966107e-05 -1.91615970805287e-05
18800 16040 -3978 4.43839940705277e-05 3.75240237116814e-05 1.36125347036868e-05 -1.93271805793047e-05
18800 16240 -3978 4.4728111511517e-05 3.78459916189313e-05 1.3532263668254e-05 -1.96039159558713e-05
18800 16440 -3978 4.51713823570525e-05 3.8457214422524e-05 1.35455292817205e-05 -1.94426098912954e-05
18800 16640 -3978 4.54879720606752e-05 3.87574824541807e-05 1.34184412173927e-05 -1.96286744512618e-05
18800 16840 -3978 4.55890290942703e-05 3.88759767264128e-05 1.37443741410971e-05 -1.93481125235558e-05
18800 17040 -3978 4.60205995071328e-05 3.93782337084413e-05 1.31943127587438e-05 -1.97846508808434e-05
19000 17040 -3978 4.66900061881496e-05 4.01547361165285e-05 1.33236582651734e-05 -1.98366201333702e-05
19000 16840 -3978 4.63658650804228e-05 3.98201666399837e-05 1.33009073045105e-05 -1.96309885568917e-05
19000 16640 -3978 4.6051800124782e-05 3.94227402731776e-05 1.32625190764666e-05 -1.97666747793555e-05
19000 16440 -3978 4.57330294304368e-05 3.92045886665583e-05 1.33359006047249e-05 -1.94489989690483e-05
19000 16240 -3978 4.53655170864877e-05 3.85645899549127e-05 1.34751096144319e-05 -1.95700490772724e-05
19000 16040 -3978 4.51166910530202e-05 3.83743112012744e-05 1.34720433652401e-05 -1.95047835037112e-05
19000 15840 -3978 4.46057020555577e-05 3.77706532478333e-05 1.38495516236872e-05 -1.92870755046606e-05
19000 15640 -3978 4.41796193401399e-05 3.74045360833406e-05 1.38512054271996e-05 -1.91112742759287e-05
19000 15440 -3978 4.39152100429881e-05 3.69993055462837e-05 1.39676629751921e-05 -1.91018666252494e-05
19000 15240 -3978 4.35009060218275e-05 3.65618260204792e-05 1.41425799317658e-05 -1.88560105971992e-05
19000 15040 -3978 4.31246440436665e-05 3.61255728080869e-05 1.44338088519871e-05 -1.87804648950696e-05
