# amount of points in x direction: 66 (distance of 200 steps)
# amount of points in y direction: 13 (distance of 200 steps)
# abs. coordinates of point 1: P1 (, , ) (offsets not corrected)
# Offsets of the hall probe have already been corrected for all following coordinates.
#
# X (absolute in steps=10um) Y (absolute in steps=10um) Z (absolute in steps=10um) Babs(in T) Bx By Bz
6000 7240 -2378 5.32585645970979e-05 5.13412618786097e-05 1.84591926494249e-06 1.40407305266708e-05
6000 7440 -2378 5.31585338684834e-05 5.11841771826148e-05 1.40086681885623e-06 1.43131494354457e-05
6000 7640 -2378 5.28097779362633e-05 5.08712073192e-05 9.64964520485409e-07 1.42454757187515e-05
6000 7840 -2378 5.26993234737452e-05 5.07039908319712e-05 3.94510000588525e-07 1.43136785235256e-05
6000 8040 -2378 5.24771563466694e-05 5.0457987755537e-05 6.98785328315807e-08 1.44476895555854e-05
6000 8240 -2378 5.22566423094664e-05 5.02316084206104e-05 -4.3056331873322e-07 1.43587397132069e-05
6000 8440 -2378 5.21326685127826e-05 5.0184730835259e-05 -6.10148188576204e-07 1.44751194547862e-05
6000 8640 -2378 5.18685507735853e-05 4.98874880224466e-05 -1.08859701477968e-06 1.41562726274133e-05
6000 8840 -2378 5.15755136856142e-05 4.95999192222953e-05 -1.39103248998435e-06 1.39341073967516e-05
6000 9040 -2378 5.14693764304397e-05 4.95836426317692e-05 -2.02295962382959e-06 1.37747567109764e-05
6000 9240 -2378 5.13493994788419e-05 4.95035823360086e-05 -2.24454294418774e-06 1.34223538059741e-05
6000 9440 -2378 5.07819775990185e-05 4.90015390515327e-05 -2.51097427148488e-06 1.31124542634934e-05
6000 9640 -2378 5.06181019824237e-05 4.89170088320971e-05 -3.11258294152867e-06 1.26162590887398e-05
6200 9640 -2378 4.9992822288083e-05 4.76017124503851e-05 -3.41516071929436e-06 1.48375245649368e-05
6200 9440 -2378 5.03600893883491e-05 4.78117740601301e-05 -3.10676014696946e-06 1.54547881148756e-05
6200 9240 -2378 5.04122060491237e-05 4.78492263332009e-05 -2.51829542860469e-06 1.55797296110541e-05
6200 9040 -2378 5.06028189447824e-05 4.79833857417107e-05 -2.36672400637508e-06 1.59180662930012e-05
6200 8840 -2378 5.0780733293947e-05 4.8059539988637e-05 -1.75453709392241e-06 1.63059832435101e-05
6200 8640 -2378 5.08223754097508e-05 4.80495766028762e-05 -1.40543037515545e-06 1.63023064117879e-05
6200 8440 -2378 5.10582023222183e-05 4.83051315322518e-05 -9.38466345259257e-07 1.64351538941264e-05
6200 8240 -2378 5.13887567427697e-05 4.85769535526633e-05 -3.28622554172398e-07 1.67672505639493e-05
6200 8040 -2378 5.16395278384173e-05 4.88135770186782e-05 3.04099474272334e-07 1.68862384855747e-05
6200 7840 -2378 5.18132719590383e-05 4.90033741816878e-05 3.17112296232153e-07 1.68002916872501e-05
6200 7640 -2378 5.20260727622185e-05 4.92010749578476e-05 1.0050318757178e-06 1.68806510828435e-05
6200 7440 -2378 5.23581735136719e-05 4.95777763202787e-05 1.41117469847086e-06 1.6520117489621e-05
6200 7240 -2378 5.25018601333537e-05 4.98236186131835e-05 2.11822932612267e-06 1.64067416023463e-05
6400 7240 -2378 5.18479410158706e-05 4.81414425671101e-05 2.09196037622314e-06 1.92256396971643e-05
6400 7440 -2378 5.14605927575328e-05 4.77129049301148e-05 1.53791129985984e-06 1.91907370090485e-05
6400 7640 -2378 5.12720536237843e-05 4.74332679733634e-05 1.03955179684817e-06 1.9437795765698e-05
6400 7840 -2378 5.13384365662122e-05 4.7539120465517e-05 3.67922559235012e-07 1.94577195122838e-05
6400 8040 -2378 5.08226196385914e-05 4.70139284059405e-05 -1.08718477376897e-08 1.94676260501146e-05
6400 8240 -2378 5.06226093680707e-05 4.68476773127913e-05 -3.42950087859208e-07 1.92356301881373e-05
6400 8440 -2378 5.03518864062101e-05 4.6568555213511e-05 -9.4266672656704e-07 1.91348273456097e-05
6400 8640 -2378 5.01811681044744e-05 4.64441618695855e-05 -1.65571741328768e-06 1.8930083476007e-05
6400 8840 -2378 4.99126426107008e-05 4.6270700737834e-05 -1.93258011954458e-06 1.86274331510067e-05
6400 9040 -2378 4.97574522118455e-05 4.61468254700303e-05 -2.41919495537877e-06 1.85927070789039e-05
6400 9240 -2378 4.96073659936797e-05 4.60769141241908e-05 -3.16150983399348e-06 1.82549813464284e-05
6400 9440 -2378 4.93605598494074e-05 4.59544117227197e-05 -3.36061097952916e-06 1.76773901134729e-05
6400 9640 -2378 4.92427392190525e-05 4.59613571092486e-05 -4.1154303776857e-06 1.72645145207644e-05
6600 9640 -2378 4.86889651852771e-05 4.42132133096457e-05 -4.55662411052617e-06 1.9866446044296e-05
6600 9440 -2378 4.86568948592432e-05 4.40350658372045e-05 -4.09376306168269e-06 2.0182610988617e-05
6600 9240 -2378 4.8943197017914e-05 4.4266951084137e-05 -3.56999702293251e-06 2.05533380173147e-05
6600 9040 -2378 4.90838364605748e-05 4.43532903790474e-05 -2.79210717621754e-06 2.08128136098385e-05
6600 8840 -2378 4.92083939861607e-05 4.44150524139404e-05 -2.29861475073994e-06 2.10590960867703e-05
6600 8640 -2378 4.95285860094866e-05 4.46820444986224e-05 -1.90377580083077e-06 2.12746990695596e-05
6600 8440 -2378 4.96643371621351e-05 4.47252567633986e-05 -1.32165982705919e-06 2.1535100787878e-05
6600 8240 -2378 4.98006820893256e-05 4.47890416756272e-05 -7.30061278048197e-07 2.17313652001321e-05
6600 8040 -2378 5.02884428859784e-05 4.52294420301914e-05 -2.52903384371166e-07 2.17988986186683e-05
6600 7840 -2378 5.0437035673647e-05 4.53984629139304e-05 3.80483843520778e-07 2.19877647869289e-05
6600 7640 -2378 5.07164836903952e-05 4.57415090873838e-05 8.86384525887479e-07 2.1888133469969e-05
6600 7440 -2378 5.08946409397593e-05 4.59091285690665e-05 1.49484389104418e-06 2.20034225210547e-05
6600 7240 -2378 5.13974176766059e-05 4.64280263409019e-05 2.15733160885793e-06 2.18839491717517e-05
6800 7240 -2378 5.08423794854508e-05 4.43794467672706e-05 2.36507419928876e-06 2.47916780635714e-05
6800 7440 -2378 5.04512182804966e-05 4.38947285190225e-05 1.60300133646388e-06 2.47721143178642e-05
6800 7640 -2378 5.0293061847716e-05 4.36508748531342e-05 9.0317523788508e-07 2.48251971080899e-05
6800 7840 -2378 4.97477266280752e-05 4.32281658053398e-05 2.97547538688832e-07 2.46185590811074e-05
6800 8040 -2378 4.96201443697219e-05 4.32519184723497e-05 -2.81074232198989e-07 2.44435240663588e-05
6800 8240 -2378 4.93991442752106e-05 4.3029781229794e-05 -9.21077527532361e-07 2.42534527592361e-05
6800 8440 -2378 4.90547434463134e-05 4.26898406669497e-05 -1.2790736758634e-06 2.42349000647664e-05
6800 8640 -2378 4.87956408238533e-05 4.24312602430582e-05 -2.11521160495613e-06 2.39591385945678e-05
6800 8840 -2378 4.87739907325279e-05 4.25551395639777e-05 -2.31114624758266e-06 2.37196305133402e-05
6800 9040 -2378 4.86847584055866e-05 4.25360997766256e-05 -3.02812224808713e-06 2.34619177654386e-05
6800 9240 -2378 4.83197681362864e-05 4.23871380388737e-05 -3.74074033240322e-06 2.29424867518246e-05
6800 9440 -2378 4.82591527461398e-05 4.23025311157107e-05 -4.33065720932791e-06 2.29311838336289e-05
6800 9640 -2378 4.79243295235651e-05 4.21860369667411e-05 -4.91076405261992e-06 2.22027935571969e-05
7000 9640 -2378 4.7791217816062e-05 4.03066627383232e-05 -5.41835229354911e-06 2.51127099655569e-05
7000 9440 -2378 4.78298629964242e-05 4.02946880161762e-05 -4.84549444378354e-06 2.53748563453555e-05
7000 9240 -2378 4.80167818360703e-05 4.02993346676231e-05 -3.97247992845951e-06 2.57590077668428e-05
7000 9040 -2378 4.80656697433901e-05 4.03299859464169e-05 -3.28563379398838e-06 2.60212748274207e-05
7000 8840 -2378 4.83212691248907e-05 4.03666940927505e-05 -2.85310144950927e-06 2.64309562370181e-05
7000 8640 -2378 4.82521095869621e-05 4.03162036240101e-05 -2.36474067233576e-06 2.64060183763504e-05
7000 8440 -2378 4.86565550066321e-05 4.06583198159933e-05 -1.7091536123171e-06 2.67116447463632e-05
7000 8240 -2378 4.88785406106766e-05 4.07613107338548e-05 -1.17097201376146e-06 2.68945527561009e-05
7000 8040 -2378 4.90956070875093e-05 4.08691579326987e-05 -2.41626062498426e-07 2.71911729872227e-05
7000 7840 -2378 4.96459740817158e-05 4.13612432554364e-05 8.43013159874318e-08 2.73719809688628e-05
7000 7640 -2378 4.98389423152694e-05 4.15527655333281e-05 9.60606002072382e-07 2.76316171549261e-05
7000 7440 -2378 5.03326984516488e-05 4.20015666037798e-05 1.57918640035496e-06 2.77115955092013e-05
7000 7240 -2378 5.0716822154569e-05 4.23994091078639e-05 2.36259570428138e-06 2.77983871810138e-05
7200 7240 -2378 5.03230816235803e-05 3.96738459840417e-05 2.47329344745958e-06 3.08886726722121e-05
7200 7440 -2378 4.99930958936932e-05 3.93776980936527e-05 1.42560172819867e-06 3.07680709436536e-05
7200 7640 -2378 4.94827530857679e-05 3.90869076177478e-05 5.9128188710929e-07 3.03692919239402e-05
7200 7840 -2378 4.92815730229742e-05 3.89326559454203e-05 4.36763633533701e-08 3.02496821135282e-05
7200 8040 -2378 4.8672078494202e-05 3.84454568773508e-05 -6.53338032565216e-07 2.99497877433896e-05
7200 8240 -2378 4.85404535139649e-05 3.84044059365988e-05 -1.19607102532427e-06 2.9631931103766e-05
7200 8440 -2378 4.80790223639019e-05 3.81132143735886e-05 -2.05022236784498e-06 2.92364818304777e-05
7200 8640 -2378 4.78450824383685e-05 3.79512540176511e-05 -2.4803958738139e-06 2.90293277278543e-05
7200 8840 -2378 4.77182919566701e-05 3.79178183227777e-05 -3.11195722668344e-06 2.88026068806648e-05
7200 9040 -2378 4.77462855659835e-05 3.79098954796791e-05 -3.79420306225074e-06 2.87008900046349e-05
7200 9240 -2378 4.77050475884402e-05 3.80343619585037e-05 -4.52311122656101e-06 2.84123982451856e-05
7200 9440 -2378 4.76847576864871e-05 3.80771186351776e-05 -5.2517952376511e-06 2.82570843398571e-05
7200 9640 -2378 4.76950774736225e-05 3.82596522718668e-05 -5.7915627034381e-06 2.78832785859704e-05
7400 9640 -2378 4.74661033886911e-05 3.55389416739345e-05 -6.29058077698573e-06 3.08698961213231e-05
7400 9440 -2378 4.74500527951559e-05 3.55428606495261e-05 -5.35324534284882e-06 3.09658451154828e-05
7400 9240 -2378 4.72087817940424e-05 3.53705946654081e-05 -4.78600190533325e-06 3.10306948944926e-05
7400 9040 -2378 4.74030586690833e-05 3.54536976218224e-05 -4.05869175182306e-06 3.12717235609889e-05
7400 8840 -2378 4.72431272490576e-05 3.51518850550056e-05 -3.43632504879497e-06 3.13746954575181e-05
7400 8640 -2378 4.76710293675412e-05 3.54463338404894e-05 -2.75292328924843e-06 3.17569814622402e-05
7400 8440 -2378 4.76378415141977e-05 3.5348449036479e-05 -2.23125898728904e-06 3.17973130866885e-05
7400 8240 -2378 4.8100319879786e-05 3.56056821420789e-05 -1.7029472387876e-06 3.21558551564813e-05
7400 8040 -2378 4.84215995646734e-05 3.56809687465429e-05 -9.006795112291e-07 3.26176820769906e-05
7400 7840 -2378 4.9122136368422e-05 3.62137164622545e-05 -2.18470566504038e-07 3.31422063112259e-05
7400 7640 -2378 4.9637341495039e-05 3.66206280812621e-05 2.71109804105436e-07 3.33305689021945e-05
7400 7440 -2378 5.01001974812449e-05 3.69237871095538e-05 1.21653812126442e-06 3.38405639454722e-05
7400 7240 -2378 5.07294761914003e-05 3.74440359920263e-05 2.13650697060439e-06 3.41593217328191e-05
7600 7240 -2378 5.10820818415116e-05 3.45201107040048e-05 1.97175486566266e-06 3.76091610640287e-05
7600 7440 -2378 5.02838788176411e-05 3.40555328801274e-05 7.87240402073621e-07 3.70043880417943e-05
7600 7640 -2378 4.95165710879794e-05 3.35513516813517e-05 4.90573809497619e-09 3.6422513820231e-05
7600 7840 -2378 4.8864963315847e-05 3.32360947057605e-05 -6.15230610739673e-07 3.57658090889454e-05
7600 8040 -2378 4.82840573592716e-05 3.28809075206518e-05 -1.39601741958904e-06 3.54259035810828e-05
7600 8240 -2378 4.77227245338501e-05 3.24447897598147e-05 -1.90352722606167e-06 3.49452520161867e-05
7600 8440 -2378 4.72913636698828e-05 3.23525171577931e-05 -2.47399721153488e-06 3.4595927760005e-05
7600 8640 -2378 4.72922966243214e-05 3.23319080471993e-05 -2.93489770202723e-06 3.43261917904019e-05
7600 8840 -2378 4.70398283406214e-05 3.22047882005572e-05 -3.5370816893992e-06 3.41924153491855e-05
7600 9040 -2378 4.70821850594369e-05 3.24559255838394e-05 -4.12438438714889e-06 3.38575619012117e-05
7600 9240 -2378 4.71799122356061e-05 3.2406308837235e-05 -4.7955437162891e-06 3.39001475945115e-05
7600 9440 -2378 4.74208459123553e-05 3.2655414365232e-05 -5.52151760971174e-06 3.38679101914167e-05
7600 9640 -2378 4.77803147585624e-05 3.30849401950836e-05 -6.44454487133771e-06 3.38905371502042e-05
7800 9640 -2378 4.80845693691365e-05 3.01310667619109e-05 -6.55900973873213e-06 3.69482969045639e-05
7800 9440 -2378 4.7446646656858e-05 2.95286332294345e-05 -5.83863337012008e-06 3.66083876043558e-05
7800 9240 -2378 4.72746912182639e-05 2.9501641061157e-05 -4.86093592690304e-06 3.661858689785e-05
7800 9040 -2378 4.6755585305462e-05 2.90443164110184e-05 -4.1200688178069e-06 3.64035465046764e-05
7800 8840 -2378 4.68224699939634e-05 2.90777546837926e-05 -3.75660977261578e-06 3.66445152163505e-05
7800 8640 -2378 4.6855196552178e-05 2.88350090533495e-05 -3.38934987051471e-06 3.66704296991229e-05
7800 8440 -2378 4.70377398004579e-05 2.91415796168149e-05 -2.95689206611132e-06 3.6896139241755e-05
7800 8240 -2378 4.75087968229557e-05 2.91891762241721e-05 -2.35249281906726e-06 3.73539230003953e-05
7800 8040 -2378 4.80539312020529e-05 2.95113735496998e-05 -1.88069933691077e-06 3.79051906019449e-05
7800 7840 -2378 4.8558267277453e-05 2.97460518628359e-05 -1.22431691040038e-06 3.83611622303724e-05
7800 7640 -2378 4.97410227989518e-05 3.02668998539448e-05 -4.93481812081882e-07 3.93077451363206e-05
7800 7440 -2378 5.07041243113053e-05 3.07904990687966e-05 3.4274451910801e-07 4.00746040642261e-05
7800 7240 -2378 5.18652845055834e-05 3.14302053973079e-05 1.35446520569349e-06 4.10754364132881e-05
8000 7240 -2378 5.27998771220389e-05 2.80848025307059e-05 5.84553939787838e-07 4.46462104693055e-05
8000 7440 -2378 5.13218141734031e-05 2.73525277562439e-05 -6.63593294456405e-07 4.34203578904271e-05
8000 7640 -2378 4.98604225183422e-05 2.64681718721986e-05 -1.32132055316288e-06 4.22960142120719e-05
8000 7840 -2378 4.89639940068397e-05 2.61758356355131e-05 -1.95602366123694e-06 4.13121249973774e-05
8000 8040 -2378 4.78258416924491e-05 2.55969238467514e-05 -2.42115050286884e-06 4.03320191279054e-05
8000 8240 -2378 4.72948666594328e-05 2.53538664765656e-05 -2.9217380357004e-06 3.96043089330196e-05
8000 8440 -2378 4.67159814159727e-05 2.51273107863963e-05 -3.34322626404173e-06 3.92500819191337e-05
8000 8640 -2378 4.63308699641095e-05 2.49781935848296e-05 -3.52438062298461e-06 3.89788143709302e-05
8000 8840 -2378 4.65622016103047e-05 2.53020151890814e-05 -3.87376936280634e-06 3.88193011209369e-05
8000 9040 -2378 4.64556991016986e-05 2.53443790227175e-05 -4.21612296593958e-06 3.87133876979351e-05
8000 9240 -2378 4.69458798805291e-05 2.56765547804534e-05 -4.75359456206206e-06 3.91681099385023e-05
8000 9440 -2378 4.77664415830539e-05 2.60674676299095e-05 -5.4354938446777e-06 3.94896615296602e-05
8000 9640 -2378 4.85005464404499e-05 2.66028382517397e-05 -6.22784992819652e-06 4.00725078731775e-05
8200 9640 -2378 4.91424643037242e-05 2.28140446580946e-05 -5.8416455280967e-06 4.31815396100283e-05
8200 9440 -2378 4.78125825573166e-05 2.2039178211242e-05 -4.93579603719991e-06 4.21004223972559e-05
8200 9240 -2378 4.6940986883155e-05 2.15322749391198e-05 -4.28878144943155e-06 4.13677536845207e-05
8200 9040 -2378 4.60912066175952e-05 2.13203296773136e-05 -4.05609363675467e-06 4.06619494780898e-05
8200 8840 -2378 4.57035393102282e-05 2.08591123074293e-05 -3.80582309083547e-06 4.05199220627546e-05
8200 8640 -2378 4.57575524657619e-05 2.08884446546435e-05 -3.69034431735054e-06 4.05439002364874e-05
8200 8440 -2378 4.58641296190408e-05 2.0797230694443e-05 -3.77522266381129e-06 4.059813079983e-05
8200 8240 -2378 4.62625675329071e-05 2.08081252425909e-05 -3.58791034517344e-06 4.12357212007046e-05
8200 8040 -2378 4.73111200900221e-05 2.12441203184426e-05 -3.43203846528559e-06 4.21765507385135e-05
8200 7840 -2378 4.86029302393253e-05 2.16218281760812e-05 -3.15648822586445e-06 4.34529183655977e-05
8200 7640 -2378 5.02017538322729e-05 2.22399336695671e-05 -2.58340133944148e-06 4.48871395513415e-05
8200 7440 -2378 5.18687092675693e-05 2.29301297590137e-05 -1.78916736598694e-06 4.64905477538705e-05
8200 7240 -2378 5.38336429759483e-05 2.37470651604235e-05 -9.42112002196154e-07 4.8309698484838e-05
8400 7240 -2378 5.50113969893817e-05 1.89370516873896e-05 -2.59233662252882e-06 5.15409722402692e-05
8400 7440 -2378 5.23798852630199e-05 1.78023832887411e-05 -3.61871994518151e-06 4.92085852473974e-05
8400 7640 -2378 5.01645012812831e-05 1.72320602834225e-05 -3.94923019863199e-06 4.69461059942841e-05
8400 7840 -2378 4.80953764188202e-05 1.64761834256351e-05 -4.43269731104374e-06 4.50136516466737e-05
8400 8040 -2378 4.64700950850752e-05 1.59476924464107e-05 -4.47333895170595e-06 4.35496926903725e-05
8400 8240 -2378 4.53956828468311e-05 1.58377510365099e-05 -4.13153442408657e-06 4.21893677264452e-05
8400 8440 -2378 4.47761339425315e-05 1.5607092699036e-05 -4.09303432135493e-06 4.17196972891688e-05
8400 8640 -2378 4.45539674635888e-05 1.57406868338585e-05 -3.75777910841862e-06 4.15110333636403e-05
8400 8840 -2378 4.4632978697202e-05 1.58543002288789e-05 -3.52890756781562e-06 4.15568634495139e-05
8400 9040 -2378 4.53035325338608e-05 1.61550853401423e-05 -3.35114414591226e-06 4.21188288852573e-05
8400 9240 -2378 4.62558882967729e-05 1.67042735349387e-05 -3.60498123029174e-06 4.30953169316053e-05
8400 9440 -2378 4.76557537236522e-05 1.70787181518972e-05 -3.92584009448183e-06 4.43509047999978e-05
8400 9640 -2378 4.9655556782301e-05 1.799841350317e-05 -4.72704410622828e-06 4.60367949008942e-05
8600 9640 -2378 4.96459341807145e-05 1.24313575141132e-05 -2.97537561599165e-06 4.81045732349157e-05
8600 9440 -2378 4.71358473191112e-05 1.17015107907355e-05 -2.55223290601134e-06 4.55346746966243e-05
8600 9240 -2378 4.53825936434642e-05 1.11073994692415e-05 -2.49201089094277e-06 4.39394429624081e-05
8600 9040 -2378 4.389597876716e-05 1.0691730552353e-05 -2.42664891858658e-06 4.24886547252536e-05
8600 8840 -2378 4.30601010836596e-05 1.02367760874331e-05 -3.18984402358183e-06 4.16662523299456e-05
8600 8640 -2378 4.26780837533632e-05 1.01691795438528e-05 -3.78227117241477e-06 4.1275913618505e-05
8600 8440 -2378 4.32401653257633e-05 1.00759160304442e-05 -4.56043707060644e-06 4.15546945109963e-05
8600 8240 -2378 4.35704254402536e-05 1.00600255215541e-05 -5.06294745067134e-06 4.23194342702627e-05
8600 8040 -2378 4.52610522294387e-05 1.00903386641294e-05 -5.49746514216531e-06 4.37251109555364e-05
8600 7840 -2378 4.68624961978034e-05 1.04604825675488e-05 -5.97325839940459e-06 4.52892493605614e-05
8600 7640 -2378 4.94543782778848e-05 1.11517164716497e-05 -5.96286449441686e-06 4.7774664208293e-05
8600 7440 -2378 5.22135609212996e-05 1.17052811989561e-05 -6.10357886459678e-06 5.06938852593303e-05
8600 7240 -2378 5.61830736171317e-05 1.2772773783654e-05 -5.62117968127131e-06 5.44223883152008e-05
8800 7240 -2378 5.63557798146044e-05 5.48556703212671e-06 -9.42151219863445e-06 5.52774990350008e-05
8800 7440 -2378 5.18235936991959e-05 4.68787112866994e-06 -9.37721772212535e-06 5.08739535659552e-05
8800 7640 -2378 4.82020513650901e-05 4.30114061178756e-06 -8.60956115834415e-06 4.73398349955678e-05
8800 7840 -2378 4.53936462083895e-05 3.72453523910371e-06 -7.99032809399068e-06 4.44602653756738e-05
8800 8040 -2378 4.29680771190296e-05 3.68470475118374e-06 -6.90360953379422e-06 4.22494825720787e-05
8800 8240 -2378 4.16784647823576e-05 3.36982247317792e-06 -6.05627561965957e-06 4.10362302958965e-05
8800 8440 -2378 4.06538733657308e-05 3.49323717278458e-06 -4.93059389165137e-06 4.00516508296132e-05
8800 8640 -2378 4.03266926879177e-05 3.68302814790513e-06 -3.79978683773811e-06 3.99193181544542e-05
8800 8840 -2378 4.05042428398061e-05 3.941487537988e-06 -2.51008338856536e-06 4.02136772871017e-05
8800 9040 -2378 4.14947042363682e-05 4.14854900442879e-06 -1.42621968843923e-06 4.12621608525515e-05
8800 9240 -2378 4.3418600056549e-05 4.50676824012771e-06 -7.95983358886587e-07 4.30913133323193e-05
8800 9440 -2378 4.5732704162348e-05 4.9784579242114e-06 -2.48590922307812e-07 4.55381704345346e-05
8800 9640 -2378 4.89784236771491e-05 5.82862108526751e-06 -1.32564285694343e-07 4.8780511982739e-05
9000 9640 -2378 4.7175588566355e-05 -1.93582812801287e-06 3.63142144720405e-06 4.69852389469743e-05
9000 9440 -2378 4.36016895429982e-05 -2.05636151616909e-06 2.72591664889478e-06 4.34677821695805e-05
9000 9240 -2378 4.0756526628035e-05 -2.23800281792501e-06 1.58750688598775e-06 4.07189792990685e-05
9000 9040 -2378 3.87087842734973e-05 -2.36082371719022e-06 2.34285965136223e-07 3.87980982214212e-05
9000 8840 -2378 3.7620311532122e-05 -2.59810079493946e-06 -1.35691963734189e-06 3.73837527707219e-05
9000 8640 -2378 3.70858774415326e-05 -2.89728951011784e-06 -3.70930979042896e-06 3.69458679109812e-05
9000 8440 -2378 3.75389360010208e-05 -3.10742544791719e-06 -5.31774190964643e-06 3.7050887092948e-05
9000 8240 -2378 3.84752251659069e-05 -3.2738700479822e-06 -6.91549644991755e-06 3.7635809071362e-05
9000 8040 -2378 4.00702255999239e-05 -3.27245820387907e-06 -8.56161127611995e-06 3.90994303971529e-05
9000 7840 -2378 4.25956014582303e-05 -3.38900986342924e-06 -1.0152680022642e-05 4.13802398741245e-05
9000 7640 -2378 4.57069331659484e-05 -3.27131970577466e-06 -1.18323484752327e-05 4.40085925608873e-05
9000 7440 -2378 4.98032464396056e-05 -3.11049016365723e-06 -1.33493438921869e-05 4.79479437172413e-05
9000 7240 -2378 5.5003378197104e-05 -3.18193289561168e-06 -1.47068746481091e-05 5.29321855530143e-05
9200 7240 -2378 5.17322775149969e-05 -1.22111520264298e-05 -2.03206407092512e-05 4.5980298653245e-05
9200 7440 -2378 4.69600690446549e-05 -1.1263618234545e-05 -1.75921523720026e-05 4.19968236684799e-05
9200 7640 -2378 4.27540806407916e-05 -1.10631699636579e-05 -1.50550856348127e-05 3.84937889277935e-05
9200 7840 -2378 3.97631406170364e-05 -1.08210561331362e-05 -1.26173704769462e-05 3.59732699841261e-05
9200 8040 -2378 3.71489137919256e-05 -1.06742615383118e-05 -1.0584131157957e-05 3.3985464297235e-05
9200 8240 -2378 3.52746759551008e-05 -1.04362205555663e-05 -8.17222838010639e-06 3.25745707377791e-05
9200 8440 -2378 3.41543294819967e-05 -1.03409954411909e-05 -5.75877506961115e-06 3.21025454178452e-05
9200 8640 -2378 3.36352745684349e-05 -9.87472816556692e-06 -3.32226205574261e-06 3.19104050919414e-05
9200 8840 -2378 3.39582015454964e-05 -9.60514721274376e-06 -7.71842399692105e-07 3.24300978928804e-05
9200 9040 -2378 3.53465083622922e-05 -9.39303959719837e-06 1.85575164682541e-06 3.39806055352092e-05
9200 9240 -2378 3.74118691188524e-05 -9.22628905810416e-06 4.08702054270543e-06 3.60007936283946e-05
9200 9440 -2378 4.02649050497547e-05 -9.57265366241336e-06 6.023641965352e-06 3.85363170132041e-05
9200 9640 -2378 4.39774852016182e-05 -9.74452043976635e-06 7.99424111563713e-06 4.21543029099703e-05
9400 9640 -2378 4.13976127250032e-05 -1.66320189870894e-05 1.18659032136202e-05 3.60840960964561e-05
9400 9440 -2378 3.81138992517192e-05 -1.66403405833989e-05 9.56301812082529e-06 3.28068104758859e-05
9400 9240 -2378 3.50348723306212e-05 -1.63711608834565e-05 6.85164359025657e-06 3.03954722359776e-05
9400 9040 -2378 3.2455595288389e-05 -1.60398699548095e-05 3.95363472816916e-06 2.79366606771946e-05
9400 8840 -2378 3.09204047114503e-05 -1.60409400351346e-05 7.87694324884569e-07 2.6497829888016e-05
9400 8640 -2378 3.07926465524272e-05 -1.65556622110307e-05 -2.51457722733903e-06 2.57456923276186e-05
9400 8440 -2378 3.11551061018846e-05 -1.69820227455348e-05 -5.7349947320763e-06 2.54808686375618e-05
9400 8240 -2378 3.22204345508678e-05 -1.723644204624e-05 -8.74487682431936e-06 2.60663468837738e-05
9400 8040 -2378 3.44739596263354e-05 -1.7573918255046e-05 -1.17199712563306e-05 2.72609365545213e-05
9400 7840 -2378 3.69452939950647e-05 -1.78409815728664e-05 -1.46767523121089e-05 2.8831355612725e-05
9400 7640 -2378 4.01594846649637e-05 -1.79334986098111e-05 -1.76487699486315e-05 3.15513370037079e-05
9400 7440 -2378 4.42887935355273e-05 -1.8329485565424e-05 -2.12490544207394e-05 3.43453756943345e-05
9400 7240 -2378 4.8826672774786e-05 -1.91580001860857e-05 -2.48037375025451e-05 3.74761478677392e-05
9600 7240 -2378 4.82559631448491e-05 -2.47221888750792e-05 -2.8014272749424e-05 3.0638781376183e-05
9600 7440 -2378 4.38890212315486e-05 -2.44849406443536e-05 -2.43237100020051e-05 2.69903931804001e-05
9600 7640 -2378 3.97225315806928e-05 -2.43397799432278e-05 -2.07065770067275e-05 2.37822098620236e-05
9600 7840 -2378 3.63668913503076e-05 -2.43304308801889e-05 -1.68501402437687e-05 2.12092389687896e-05
9600 8040 -2378 3.36689274709939e-05 -2.42297519929707e-05 -1.32759449724108e-05 1.93244636841118e-05
9600 8240 -2378 3.16011894380889e-05 -2.40423681996763e-05 -9.77825170941651e-06 1.80062994286418e-05
9600 8440 -2378 3.0148621460517e-05 -2.38170174024999e-05 -5.93779343413189e-06 1.75051897205412e-05
9600 8640 -2378 2.93667052423761e-05 -2.33016000464559e-05 -2.27331126267563e-06 1.75982465557754e-05
9600 8840 -2378 2.97500336345111e-05 -2.30456548631191e-05 1.75441200020214e-06 1.88535916619003e-05
9600 9040 -2378 3.12254301138055e-05 -2.28223016113043e-05 5.74383837566711e-06 2.05226303301752e-05
9600 9240 -2378 3.39006685142581e-05 -2.32122810445726e-05 9.32327780500054e-06 2.29249815195799e-05
9600 9440 -2378 3.67312013936261e-05 -2.31180443093181e-05 1.25399555582553e-05 2.57823133207858e-05
9600 9640 -2378 4.0628382732508e-05 -2.30251122787595e-05 1.52382700834423e-05 2.98144779279828e-05
9800 9640 -2378 4.27875333815217e-05 -3.02218663468957e-05 1.95116901062429e-05 2.31669108122587e-05
9800 9440 -2378 3.88945360948896e-05 -3.03346018195152e-05 1.62532632872462e-05 1.80598673373461e-05
9800 9240 -2378 3.5805480536685e-05 -3.02523508965969e-05 1.24854698870331e-05 1.44974614623934e-05
9800 9040 -2378 3.32382935991574e-05 -2.99813108593225e-05 8.30446523614228e-06 1.17778269574046e-05
9800 8840 -2378 3.16175134756106e-05 -2.98182951658964e-05 3.74060291261412e-06 9.60186007060111e-06
9800 8640 -2378 3.14371423758538e-05 -3.03004382029176e-05 -1.29349731336333e-06 8.20003114454448e-06
9800 8440 -2378 3.2045098244206e-05 -3.05486170649529e-05 -5.75084976386279e-06 7.80870982632041e-06
9800 8240 -2378 3.34257375839259e-05 -3.073180732131e-05 -1.02724484307691e-05 8.14318035077304e-06
9800 8040 -2378 3.54845364573911e-05 -3.09548838809133e-05 -1.45105720665306e-05 9.49281354341656e-06
9800 7840 -2378 3.82388548001643e-05 -3.13319497555494e-05 -1.88255139514804e-05 1.14113735947758e-05
9800 7640 -2378 4.15684274956015e-05 -3.11669195145369e-05 -2.33510056957603e-05 1.45357430297881e-05
9800 7440 -2378 4.58249834737275e-05 -3.1191485747695e-05 -2.7773358117789e-05 1.86599401347339e-05
9800 7240 -2378 5.04462496765114e-05 -3.08212848678231e-05 -3.20119293108583e-05 2.40177881196141e-05
10000 7240 -2378 5.62234957471497e-05 -3.92822113707662e-05 -3.76565103530884e-05 1.42512504886836e-05
10000 7440 -2378 5.15640065367978e-05 -3.92152587249875e-05 -3.26423903331161e-05 7.51447045244277e-06
10000 7640 -2378 4.75262073181421e-05 -3.90482000038028e-05 -2.69675681442022e-05 2.72660395801358e-06
10000 7840 -2378 4.4300480893694e-05 -3.86863949522376e-05 -2.1568364713341e-05 -8.37315116510581e-07
10000 8040 -2378 4.15949639335513e-05 -3.81921573951841e-05 -1.62602795567364e-05 -2.89986888153362e-06
10000 8240 -2378 3.96733904482731e-05 -3.78739712387323e-05 -1.08944062050432e-05 -4.12004671338946e-06
10000 8440 -2378 3.82307308913422e-05 -3.75277681276202e-05 -5.8638695157133e-06 -4.16784503497183e-06
10000 8640 -2378 3.75118778881885e-05 -3.72948625609279e-05 -7.25607319513074e-07 -3.96329449798213e-06
10000 8840 -2378 3.77993481375584e-05 -3.73751571923495e-05 4.82855075399857e-06 -2.63551947028464e-06
10000 9040 -2378 3.89194719066978e-05 -3.75082874149084e-05 1.05032841209322e-05 -4.26589352677866e-07
10000 9240 -2378 4.10866207771775e-05 -3.77785781547427e-05 1.59464575871825e-05 2.63060770688753e-06
10000 9440 -2378 4.43521530949686e-05 -3.85560169443488e-05 2.0843158595264e-05 6.86010585399345e-06
10000 9640 -2378 4.84334002267782e-05 -3.90610464736819e-05 2.55005703344941e-05 1.30288072563708e-05
10200 9640 -2378 5.9518632045478e-05 -4.89851156249642e-05 3.37798175364733e-05 -2.63909571785916e-06
10200 9440 -2378 5.52389909309983e-05 -4.73977326229215e-05 2.69986907951534e-05 -8.71808355953544e-06
10200 9240 -2378 5.20319472887634e-05 -4.60498105883599e-05 2.04345450475812e-05 -1.30990951713175e-05
10200 9040 -2378 4.95552714772908e-05 -4.48636050447822e-05 1.36830715797842e-05 -1.59675659053028e-05
10200 8840 -2378 4.82322570710031e-05 -4.42248115986586e-05 7.43459843285382e-06 -1.79422667175531e-05
10200 8640 -2378 4.77719636112901e-05 -4.38348607495427e-05 8.84562811334035e-07 -1.90401531122625e-05
10200 8440 -2378 4.81833814287324e-05 -4.37312135919929e-05 -5.06146969646216e-06 -1.95857276655734e-05
10200 8240 -2378 4.97484087308429e-05 -4.44223669692874e-05 -1.11414707563818e-05 -1.96436064876616e-05
10200 8040 -2378 5.15668635750581e-05 -4.49038191437721e-05 -1.70941946879029e-05 -1.87216914147139e-05
10200 7840 -2378 5.44593289404364e-05 -4.59871751740575e-05 -2.37558998763561e-05 -1.71332305148244e-05
10200 7640 -2378 5.75772297978149e-05 -4.69227982312441e-05 -3.02565626502037e-05 -1.42715192176402e-05
10200 7440 -2378 6.25324531385067e-05 -4.87188817039132e-05 -3.79913832917809e-05 -9.65206086821854e-06
10200 7240 -2378 6.79840524340996e-05 -5.03814830332995e-05 -4.55968218073249e-05 -2.28962411585417e-06
10400 7240 -2378 8.74529686647609e-05 -6.21730037629604e-05 -5.40385119691491e-05 -2.9266678519547e-05
10400 7440 -2378 8.01378610091841e-05 -5.78016450703144e-05 -4.37385795265436e-05 -3.42869583815336e-05
10400 7640 -2378 7.41927991204114e-05 -5.45175443291664e-05 -3.4411690428853e-05 -3.67825288400054e-05
10400 7840 -2378 6.98494750385945e-05 -5.2366719186306e-05 -2.62082941122353e-05 -3.79825023338199e-05
10400 8040 -2378 6.62818844487792e-05 -5.07050028219819e-05 -1.86471082344651e-05 -3.84002115800977e-05
10400 8240 -2378 6.37073065631713e-05 -4.93791053816676e-05 -1.18837705291808e-05 -3.85520176142454e-05
10400 8440 -2378 6.23260338771527e-05 -4.88193981349468e-05 -5.13000863872003e-06 -3.83825012221932e-05
10400 8640 -2378 6.18963993778011e-05 -4.88530608862639e-05 1.51246024202919e-06 -3.78556194081903e-05
10400 8840 -2378 6.24578857384235e-05 -4.94378484040499e-05 8.41866200789809e-06 -3.72566258609295e-05
10400 9040 -2378 6.4103993746946e-05 -5.07168940603733e-05 1.58184093181044e-05 -3.58733410462737e-05
10400 9240 -2378 6.71266449014361e-05 -5.2526658475399e-05 2.36762490607798e-05 -3.47248669415712e-05
10400 9440 -2378 7.17442510705504e-05 -5.54830462932587e-05 3.24988509863615e-05 -3.19737114235759e-05
10400 9640 -2378 7.7696845606192e-05 -5.88809497207403e-05 4.25763536766172e-05 -2.76130652464926e-05
10600 9640 -2378 0.000102381707969700 -6.53526414036751e-05 4.96917992085218e-05 -6.11799184530974e-05
10600 9440 -2378 9.23209144210649e-05 -5.98111576586962e-05 3.6848974943161e-05 -5.989932975173e-05
10600 9240 -2378 8.54142839441069e-05 -5.6005666077137e-05 2.66669814735651e-05 -5.88194490075111e-05
10600 9040 -2378 8.08127891597732e-05 -5.33856120184064e-05 1.79078337922692e-05 -5.81219321936369e-05
10600 8840 -2378 7.84049524099688e-05 -5.18985087499023e-05 1.02400733679533e-05 -5.79204626083374e-05
10600 8640 -2378 7.72813770933712e-05 -5.09688306823373e-05 2.82606141544784e-06 -5.81840073466301e-05
10600 8440 -2378 7.74337937022297e-05 -5.07378261461854e-05 -3.84804406116018e-06 -5.83682958632708e-05
10600 8240 -2378 7.89010162813311e-05 -5.13007822930813e-05 -1.11753188967705e-05 -5.8953599974513e-05
10600 8040 -2378 8.19333180982557e-05 -5.27101989910007e-05 -1.82459995299578e-05 -5.98333374708891e-05
10600 7840 -2378 8.6439611075024e-05 -5.48036904633045e-05 -2.64029268287122e-05 -6.13318473249674e-05
10600 7640 -2378 9.22382354780986e-05 -5.76812514215708e-05 -3.502338758111e-05 -6.30726846754551e-05
10600 7440 -2378 0.000101844326 -6.28265414983034e-05 -4.62422495484352e-05 -6.54159133434296e-05
10600 7240 -2378 0.000114649930550402 -6.99826485663652e-05 -6.00670734345913e-05 -6.81100738793612e-05
10800 7240 -2378 0.000137371401094404 -6.64899197369814e-05 -5.65967604070902e-05 -0.0001059589253
10800 7440 -2378 0.000121074136712972 -5.97581279426813e-05 -4.39476015195251e-05 -9.57378996014595e-05
10800 7640 -2378 0.000109864199253213 -5.53309489935637e-05 -3.37172231525183e-05 -8.86711012423038e-05
10800 7840 -2378 0.000102331122180645 -5.22644793689251e-05 -2.52491497285664e-05 -8.40674710124731e-05
10800 8040 -2378 9.68079855800613e-05 -5.01237460225821e-05 -1.76651351675391e-05 -8.0915629863739e-05
10800 8240 -2378 9.34706256303775e-05 -4.89900244399905e-05 -1.06936033703387e-05 -7.87654675096274e-05
10800 8440 -2378 9.16991193063136e-05 -4.85791134312749e-05 -4.17330200846482e-06 -7.77224604040384e-05
10800 8640 -2378 9.14145092284745e-05 -4.87715349793434e-05 2.19534244668103e-06 -7.74336116313934e-05
10800 8840 -2378 9.27721763114943e-05 -4.94471968486905e-05 9.27760681603104e-06 -7.79459904879332e-05
10800 9040 -2378 9.58103627482945e-05 -5.09261615723372e-05 1.6881576705724e-05 -7.96065816134214e-05
10800 9240 -2378 0.000101410958754294 -5.34258583635092e-05 2.51341322921216e-05 -8.23933635652065e-05
10800 9440 -2378 0.000109474863466203 -5.68515344560146e-05 3.46555380821228e-05 -8.68222234100103e-05
10800 9640 -2378 0.000122581824343448 -6.22177639007568e-05 4.79405235946179e-05 -9.4027537971735e-05
11000 9640 -2378 0.000130896631098002 -5.04455282837152e-05 3.71583478301764e-05 -0.000114927950888872
11000 9440 -2378 0.000119909451314753 -4.78639731556177e-05 2.89127775393426e-05 -0.000106148273020983
11000 9240 -2378 0.000112102956180554 -4.58190668672323e-05 2.15838838219643e-05 -0.000100068339586258
11000 9040 -2378 0.000107083836675414 -4.44310291111469e-05 1.48170822951943e-05 -9.62000414133072e-05
11000 8840 -2378 0.000103778828599087 -4.34586225226521e-05 8.85236668772995e-06 -9.36888903677464e-05
11000 8640 -2378 0.000102288243134801 -4.2886328920722e-05 2.30012013160376e-06 -9.27300719618797e-05
11000 8440 -2378 0.000102061478033289 -4.25240810140967e-05 -3.07338905362303e-06 -9.27297261506319e-05
11000 8240 -2378 0.000103755695156227 -4.26718030273914e-05 -8.98050742037594e-06 -9.41496140658855e-05
11000 8040 -2378 0.0001069055634 -4.36522872895002e-05 -1.50380066502839e-05 -9.65120689570904e-05
11000 7840 -2378 0.000112132693780635 -4.4599532186985e-05 -2.11296811252832e-05 -0.000100529275834560
11000 7640 -2378 0.000118895121363951 -4.60477506518364e-05 -2.75123056434095e-05 -0.0001061195175
11000 7440 -2378 0.000129485817578789 -4.82423465549946e-05 -3.55560494363308e-05 -0.000114611950844526
11000 7240 -2378 0.000143980396016645 -5.11973328813911e-05 -4.393011841923e-05 -0.000127091049492359
11200 7240 -2378 0.000140997662376102 -3.39939784035087e-05 -2.98164505660534e-05 -0.000133555555373430
11200 7440 -2378 0.000131249068690666 -3.44908928573132e-05 -2.60038734525442e-05 -0.000124017089039087
11200 7640 -2378 0.000123750823524036 -3.4885842949152e-05 -2.1506659116596e-05 -0.000116681088238955
11200 7840 -2378 0.0001177363707 -3.46081722900272e-05 -1.68395538553596e-05 -0.0001112928262
11200 8040 -2378 0.000113538124493701 -3.44343529641628e-05 -1.22598375529051e-05 -0.000107493615776300
11200 8240 -2378 0.000110532872211240 -3.43448948264122e-05 -7.71908817533404e-06 -0.000104704983949661
11200 8440 -2378 0.000109124303864207 -3.42487963214517e-05 -2.95011663151672e-06 -0.000103628116786480
11200 8640 -2378 0.000109010225393351 -3.42564317733049e-05 1.41095492429486e-06 -0.0001034301742
11200 8840 -2378 0.000110384877416436 -3.46113650202751e-05 6.28291430557146e-06 -0.000104591332286596
11200 9040 -2378 0.000112744211019594 -3.49154245406389e-05 1.0949302110821e-05 -0.000106743805736303
11200 9240 -2378 0.000117009312024671 -3.52997700273991e-05 1.57227995861322e-05 -0.000110532913535833
11200 9440 -2378 0.0001229063279 -3.54903764724732e-05 2.03687389679253e-05 -0.000115946539491415
11200 9640 -2378 0.000130996566736485 -3.57461708039045e-05 2.49211877658963e-05 -0.000123592631578445
11400 9640 -2378 0.000128528641 -2.3135931763798e-05 1.51287577934563e-05 -0.0001253848001
11400 9440 -2378 0.000123367624679714 -2.47776358611882e-05 1.34910873826593e-05 -0.000119996570795775
11400 9240 -2378 0.000119274033628975 -2.53536067530513e-05 1.11403223276138e-05 -0.000116014580726624
11400 9040 -2378 0.000115692501315726 -2.55905074700713e-05 8.0144380745478e-06 -0.000112561545878649
11400 8840 -2378 0.000113890628379953 -2.61092505455017e-05 4.63290450460045e-06 -0.000110780584543943
11400 8640 -2378 0.000112750165679790 -2.58674170672894e-05 1.01681840107994e-06 -0.000109738063931465
11400 8440 -2378 0.000113137168042227 -2.58035057932138e-05 -2.25004934495678e-06 -0.000110049549520016
11400 8240 -2378 0.0001139329055 -2.55617794804275e-05 -5.67274195235223e-06 -0.000110843038320541
11400 8040 -2378 0.000116129205231820 -2.55150743871927e-05 -9.14160719513893e-06 -0.000113037811011076
11400 7840 -2378 0.000119382016788551 -2.48026777133346e-05 -1.23989311847836e-05 -0.000116117008298635
11400 7640 -2378 0.000123751604692646 -2.40682359039783e-05 -1.5118581501767e-05 -0.000120340420365334
11400 7440 -2378 0.000129402790853020 -2.26718879118562e-05 -1.76116785816848e-05 -0.000126111095130444
11400 7240 -2378 0.000135948091948744 -2.03740888126195e-05 -1.92122020684183e-05 -0.000133092277258635
11600 7240 -2378 0.000131201177435635 -1.14849871974438e-05 -1.18519341275096e-05 -0.000130045315593481
11600 7440 -2378 0.000126915438039349 -1.37148645315319e-05 -1.18235559370369e-05 -0.0001255998862
11600 7640 -2378 0.000123264119772759 -1.55679794233292e-05 -1.05639688335359e-05 -0.000121788881212473
11600 7840 -2378 0.000119974963470931 -1.66910078860819e-05 -9.02892354689538e-06 -0.000118519721716642
11600 8040 -2378 0.000117552528499167 -1.74169882237911e-05 -6.93993901507929e-06 -0.000115901799082756
11600 8240 -2378 0.000115899406024961 -1.79836399741471e-05 -4.57895631834981e-06 -0.000114342289954424
11600 8440 -2378 0.000114506112579191 -1.82552396804094e-05 -2.14329850164631e-06 -0.000113137452691793
11600 8640 -2378 0.000114616650623117 -1.80902273990214e-05 2.1439690108491e-07 -0.000113179831713438
11600 8840 -2378 0.000115284423777213 -1.82178561463952e-05 2.75534452679312e-06 -0.0001137657229
11600 9040 -2378 0.000116687322849327 -1.78397026956081e-05 5.00189507461619e-06 -0.0001151274701
11600 9240 -2378 0.000118933667482856 -1.71915051154792e-05 6.69074882008135e-06 -0.000117517423361540
11600 9440 -2378 0.000121699606642780 -1.57869895808399e-05 8.17988768592477e-06 -0.000120551941275597
11600 9640 -2378 0.000125177978277318 -1.41610151771456e-05 8.56720869243145e-06 -0.000124098204910755
11800 9640 -2378 0.000122465446627186 -7.82662254618481e-06 4.28866855448359e-06 -0.000122077267974615
11800 9440 -2378 0.0001202205627 -9.60200238600373e-06 4.6757172778016e-06 -0.000119896186888218
11800 9240 -2378 0.000118394496317436 -1.06137206312269e-05 4.18889056588523e-06 -0.000117780215412378
11800 9040 -2378 0.000116859391633362 -1.16403542757034e-05 3.28998772325576e-06 -0.000116232488870621
11800 8840 -2378 0.000115872823431188 -1.20468896813691e-05 1.51936166485939e-06 -0.000115356624186039
11800 8640 -2378 0.000115239384661416 -1.22122236117721e-05 5.56481581916159e-08 -0.000114590463280678
11800 8440 -2378 0.000115649434 -1.23860478680581e-05 -1.58625835863677e-06 -0.000114844395399094
11800 8240 -2378 0.000116304030055316 -1.19765080362558e-05 -3.28291788759816e-06 -0.000115465447247028
11800 8040 -2378 0.000117661600338755 -1.14641189984977e-05 -4.77416501077823e-06 -0.0001169439916
11800 7840 -2378 0.000119353676641733 -1.05880107115954e-05 -5.95492387958802e-06 -0.0001186953361
11800 7640 -2378 0.000121610191630603 -9.35377336386591e-06 -7.02346313931048e-06 -0.000120967778772116
11800 7440 -2378 0.000124245425169125 -7.68903267942369e-06 -7.63982352241874e-06 -0.000123771715462208
11800 7240 -2378 0.000127048359113387 -5.70726948953234e-06 -7.07216119393706e-06 -0.000126741060763597
12000 7240 -2378 0.000123947788619769 -2.23190482432256e-06 -4.28998355432122e-06 -0.000123836936146021
12000 7440 -2378 0.000122088355573916 -3.6574354362383e-06 -4.66601193783572e-06 -0.000121964327812195
12000 7640 -2378 0.000120203343986102 -5.04258766665589e-06 -4.41424343094695e-06 -0.000120149732738733
12000 7840 -2378 0.000118507567710929 -5.98063255171291e-06 -4.01446590857813e-06 -0.000118288459718227
12000 8040 -2378 0.000117312184680180 -6.71248329989612e-06 -3.48223011089431e-06 -0.000116905662029982
12000 8240 -2378 0.000116165884867739 -7.26530720107257e-06 -2.49192111967204e-06 -0.000115847569733858
12000 8440 -2378 0.000115607309453625 -7.44368670228869e-06 -1.39359630698164e-06 -0.000115456859976053
12000 8640 -2378 0.000115271626274434 -7.55364293791354e-06 -2.66274518711725e-07 -0.000115023560196161
12000 8840 -2378 0.000115543136195412 -7.25966948643327e-06 8.19522505535133e-07 -0.000115302645742893
12000 9040 -2378 0.000116414097487093 -6.78403786662966e-06 1.49247766400731e-06 -0.000116074192017317
12000 9240 -2378 0.000117456849153888 -6.27267577289604e-06 2.03389636879729e-06 -0.000117170822262764
12000 9440 -2378 0.000118776287235142 -5.3563013819512e-06 2.18238785146332e-06 -0.000118683047473431
12000 9640 -2378 0.0001200845996 -4.00156205100939e-06 1.89349650408985e-06 -0.000120002971768379
12200 9640 -2378 0.000118416600453409 -1.40181994715658e-06 4.19559486378603e-07 -0.000118345936417580
12200 9440 -2378 0.000117427171045219 -2.20636583604937e-06 8.41889256116701e-07 -0.000117369107663631
12200 9240 -2378 0.000116771990949396 -3.06170632371141e-06 8.59613608935206e-07 -0.000116750171869993
12200 9040 -2378 0.000115941170956981 -3.49729737454618e-06 7.64641278740783e-07 -0.000115739908158779
12200 8840 -2378 0.000115423897890042 -3.68210589763476e-06 1.22871719668183e-07 -0.000115364250361919
12200 8640 -2378 0.000115218966668357 -3.85807860114437e-06 -4.27643505728383e-07 -0.000115153561085463
12200 8440 -2378 0.000115212466240642 -3.65797252875927e-06 -1.01736545380299e-06 -0.000115256680518389
12200 8240 -2378 0.0001158113785 -3.59142912452808e-06 -1.51787641314422e-06 -0.0001157275595
12200 8040 -2378 0.000116616905552146 -3.44026638392825e-06 -2.32571461055886e-06 -0.000116593151628971
12200 7840 -2378 0.000117676576783201 -2.68280661496465e-06 -2.69376788073168e-06 -0.000117381934195757
12200 7640 -2378 0.000118915870596909 -1.96059400072909e-06 -2.80274893913884e-06 -0.000118935319423676
12200 7440 -2378 0.000120340764973221 -1.17709803170874e-06 -2.80018417259635e-06 -0.000120302423596382
12200 7240 -2378 0.000121632478832702 -5.03830876396023e-08 -2.15880437654778e-06 -0.000121613309025764
12400 7240 -2378 0.000120217611644536 1.2049681288263e-06 -7.19040323703666e-07 -0.000120292046755552
12400 7440 -2378 0.000119524711760769 5.28342436184175e-07 -1.38402705086628e-06 -0.000119560041576624
12400 7640 -2378 0.000118310906916682 1.67740102519019e-07 -1.2856391429923e-06 -0.000118303844183683
12400 7840 -2378 0.000117384617854179 -1.0280677478022e-07 -1.37645636598245e-06 -0.000117328268140554
12400 8040 -2378 0.000116255300714364 -5.11487694569951e-07 -1.29297250744639e-06 -0.0001162469851
12400 8240 -2378 0.000115695316799672 -7.6993827055685e-07 -1.23009422236805e-06 -0.000115616268515587
12400 8440 -2378 0.000115162608060780 -8.63751418299216e-07 -9.44144554006016e-07 -0.000115171343445778
12400 8640 -2378 0.000114995388564816 -8.63443048615409e-07 -5.79889366124235e-07 -0.000114896112650633
12400 8840 -2378 0.000115150342775141 -1.01154677098384e-06 -2.38946967246193e-07 -0.000115092811286449
12400 9040 -2378 0.000115378212435237 -7.49357488657552e-07 -1.11295479375258e-07 -0.000115349656343460
12400 9240 -2378 0.0001160910478 -4.74536479730887e-07 -3.08823008526815e-09 -0.000116085296779871
12400 9440 -2378 0.000116801159791657 -2.93423584389529e-07 -3.01931448721007e-08 -0.000116682931959629
12400 9640 -2378 0.0001175185443 2.28550981959415e-07 -2.57504107790282e-07 -0.000117495840340853
12600 9640 -2378 0.000117408326389781 1.44905567144451e-06 -7.42193458163456e-07 -0.000117331840395927
12600 9440 -2378 0.000116541577021604 1.46988438935932e-06 -6.97607470478033e-07 -0.000116403143078089
12600 9240 -2378 0.000115907819140878 1.36092023752826e-06 -7.15085578719482e-07 -0.0001158976233
12600 9040 -2378 0.000115396043997620 1.27265402142848e-06 -8.27488615731454e-07 -0.000115467360377312
12600 8840 -2378 0.000115065459487141 1.40304185862806e-06 -5.40837013344572e-07 -0.000115265151262283
12600 8640 -2378 0.000114860194535496 1.41470774030086e-06 -7.10677386226053e-07 -0.000114911946117878
12600 8440 -2378 0.000115076159080551 1.40684138152938e-06 -5.9601991036925e-07 -0.000115087021470070
12600 8240 -2378 0.000115466575282545 1.31642783150664e-06 -6.1174322304214e-07 -0.000115457450151443
12600 8040 -2378 0.000115946562568245 1.54190286682206e-06 -4.9345877597807e-07 -0.000115959689497948
12600 7840 -2378 0.000116979518460444 1.64874530272937e-06 -4.19221604484847e-07 -0.000116794083327055
12600 7640 -2378 0.0001180220665 1.75441288266484e-06 -3.65300713619717e-07 -0.000117953087538481
12600 7440 -2378 0.000119072269756204 2.06123676886182e-06 -1.22298543413308e-07 -0.0001190557686
12600 7240 -2378 0.000119890388559958 1.95043021031415e-06 -8.18777674148805e-08 -0.0001198825019
12800 7240 -2378 0.000120694937558244 2.70407438164875e-06 7.09218047804825e-07 -0.000120662558168173
12800 7440 -2378 0.0001195413123 3.08453534521686e-06 8.39887539375923e-07 -0.000119478658854961
12800 7640 -2378 0.000118323727796847 3.39528154791333e-06 7.8942217799704e-07 -0.000118273877233267
12800 7840 -2378 0.000117157374942719 3.63131476088893e-06 4.54681799430546e-07 -0.000117178250938654
12800 8040 -2378 0.000116117143147011 3.88191366642423e-06 3.47825136912434e-07 -0.000116179445296526
12800 8240 -2378 0.000115324293199198 3.51258466110448e-06 6.80605270788419e-08 -0.000115270766973495
12800 8440 -2378 0.000115056306351937 3.97896667913301e-06 -4.86669200341567e-07 -0.000114927427083254
12800 8640 -2378 0.000114774553811026 3.78320350926151e-06 -7.46404299503411e-07 -0.000114775150358677
12800 8840 -2378 0.000115101686641119 3.52406405625516e-06 -8.11307359745115e-07 -0.000115095096498728
12800 9040 -2378 0.000115532551848667 3.57703170647437e-06 -1.17459202393638e-06 -0.000115465709954500
12800 9240 -2378 0.000116111977145341 3.25357844903192e-06 -1.39320840702658e-06 -0.000116058021843433
12800 9440 -2378 0.000116908304870112 3.18869173700295e-06 -1.18239129984431e-06 -0.000117059724032879
12800 9640 -2378 0.000117894841635090 2.5918226082722e-06 -1.1234475249039e-06 -0.000117813790917397
13000 9640 -2378 0.0001192369447 3.92286185742705e-06 -1.68358422528399e-06 -0.000119279713034630
13000 9440 -2378 0.000117982597153601 4.83828122669365e-06 -2.2630937795584e-06 -0.000117854081720114
13000 9240 -2378 0.000116715022177593 5.35188435926102e-06 -1.88521144561673e-06 -0.000116577011942863
13000 9040 -2378 0.000115859440093827 5.71263008867391e-06 -1.87543387388359e-06 -0.000115658274441958
13000 8840 -2378 0.000115273172734206 6.24267271207646e-06 -1.36960131869273e-06 -0.000114900750815868
13000 8640 -2378 0.000114742178649214 6.29972866992466e-06 -7.60129985916137e-07 -0.000114539147347212
13000 8440 -2378 0.0001147449606 6.5437194518745e-06 -2.29189049185152e-07 -0.000114663440376520
13000 8240 -2378 0.000115224905337644 6.38375565886963e-06 5.95875942010935e-07 -0.000115019397526979
13000 8040 -2378 0.000116233452514724 6.25724948220886e-06 1.12779388574904e-06 -0.000116059426128864
13000 7840 -2378 0.000117432555598214 5.85245013795793e-06 1.56539938056812e-06 -0.000117332453697920
13000 7640 -2378 0.000118995367983884 5.34965793834999e-06 1.75759073691734e-06 -0.000118793625146151
13000 7440 -2378 0.000120634438354602 4.67450422118418e-06 2.10821539095559e-06 -0.0001205444878
13000 7240 -2378 0.000122318706180462 4.00728006678401e-06 1.67315564073215e-06 -0.000122296897143126
13200 7240 -2378 0.000124681124041986 5.76124818110839e-06 3.4951372386131e-06 -0.000124407420098782
13200 7440 -2378 0.000122347955361459 7.26670680707321e-06 3.78143044971512e-06 -0.000122061210691929
13200 7640 -2378 0.000119948067521978 7.99696571566164e-06 3.48876629113511e-06 -0.000119688848733902
13200 7840 -2378 0.000117866140275386 8.98134370706975e-06 2.92973457102198e-06 -0.000117557896852493
13200 8040 -2378 0.000116373885573739 9.33297705091536e-06 2.15449855489169e-06 -0.000115923936575651
13200 8240 -2378 0.000115124424853929 9.5591558618471e-06 1.28477995725098e-06 -0.000114846107780933
13200 8440 -2378 0.000114667754310861 9.72448973543942e-06 1.49545769798351e-07 -0.000114254565834999
13200 8640 -2378 0.000114473552783934 9.71109159290791e-06 -8.64783603511569e-07 -0.000114120501846075
13200 8840 -2378 0.000115018055165224 9.2533271452412e-06 -1.87480575554946e-06 -0.000114751082330942
13200 9040 -2378 0.000115900957646828 8.82556938193738e-06 -2.52917170053843e-06 -0.000115482351839542
13200 9240 -2378 0.000117330894313691 8.29027903359384e-06 -3.32185822998872e-06 -0.000117044211775064
13200 9440 -2378 0.0001193253289 7.35706705600023e-06 -3.4735334526049e-06 -0.000119047646969557
13200 9640 -2378 0.000121436571937169 6.23946856404655e-06 -2.93442763267376e-06 -0.000121086184889078
13400 9640 -2378 0.000123869884974813 9.68237561546266e-06 -5.43107847636565e-06 -0.0001233497968
13400 9440 -2378 0.000120638868647008 1.11665500421077e-05 -5.49072734080255e-06 -0.000119962197273970
13400 9240 -2378 0.000117912146013045 1.22074392605573e-05 -5.01160964812152e-06 -0.000117286475211382
13400 9040 -2378 0.000115958001881743 1.2991272225976e-05 -3.92220892914338e-06 -0.000115151895374060
13400 8840 -2378 0.000114492727968399 1.35797936804593e-05 -2.82294710219139e-06 -0.000113649482756853
13400 8640 -2378 0.000113625823752290 1.38647824563086e-05 -1.31297952317436e-06 -0.000112740212351084
13400 8440 -2378 0.000113772221673543 1.38126633968204e-05 2.18407542096429e-07 -0.000112848996132612
13400 8240 -2378 0.000114337452130988 1.37615076154471e-05 1.80066738348978e-06 -0.000113382133394480
13400 8040 -2378 0.000115598038370426 1.34904584567994e-05 3.42586991246208e-06 -0.000114955840289593
13400 7840 -2378 0.000117971356187629 1.28182348050177e-05 4.80765238800086e-06 -0.000117131065577269
13400 7640 -2378 0.000120610491535723 1.20341443307698e-05 5.94452291994821e-06 -0.000119861306041479
13400 7440 -2378 0.000123903467935422 1.05646497737616e-05 6.25448460038751e-06 -0.000123253851264715
13400 7240 -2378 0.000127698124045145 8.92744548525661e-06 6.15079656522721e-06 -0.000127255733519793
13600 7240 -2378 0.000131023962278744 1.39672958515584e-05 1.02360395304859e-05 -0.000129864284127951
13600 7440 -2378 0.000125467419939318 1.61474715657532e-05 1.00002286937088e-05 -0.000123971625655890
13600 7640 -2378 0.000120885109915413 1.75319708809257e-05 8.80932866316289e-06 -0.000119282167673111
13600 7840 -2378 0.000117044714054726 1.85083144381642e-05 7.25455739488825e-06 -0.0001154038679
13600 8040 -2378 0.000114439792213539 1.89768185317516e-05 5.13589356676675e-06 -0.000112808293998241
13600 8240 -2378 0.000112431473687413 1.92792148850858e-05 2.9201409042289e-06 -0.000110645700097084
13600 8440 -2378 0.000111737638244908 1.93960216715932e-05 7.33791897254378e-07 -0.000110090771853924
13600 8640 -2378 0.000111693623931089 1.94035667926073e-05 -1.6106918070036e-06 -0.000110023362487555
13600 8840 -2378 0.000112702408182894 1.91041899695992e-05 -3.79573283891295e-06 -0.000110743017792702
13600 9040 -2378 0.000114595492880209 1.87025439366698e-05 -5.88021460874006e-06 -0.000112931926012039
13600 9240 -2378 0.000117413825530968 1.77462415508926e-05 -7.62056037783623e-06 -0.000115749341368675
13600 9440 -2378 0.000121170085292129 1.67353367842734e-05 -8.96529372222722e-06 -0.000119825490355492
13600 9640 -2378 0.000126020729270196 1.48852725178003e-05 -8.95938065461814e-06 -0.000124953206390142
13800 9640 -2378 0.000127400804848933 2.28117722123861e-05 -1.48254260774702e-05 -0.000124477210253477
13800 9440 -2378 0.000120740898620861 2.42898222282529e-05 -1.36302252914757e-05 -0.0001175486907
13800 9240 -2378 0.000115758549454138 2.51714639663696e-05 -1.1444106945768e-05 -0.000112423537671566
13800 9040 -2378 0.000111805576918159 2.55118446461856e-05 -8.93111043423414e-06 -0.000108344321668148
13800 8840 -2378 0.000109339410564111 2.58132266923785e-05 -5.8756316867657e-06 -0.000106086101740599
13800 8640 -2378 0.000107828445795627 2.60455416291952e-05 -2.40782734090226e-06 -0.000104576591044664
13800 8440 -2378 0.000107833636264991 2.6063197247684e-05 4.90977331581235e-07 -0.000104560837596655
13800 8240 -2378 0.000108734497514648 2.62920151203871e-05 4.05968772899359e-06 -0.000105366897284985
13800 8040 -2378 0.0001107277775 2.61264430247247e-05 6.89587787585333e-06 -0.000107323633641005
13800 7840 -2378 0.000114210445626677 2.57532046250999e-05 1.0228231783025e-05 -0.000110713310956955
13800 7640 -2378 0.000118554633265684 2.5136502251029e-05 1.2926446352154e-05 -0.000115135851532221
13800 7440 -2378 0.000125175303272873 2.4191210437566e-05 1.54178125411272e-05 -0.000121902286291122
13800 7240 -2378 0.000133328041667103 2.20086256489158e-05 1.66503444425762e-05 -0.000130415469795465
14000 7240 -2378 0.000132572236280046 3.3989012978971e-05 2.62810607850552e-05 -0.000125479735016823
14000 7440 -2378 0.000122053504238328 3.49868960827589e-05 2.28505237065256e-05 -0.0001145526292
14000 7640 -2378 0.000114169722283779 3.49708522483706e-05 1.85620636343956e-05 -0.000107089041680098
14000 7840 -2378 0.000108671087715572 3.49985736608505e-05 1.42848613150418e-05 -0.000101884483039379
14000 8040 -2378 0.000104613490975877 3.43361384421587e-05 9.71941120736301e-06 -9.83908952176571e-05
14000 8240 -2378 0.000102101345824632 3.40943580046296e-05 5.48671285790624e-06 -9.60633827447891e-05
14000 8440 -2378 0.000101127700931201 3.40618304312229e-05 1.00178607568978e-06 -9.52959657162428e-05
14000 8640 -2378 0.000101413870945269 3.39485006630421e-05 -3.20556620850584e-06 -9.54325206577778e-05
14000 8840 -2378 0.000102907160535287 3.40209650173783e-05 -7.59661083575338e-06 -9.68232881724834e-05
14000 9040 -2378 0.000105606862450250 3.4117482572794e-05 -1.2005976235494e-05 -9.92810152620077e-05
14000 9240 -2378 0.000110206336839711 3.44591248258948e-05 -1.63023789674044e-05 -0.000103548540517688
14000 9440 -2378 0.0001164564818 3.44298598766327e-05 -2.0287686791271e-05 -0.000109322262346745
14000 9640 -2378 0.000125734183061383 3.4230108782649e-05 -2.40639408566058e-05 -0.000118423171490431
14200 9640 -2378 0.000118444010844384 4.77351796329021e-05 -3.61705933213234e-05 -0.000102186224654317
14200 9440 -2378 0.000108535635843309 4.60134186148644e-05 -2.89389148578048e-05 -9.40279073864221e-05
14200 9240 -2378 0.000101915978321535 4.41868689656258e-05 -2.21792784258723e-05 -8.89063581973314e-05
14200 9040 -2378 9.69487149406243e-05 4.28127313107252e-05 -1.60472718551755e-05 -8.5285161793232e-05
14200 8840 -2378 9.37474006063063e-05 4.18989354372025e-05 -1.0361321169883e-05 -8.32400722205639e-05
14200 8640 -2378 9.22063570056124e-05 4.15389566794038e-05 -4.3983761734562e-06 -8.21790854483843e-05
14200 8440 -2378 9.16766333877839e-05 4.13906955644488e-05 7.54589184194629e-07 -8.17975918054581e-05
14200 8240 -2378 9.26351887219892e-05 4.19417515918613e-05 6.57140197977424e-06 -8.22647354304791e-05
14200 8040 -2378 9.51702545757738e-05 4.27489723041654e-05 1.17761902790517e-05 -8.40785269737243e-05
14200 7840 -2378 9.89565824817882e-05 4.39245084598661e-05 1.78477759286761e-05 -8.6915193170309e-05
14200 7640 -2378 0.000104570115896080 4.58052637502551e-05 2.40572543814778e-05 -9.09295999258757e-05
14200 7440 -2378 0.000113029813975256 4.78748689293861e-05 3.13516769632697e-05 -9.74558831006289e-05
14200 7240 -2378 0.000125340285051883 5.0273122087121e-05 3.88760381266475e-05 -0.000108034503340721
14400 7240 -2378 0.000110962485982532 6.54746762812137e-05 5.09917223751545e-05 -7.35152182579041e-05
14400 7440 -2378 9.95923242711142e-05 5.90901783108711e-05 3.9065745189786e-05 -6.99739020615816e-05
14400 7640 -2378 9.18428111119963e-05 5.46572039276362e-05 2.94674902483821e-05 -6.77490530759096e-05
14400 7840 -2378 8.63496029562228e-05 5.14227879196405e-05 2.12668792717159e-05 -6.61177282482386e-05
14400 8040 -2378 8.30163589092502e-05 4.92690687552094e-05 1.41581878494471e-05 -6.52979358583689e-05
14400 8240 -2378 8.06927358204662e-05 4.78063412457705e-05 7.60954278707504e-06 -6.46271199434996e-05
14400 8440 -2378 7.98621795293689e-05 4.72047835737467e-05 1.2959435131952e-06 -6.44534222185612e-05
14400 8640 -2378 8.00638518762279e-05 4.7337755613029e-05 -4.83149065030739e-06 -6.45852997452021e-05
14400 8840 -2378 8.15023710697928e-05 4.80351979956031e-05 -1.15353681575507e-05 -6.4824312761426e-05
14400 9040 -2378 8.42282697896289e-05 4.9353208258748e-05 -1.86564666517079e-05 -6.56294177770615e-05
14400 9240 -2378 8.87652269969338e-05 5.17393882423639e-05 -2.68618680536747e-05 -6.70006306320429e-05
14400 9440 -2378 9.53743169090904e-05 5.49706072956324e-05 -3.60116042196751e-05 -6.89441737234593e-05
14400 9640 -2378 0.000105732115598589 6.02375653088093e-05 -4.83719415515661e-05 -7.20483780503273e-05
14600 9640 -2378 9.13136475635443e-05 6.42852071970701e-05 -5.2783570162952e-05 -3.76761076524854e-05
14600 9440 -2378 8.18936849962508e-05 5.86807614713907e-05 -3.91762990057468e-05 -4.15306934714317e-05
14600 9240 -2378 7.58638169712557e-05 5.48193769007921e-05 -2.90731317102909e-05 -4.35425684377551e-05
14600 9040 -2378 7.16498869887537e-05 5.2143615975976e-05 -2.02717573046684e-05 -4.47611024603248e-05
14600 8840 -2378 6.91387643741335e-05 5.05095240622759e-05 -1.30225664544851e-05 -4.55503376051784e-05
14600 8640 -2378 6.76904061672546e-05 4.95616241022945e-05 -5.65905259898864e-06 -4.57594082951546e-05
14600 8440 -2378 6.72964545357259e-05 4.90498009175062e-05 7.51685371551503e-07 -4.6069130577147e-05
14600 8240 -2378 6.80611654379101e-05 4.99483379870653e-05 7.6369148530066e-06 -4.55462584123015e-05
14600 8040 -2378 7.00304561572878e-05 5.15736506804824e-05 1.43187645748258e-05 -4.52124700769782e-05
14600 7840 -2378 7.28809761889919e-05 5.37775778248906e-05 2.18113060109317e-05 -4.38665680959821e-05
14600 7640 -2378 7.74311837792402e-05 5.70489722490311e-05 3.03805010542274e-05 -4.25576146766543e-05
14600 7440 -2378 8.46549085104108e-05 6.24354251027107e-05 4.13707641735673e-05 -3.94554318040609e-05
14600 7240 -2378 9.53686208417877e-05 7.0129108518362e-05 5.48485057502985e-05 -3.44045324921608e-05
14800 7240 -2378 7.9108873491087e-05 6.22730143666267e-05 4.8413908585906e-05 -6.12217607069761e-06
14800 7440 -2378 7.04601260278018e-05 5.75250299274921e-05 3.79041373357177e-05 -1.48018320649862e-05
14800 7640 -2378 6.4387857983663e-05 5.37654158994556e-05 2.90614261925221e-05 -2.04240829050541e-05
14800 7840 -2378 6.03553939916539e-05 5.10393617302179e-05 2.13225618191063e-05 -2.43242282271385e-05
14800 8040 -2378 5.77536396054319e-05 4.91905345395207e-05 1.40605461131781e-05 -2.66760400012135e-05
14800 8240 -2378 5.60990881706805e-05 4.80015736818314e-05 7.47715824004263e-06 -2.80633463226259e-05
14800 8440 -2378 5.5349962523293e-05 4.72687163129449e-05 1.28341349842503e-06 -2.8674475710839e-05
14800 8640 -2378 5.5586590758615e-05 4.73559549748898e-05 -4.86028235335834e-06 -2.86994818076491e-05
14800 8840 -2378 5.66995473084209e-05 4.80074742212892e-05 -1.15748795177788e-05 -2.7926736600697e-05
14800 9040 -2378 5.88633217307803e-05 4.9350452683866e-05 -1.86458030976355e-05 -2.6040000654757e-05
14800 9240 -2378 6.21705345472566e-05 5.12773235365748e-05 -2.6631994150579e-05 -2.30911559350789e-05
14800 9440 -2378 6.73769621539279e-05 5.42197703719139e-05 -3.555264826864e-05 -1.84425138235092e-05
14800 9640 -2378 7.56848998819066e-05 5.83415977358818e-05 -4.6868339329958e-05 -1.13057866692543e-05
15000 9640 -2378 6.03669512230985e-05 4.76030717641115e-05 -3.68434502482414e-05 4.85506499744952e-06
15000 9440 -2378 5.47723916825876e-05 4.6039089396596e-05 -2.95546098649502e-05 -2.73041938896404e-06
15000 9240 -2378 5.09762117700044e-05 4.47267785593867e-05 -2.31067593991756e-05 -8.02434100024402e-06
15000 9040 -2378 4.78234528135808e-05 4.33328453749418e-05 -1.64853213652968e-05 -1.16567206121981e-05
15000 8840 -2378 4.62813001303047e-05 4.27887872010469e-05 -1.04848669832572e-05 -1.41825948245823e-05
15000 8640 -2378 4.51675328745133e-05 4.23030443266034e-05 -4.53801380796358e-06 -1.51645935438573e-05
15000 8440 -2378 4.53195458257588e-05 4.25695986822248e-05 7.61328821138477e-07 -1.56428348571062e-05
15000 8240 -2378 4.55494229915934e-05 4.26138497814536e-05 6.28232288407162e-06 -1.4839413607493e-05
15000 8040 -2378 4.66241247720987e-05 4.32769683673978e-05 1.16366313975304e-05 -1.30747763309628e-05
15000 7840 -2378 4.88226908626777e-05 4.42813622802496e-05 1.7855668105185e-05 -1.02903918344528e-05
15000 7640 -2378 5.19350971200806e-05 4.5707706078887e-05 2.40279203727841e-05 -5.63856649538502e-06
15000 7440 -2378 5.67250647497139e-05 4.73958342969418e-05 3.09966217875481e-05 8.88085084198792e-07
15000 7240 -2378 6.31605820361642e-05 4.94305690601468e-05 3.81616431698203e-05 9.72119234595448e-06
15200 7240 -2378 4.9025400818596e-05 3.64326305985451e-05 2.78788203932345e-05 1.70767545737326e-05
15200 7440 -2378 4.48376581139167e-05 3.6724020190537e-05 2.3706386744976e-05 9.8792662769556e-06
15200 7640 -2378 4.14955569464666e-05 3.6632108733058e-05 1.90636611990631e-05 4.06776077888207e-06
15200 7840 -2378 3.93678867389558e-05 3.6533036954701e-05 1.46193179488182e-05 -3.61383534026572e-07
15200 8040 -2378 3.75310737014206e-05 3.60579723790288e-05 9.90167219098657e-06 -3.42351321004389e-06
15200 8240 -2378 3.64964885022634e-05 3.56936327815056e-05 5.52928353892639e-06 -5.33683605748229e-06
15200 8440 -2378 3.59151928153143e-05 3.5398230291903e-05 1.18553275897284e-06 -5.90558733046055e-06
15200 8640 -2378 3.58707552753736e-05 3.52593947499991e-05 -3.39704045661347e-06 -5.65210421220399e-06
15200 8840 -2378 3.67862252703113e-05 3.5579574778676e-05 -8.12289983592927e-06 -4.55497825564817e-06
15200 9040 -2378 3.80936902863696e-05 3.57927576974034e-05 -1.28994971122593e-05 -2.22954857398417e-06
15200 9240 -2378 4.0002212225923e-05 3.58679555505514e-05 -1.76609258837998e-05 1.38915865917807e-06
15200 9440 -2378 4.27247676349326e-05 3.59912473708391e-05 -2.22471147403121e-05 6.11378672113642e-06
15200 9640 -2378 4.69098271009753e-05 3.60983445048332e-05 -2.69610590413213e-05 1.30591997466981e-05
15400 9640 -2378 3.60178797055433e-05 2.62831044197083e-05 -1.87357649430633e-05 1.58964058626443e-05
15400 9440 -2378 3.36137631083253e-05 2.72829140424728e-05 -1.64349260553718e-05 1.09190576821566e-05
15400 9240 -2378 3.17091035689169e-05 2.80083420611918e-05 -1.32196504566818e-05 6.80372793320566e-06
15400 9040 -2378 3.03781292735532e-05 2.84892982952297e-05 -9.87681513279677e-06 3.57250552705955e-06
15400 8840 -2378 2.9195841133221e-05 2.84458517730236e-05 -6.41516863694415e-06 1.4409260019238e-06
15400 8640 -2378 2.87764006272751e-05 2.86592108756304e-05 -2.57132773708145e-06 1.98504296808096e-07
15400 8440 -2378 2.88337327400956e-05 2.88269431106746e-05 6.8285471364652e-07 7.56497114261947e-08
15400 8240 -2378 2.91841401749114e-05 2.88482994362712e-05 4.22034173645079e-06 6.37430971905815e-07
15400 8040 -2378 2.98249326302251e-05 2.87531359195709e-05 7.59865663293749e-06 2.15700624087913e-06
15400 7840 -2378 3.11362425596118e-05 2.87120429649949e-05 1.10385625641793e-05 4.99148387112655e-06
15400 7640 -2378 3.26442500683863e-05 2.82589694820344e-05 1.41038321834058e-05 8.25588420964778e-06
15400 7440 -2378 3.51089550441663e-05 2.73624956905842e-05 1.73044468574226e-05 1.32996781636029e-05
15400 7240 -2378 3.78702243535778e-05 2.61034021861851e-05 1.95343351066112e-05 1.9227598413825e-05
15600 7240 -2378 2.90701618559545e-05 1.8347436722368e-05 1.31649209447205e-05 1.83065762110055e-05
15600 7440 -2378 2.73131767030526e-05 1.99664132930338e-05 1.20552889574319e-05 1.42427834440023e-05
15600 7640 -2378 2.57721696160097e-05 2.11211087293923e-05 1.02491897530854e-05 1.05858965609223e-05
15600 7840 -2378 2.47084687818386e-05 2.19204047061503e-05 8.35817862115801e-06 7.84156746603548e-06
15600 8040 -2378 2.37614571010052e-05 2.23738115988672e-05 5.92869052058086e-06 5.37308354787819e-06
15600 8240 -2378 2.32649092097163e-05 2.26550896652043e-05 3.44668482182897e-06 4.07934762798322e-06
15600 8440 -2378 2.30442420616592e-05 2.27774076797068e-05 8.31314236354956e-07 3.3230663491413e-06
15600 8640 -2378 2.29206824777032e-05 2.25421560257673e-05 -1.62136962574732e-06 3.80367612926057e-06
15600 8840 -2378 2.32998122466416e-05 2.24276213236153e-05 -4.28171204854152e-06 4.69745175354183e-06
15600 9040 -2378 2.37558375497972e-05 2.19064026363194e-05 -6.79265384515747e-06 6.18944221781567e-06
15600 9240 -2378 2.48612133822909e-05 2.13036427125335e-05 -9.23312181327492e-06 8.81857367232442e-06
15600 9440 -2378 2.59689634156955e-05 2.01504872851074e-05 -1.10457155089825e-05 1.20551539510489e-05
15600 9640 -2378 2.7711735398416e-05 1.88975889720023e-05 -1.25697318427265e-05 1.60326990187168e-05
15800 9640 -2378 2.21201065211278e-05 1.35583420395851e-05 -8.08466129377484e-06 1.53376478683203e-05
15800 9440 -2378 2.06137922679257e-05 1.48393181562424e-05 -7.36354007106274e-06 1.22678990028799e-05
15800 9240 -2378 1.96897191731952e-05 1.59063021671027e-05 -6.2397852060385e-06 9.66701669897884e-06
15800 9040 -2378 1.91416768499891e-05 1.69252889361233e-05 -4.60143183765467e-06 7.44563491083682e-06
15800 8840 -2378 1.86279307764618e-05 1.73416182845831e-05 -3.02435551201324e-06 6.0227885497734e-06
15800 8640 -2378 1.84454993717573e-05 1.76999218575656e-05 -1.22665882024512e-06 4.88659606527654e-06
15800 8440 -2378 1.84980243219478e-05 1.77681629471481e-05 7.794305162804e-07 4.96725982893258e-06
15800 8240 -2378 1.8921495445439e-05 1.79302613735199e-05 2.60925653353661e-06 5.45165087943315e-06
15800 8040 -2378 1.90651446686808e-05 1.74101561941206e-05 4.3294454740826e-06 6.4419605890289e-06
15800 7840 -2378 1.9624715529243e-05 1.68576951064169e-05 5.78423068183474e-06 8.10455181915313e-06
15800 7640 -2378 2.05583176800023e-05 1.62029269430786e-05 7.23589769657701e-06 1.04204993275926e-05
15800 7440 -2378 2.15085184351727e-05 1.4658453149721e-05 8.15901208575815e-06 1.35152972862124e-05
15800 7240 -2378 2.3109577933175e-05 1.31563489995897e-05 8.67364855576307e-06 1.69035763666034e-05
16000 7240 -2378 1.87001243738346e-05 9.89029294904321e-06 5.04175085527822e-06 1.50885415319353e-05
16000 7440 -2378 1.71227511342745e-05 1.10539476070553e-05 4.92395611898974e-06 1.22624702863395e-05
16000 7640 -2378 1.62844292254163e-05 1.22100243978202e-05 4.6601247304352e-06 9.81145969592035e-06
16000 7840 -2378 1.5745310213308e-05 1.30903729703277e-05 4.0600307675486e-06 7.82322742789984e-06
16000 8040 -2378 1.53009717899987e-05 1.34857475683093e-05 3.01478516159114e-06 6.57003962481394e-06
16000 8240 -2378 1.50252824858806e-05 1.38297311365604e-05 2.21936436678516e-06 5.51677933917381e-06
16000 8440 -2378 1.48417963447503e-05 1.39043127764016e-05 8.05438044908442e-07 5.20894775749184e-06
16000 8640 -2378 1.48737904256463e-05 1.38709069062024e-05 -1.50381732406458e-07 5.33490357175469e-06
16000 8840 -2378 1.49614736594924e-05 1.35858552269638e-05 -1.51976805502818e-06 6.04065312305465e-06
16000 9040 -2378 1.51377686845714e-05 1.29706745222211e-05 -2.5540640632853e-06 7.31755032856017e-06
16000 9240 -2378 1.5483282944179e-05 1.21057346928865e-05 -3.53838938821355e-06 8.98126042447984e-06
16000 9440 -2378 1.66830502712089e-05 1.13136289808899e-05 -4.23202334599046e-06 1.14696427602321e-05
16000 9640 -2378 1.82647973246572e-05 9.9561850419268e-06 -4.55375889828429e-06 1.45652452204376e-05
16200 9640 -2378 1.4460486696944e-05 7.2758015030995e-06 -1.18484823086237e-06 1.23228628318757e-05
16200 9440 -2378 1.33138176925017e-05 8.55957388784736e-06 -1.4172685449264e-06 9.98326017521322e-06
16200 9240 -2378 1.22198952411118e-05 9.29647006839514e-06 -1.33392173076209e-06 7.81806477252394e-06
16200 9040 -2378 1.20783289885118e-05 1.03127558687702e-05 -8.34725970881664e-07 6.33520370395854e-06
16200 8840 -2378 1.17885892497623e-05 1.05949902143329e-05 -4.38899178745487e-07 5.42412511957809e-06
16200 8640 -2378 1.18775351425199e-05 1.09292058553547e-05 4.22746294385661e-07 4.55008707882371e-06
16200 8440 -2378 1.18890874566379e-05 1.10849035810679e-05 7.99648549585982e-07 4.15795931126922e-06
16200 8240 -2378 1.19692443177551e-05 1.10097236344591e-05 1.53646860456411e-06 4.6889608000638e-06
16200 8040 -2378 1.21792414095029e-05 1.08349753208458e-05 1.90109447382929e-06 5.22714749258012e-06
16200 7840 -2378 1.21662945910515e-05 1.02709349682555e-05 2.35064516048169e-06 6.28149085887708e-06
16200 7640 -2378 1.24466889929308e-05 9.38481036806479e-06 2.54822107093059e-06 7.6994283348322e-06
16200 7440 -2378 1.29346094852837e-05 8.36341756395996e-06 2.2533677169049e-06 9.75771950930357e-06
16200 7240 -2378 1.41827821150376e-05 7.03501187451184e-06 1.66301015525551e-06 1.23043586239219e-05
16400 7240 -2378 9.6748738003121e-06 5.32925258227624e-06 -8.89819070263911e-07 8.17641837894917e-06
16400 7440 -2378 9.47838264920118e-06 6.61008704034612e-06 -2.52257557258417e-09 6.73718167841435e-06
16400 7640 -2378 9.24720616062953e-06 7.57705162186176e-06 7.76109270962934e-07 5.24373577674851e-06
16400 7840 -2378 9.47146189869309e-06 8.48333509033546e-06 1.14200387743949e-06 4.15018204611261e-06
16400 8040 -2378 9.67061885626027e-06 8.98639996908605e-06 1.19601880507616e-06 3.42122942001151e-06
16400 8240 -2378 9.96526485446947e-06 9.49315516930073e-06 1.01730188748479e-06 2.77986440313543e-06
16400 8440 -2378 9.83995305125057e-06 9.42443183716387e-06 9.55504711018875e-07 2.61632112266034e-06
16400 8640 -2378 9.73904200887717e-06 9.26210170984268e-06 8.81033224133716e-07 2.87857458218059e-06
16400 8840 -2378 9.60267281507555e-06 8.94015254173428e-06 6.1762966085189e-07 3.34832253633067e-06
16400 9040 -2378 9.44801044647581e-06 8.4574344297871e-06 6.32403721132505e-07 4.11588386702351e-06
16400 9240 -2378 9.58969835600006e-06 7.71740786917508e-06 6.37872362874987e-07 5.68697742139921e-06
16400 9440 -2378 9.86419399719767e-06 6.78689978597686e-06 1.08919972287185e-06 7.2171761598438e-06
16400 9640 -2378 1.0808349237256e-05 5.4782123046416e-06 1.68851501694735e-06 9.16288820281625e-06
16600 9640 -2378 8.68807453157722e-06 4.84562942269258e-06 4.05076102771272e-06 5.97763098007999e-06
16600 9440 -2378 7.91829128309377e-06 6.04044445184991e-06 3.02677005606529e-06 4.21907351397385e-06
16600 9240 -2378 7.98943770469164e-06 7.01460361666978e-06 2.1421102692475e-06 2.96876432326826e-06
16600 9040 -2378 8.04713568960398e-06 7.61256036255508e-06 1.59612604695576e-06 2.02059420871956e-06
16600 8840 -2378 8.21134699931687e-06 7.99434824800119e-06 1.36334663656817e-06 1.28759527081638e-06
16600 8640 -2378 8.48206585359446e-06 8.338323042728e-06 1.32322140689757e-06 8.43399582237907e-07
16600 8440 -2378 8.56265455183343e-06 8.46803558710962e-06 1.14132712348078e-06 7.59717441004796e-07
16600 8240 -2378 8.4839909334749e-06 8.40849073417485e-06 9.17301134463742e-07 6.46636128883074e-07
16600 8040 -2378 8.33392601406224e-06 8.23890124354511e-06 6.54019950246038e-07 1.02547881489227e-06
16600 7840 -2378 7.88109299071459e-06 7.75152634643018e-06 1.87065973873359e-07 1.39965330329142e-06
16600 7640 -2378 7.40171111351922e-06 7.02203678619116e-06 -2.63772879774478e-07 2.32524206251037e-06
16600 7440 -2378 7.00866149548202e-06 6.16221514297649e-06 -1.30533708273197e-06 3.07319631497376e-06
16600 7240 -2378 6.87406183399702e-06 5.03461864136625e-06 -2.49218930237998e-06 3.97965454860241e-06
16800 7240 -2378 6.4905714977804e-06 5.51446836115792e-06 -3.49930228318044e-06 1.72778639253011e-07
16800 7440 -2378 6.75671770444761e-06 6.35956583870575e-06 -2.27392337689162e-06 -3.28435417450237e-07
16800 7640 -2378 7.33915276356421e-06 7.2086630705744e-06 -1.15175093134894e-06 -7.84834341551687e-07
16800 7840 -2378 7.90945865089127e-06 7.8124641510658e-06 -3.93567320968941e-07 -1.17048912952487e-06
16800 8040 -2378 8.39614431579546e-06 8.24741233838722e-06 2.55978804632832e-07 -1.64046376802344e-06
16800 8240 -2378 8.84392517518193e-06 8.65212145354599e-06 8.0420760717243e-07 -1.57577264284191e-06
16800 8440 -2378 8.78749018065425e-06 8.56234490033239e-06 1.14443848957853e-06 -1.53964582972185e-06
16800 8640 -2378 8.7447305128177e-06 8.46304002124817e-06 1.70204700551585e-06 -1.39653189421915e-06
16800 8840 -2378 8.23384812561072e-06 7.9043972552754e-06 2.05997898190253e-06 -1.1207204474922e-06
16800 9040 -2378 8.10030315348603e-06 7.61810937011615e-06 2.52704831475057e-06 -2.49419211597342e-07
16800 9240 -2378 7.863888989965e-06 7.06621796637774e-06 3.43705739332654e-06 1.9179366646722e-07
16800 9440 -2378 7.56640631256224e-06 6.21416614018381e-06 4.18748428483377e-06 1.12194039528822e-06
16800 9640 -2378 7.79847504751494e-06 5.24497609067475e-06 5.38026491977507e-06 2.08786691817295e-06
17000 9640 -2378 9.03442600732224e-06 6.26181878335774e-06 6.461579808034e-06 -1.10200164543676e-06
17000 9440 -2378 8.86213351837464e-06 6.9892215966247e-06 5.24252139194869e-06 -1.91497745086235e-06
17000 9240 -2378 9.16269437744971e-06 7.84477138053626e-06 4.10949428699678e-06 -2.24416738315631e-06
17000 9040 -2378 9.23503866119687e-06 8.10991901904344e-06 3.3083643135933e-06 -2.94452421997448e-06
17000 8840 -2378 9.68223176971246e-06 8.72050103638321e-06 2.67968175867463e-06 -3.24311260814284e-06
17000 8640 -2378 9.8903585102992e-06 8.95610730163753e-06 2.09910328044134e-06 -3.76274176817969e-06
17000 8440 -2378 9.96779669884405e-06 9.1259351586923e-06 1.45321212340423e-06 -3.85748145641992e-06
17000 8240 -2378 9.91979146312435e-06 9.10013636294752e-06 7.81154779217104e-07 -3.93033434520476e-06
17000 8040 -2378 9.66503413985369e-06 8.81785496324301e-06 1.21313864035073e-07 -4.03589467442362e-06
17000 7840 -2378 9.54828094982843e-06 8.70521862618625e-06 -5.93361162647852e-07 -4.02829413529253e-06
17000 7640 -2378 9.18058938013058e-06 8.2797245644033e-06 -1.34156167037327e-06 -3.6530096057686e-06
17000 7440 -2378 8.70204446126099e-06 7.52506608702243e-06 -2.56800503385284e-06 -3.53614314441802e-06
17000 7240 -2378 8.69407326477452e-06 6.94995859684422e-06 -3.88099862099625e-06 -3.31769223160518e-06
17200 7240 -2378 1.15855433965111e-05 8.83370210044086e-06 -3.89034833468031e-06 -6.54327462660149e-06
17200 7440 -2378 1.16112562346186e-05 9.13122794870287e-06 -2.78756326789153e-06 -6.38945728400722e-06
17200 7640 -2378 1.16706563524912e-05 9.53430129773915e-06 -1.80316037164539e-06 -6.48459182493389e-06
17200 7840 -2378 1.1813536629371e-05 9.92497971281409e-06 -6.29218342146487e-07 -6.49763979949057e-06
17200 8040 -2378 1.19679568674594e-05 1.00100661376491e-05 1.1851020807444e-07 -6.60655807121657e-06
17200 8240 -2378 1.20632286529562e-05 1.03115084413439e-05 9.33603364196642e-07 -6.13821248803288e-06
17200 8440 -2378 1.1796973943659e-05 9.9282773854211e-06 1.62226735529202e-06 -6.20752516714856e-06
17200 8640 -2378 1.1829130371266e-05 9.951166738756e-06 2.37391674068203e-06 -5.93861306924373e-06
17200 8840 -2378 1.18257278947446e-05 9.75119941774756e-06 3.11703552676772e-06 -5.94906351203099e-06
17200 9040 -2378 1.16889651812288e-05 9.51116327196359e-06 3.78371402557241e-06 -5.50759715889581e-06
17200 9240 -2378 1.13439543750777e-05 8.9200785420835e-06 4.79018372762948e-06 -4.92791149276309e-06
17200 9440 -2378 1.13425104676412e-05 8.63166690152138e-06 5.8121671769768e-06 -4.4438384740788e-06
17200 9640 -2378 1.13280858108011e-05 7.86811196152121e-06 6.98254925664514e-06 -4.19226374212303e-06
17400 9640 -2378 1.40381568051167e-05 9.75097571220249e-06 7.33535889862105e-06 -6.68172476626933e-06
17400 9440 -2378 1.36082627809052e-05 9.98421800415963e-06 6.23398257046938e-06 -6.82917770091445e-06
17400 9240 -2378 1.41136094400261e-05 1.08572575906292e-05 5.27601158060133e-06 -7.31284013483673e-06
17400 9040 -2378 1.40772226244829e-05 1.11042234906927e-05 4.28623632516246e-06 -7.49047048576176e-06
17400 8840 -2378 1.41084077505079e-05 1.12136613260955e-05 3.53337200998794e-06 -7.80851399200037e-06
17400 8640 -2378 1.4242705735129e-05 1.15662400908768e-05 2.64285982191359e-06 -7.95927550457418e-06
17400 8440 -2378 1.42725955455053e-05 1.16022769659758e-05 1.93127808914141e-06 -8.11108991969377e-06
17400 8240 -2378 1.45826753238916e-05 1.17082633972168e-05 1.10715628288017e-06 -8.45084055606276e-06
17400 8040 -2378 1.44133519070528e-05 1.16509549506009e-05 3.99465602203463e-07 -8.64353273995221e-06
17400 7840 -2378 1.43804110411457e-05 1.13320401329547e-05 -4.31837331933821e-07 -8.74768401868642e-06
17400 7640 -2378 1.4629722595538e-05 1.14933327287436e-05 -1.61943741252071e-06 -8.88642429746687e-06
17400 7440 -2378 1.45916179165813e-05 1.11510913101956e-05 -2.64722176095893e-06 -9.19048217218369e-06
17400 7240 -2378 1.47740908947701e-05 1.07357676178217e-05 -3.98157944055583e-06 -9.44413578789681e-06
17600 7240 -2378 1.80450568659934e-05 1.32073320094496e-05 -3.56727883518033e-06 -1.17360541690141e-05
17600 7440 -2378 1.77881896543103e-05 1.34385202676058e-05 -2.50594691619153e-06 -1.13209796454757e-05
17600 7640 -2378 1.73601692601546e-05 1.3483755627647e-05 -1.44940216600025e-06 -1.09789017122239e-05
17600 7840 -2378 1.73397716092707e-05 1.34745811056346e-05 -3.78860754798552e-07 -1.08851780863479e-05
17600 8040 -2378 1.72178024819176e-05 1.35437697395682e-05 3.49096470221411e-07 -1.05818716585636e-05
17600 8240 -2378 1.69506984292172e-05 1.32971600759774e-05 1.20539991087912e-06 -1.04431184139103e-05
17600 8440 -2378 1.70435954483239e-05 1.34493298660964e-05 2.01815214817907e-06 -1.02225643415004e-05
17600 8640 -2378 1.68691310463049e-05 1.32106091286987e-05 2.95185641728312e-06 -9.85779389739037e-06
17600 8840 -2378 1.6559911528409e-05 1.2942132698372e-05 3.72201468529602e-06 -9.78530431911349e-06
17600 9040 -2378 1.6729627844451e-05 1.29519659932703e-05 4.54606602014974e-06 -9.63480576314032e-06
17600 9240 -2378 1.65001546079119e-05 1.24306465573609e-05 5.46127885568421e-06 -9.37595656514168e-06
17600 9440 -2378 1.65294521101084e-05 1.21971802935004e-05 6.5960561488755e-06 -9.02951705269516e-06
17600 9640 -2378 1.66593393139796e-05 1.18942010272294e-05 7.70197498891503e-06 -9.0151954414323e-06
17800 9640 -2378 1.93966779085987e-05 1.39768445976079e-05 7.77590920217335e-06 -1.09701450001448e-05
17800 9440 -2378 1.92208463362313e-05 1.41988009344786e-05 6.68328441260383e-06 -1.11188756730407e-05
17800 9240 -2378 1.91777391255114e-05 1.45406567826867e-05 5.68596420204267e-06 -1.12388327978551e-05
17800 9040 -2378 1.93501541297911e-05 1.49507825784385e-05 4.77495934069157e-06 -1.12166873123497e-05
17800 8840 -2378 1.95264774251861e-05 1.52504027169198e-05 3.9559098391328e-06 -1.16156229637563e-05
17800 8640 -2378 1.94839771226818e-05 1.51993930749595e-05 3.17717787076253e-06 -1.17860926967114e-05
17800 8440 -2378 1.94643766701732e-05 1.5208185615018e-05 2.3046269875922e-06 -1.20345005169511e-05
17800 8240 -2378 1.97082915018455e-05 1.55056928507984e-05 1.53748086055202e-06 -1.22402897588909e-05
17800 8040 -2378 1.97816344617737e-05 1.55307320076972e-05 6.26422150889994e-07 -1.22358906734735e-05
17800 7840 -2378 2.02465703823752e-05 1.56910036429763e-05 -2.35205863882584e-07 -1.24908068403602e-05
17800 7640 -2378 2.0314724257851e-05 1.55719791334122e-05 -1.25367534764382e-06 -1.29237899109721e-05
17800 7440 -2378 2.01996974928712e-05 1.52091355826706e-05 -2.06156577578122e-06 -1.31323996353895e-05
17800 7240 -2378 2.095057141881e-05 1.53943905066699e-05 -3.15168899769196e-06 -1.36146694086492e-05
18000 7240 -2378 2.37151454917573e-05 1.78073327206075e-05 -2.63180157598254e-06 -1.5530040981248e-05
18000 7440 -2378 2.3458586715529e-05 1.77931564934552e-05 -1.7757436965403e-06 -1.51804174035788e-05
18000 7640 -2378 2.32744393082723e-05 1.78610213622451e-05 -7.08522528017056e-07 -1.49262775331736e-05
18000 7840 -2378 2.28720064091456e-05 1.76102373488247e-05 9.22918684245815e-08 -1.46603403445333e-05
18000 8040 -2378 2.25621651081202e-05 1.76353738568723e-05 8.49064271238603e-07 -1.40472051724792e-05
18000 8240 -2378 2.24763406005505e-05 1.76167702935636e-05 1.70350195293759e-06 -1.4009146688506e-05
18000 8440 -2378 2.23504372143716e-05 1.74457051865757e-05 2.45631661525113e-06 -1.37478203773499e-05
18000 8640 -2378 2.2116075729638e-05 1.73354363888502e-05 3.27727975245034e-06 -1.35864420887083e-05
18000 8840 -2378 2.21506079206377e-05 1.70614721626043e-05 4.2276516208658e-06 -1.34789673443884e-05
18000 9040 -2378 2.20190258579719e-05 1.70643528699875e-05 4.97414076968562e-06 -1.29884589277208e-05
18000 9240 -2378 2.18403842760897e-05 1.66388883348554e-05 5.55255260085687e-06 -1.28083464838564e-05
18000 9440 -2378 2.18338724090719e-05 1.64133025482297e-05 6.7974272496067e-06 -1.27270153202116e-05
18000 9640 -2378 2.20885957366507e-05 1.61031762585044e-05 7.83400585781783e-06 -1.28947864342481e-05
18200 9640 -2378 2.47053403339917e-05 1.85571399852633e-05 7.65238931961358e-06 -1.44023378062993e-05
18200 9440 -2378 2.46461398233875e-05 1.87864086292684e-05 6.99566302914172e-06 -1.45501253828406e-05
18200 9240 -2378 2.43759603139973e-05 1.86895183734596e-05 5.98343720287084e-06 -1.42742568552494e-05
18200 9040 -2378 2.4431861717551e-05 1.89047263115644e-05 5.10087692085654e-06 -1.4546390382573e-05
18200 8840 -2378 2.45271104670596e-05 1.90623337887228e-05 4.4862645099638e-06 -1.47371829785407e-05
18200 8640 -2378 2.48230669890214e-05 1.9479976631701e-05 3.41648088908551e-06 -1.50014273822308e-05
18200 8440 -2378 2.48681932904278e-05 1.94779952429235e-05 2.91904315187549e-06 -1.51074381265789e-05
18200 8240 -2378 2.50232845923193e-05 1.96820617876947e-05 2.02098500291322e-06 -1.53372585177422e-05
18200 8040 -2378 2.50748926697484e-05 1.96309739910066e-05 1.25757746027421e-06 -1.56519428696483e-05
18200 7840 -2378 2.54203615810129e-05 1.98272806070745e-05 4.35510765366416e-07 -1.58210804145783e-05
18200 7640 -2378 2.57338826713391e-05 2.00263400152326e-05 -4.32563502053881e-07 -1.6325086157769e-05
18200 7440 -2378 2.6132355794196e-05 2.0092153005302e-05 -1.29795388251205e-06 -1.66589532289654e-05
18200 7240 -2378 2.65873460756413e-05 2.02321984656155e-05 -2.19125604529836e-06 -1.71097490787506e-05
18400 7240 -2378 2.93010179263298e-05 2.27512795478106e-05 -1.88100547181375e-06 -1.8341511964798e-05
18400 7440 -2378 2.86308730362632e-05 2.22595523111522e-05 -8.53612238111964e-07 -1.80104114115238e-05
18400 7640 -2378 2.85056677479263e-05 2.23146743290126e-05 -1.50464113813541e-07 -1.75713419504464e-05
18400 7840 -2378 2.82069755784258e-05 2.22506416887045e-05 6.58026705576049e-07 -1.73767712935805e-05
18400 8040 -2378 2.79568190747737e-05 2.21240115836263e-05 1.28655636964186e-06 -1.70063592381775e-05
18400 8240 -2378 2.75650560571135e-05 2.17841695472598e-05 2.13681021185221e-06 -1.6762893460691e-05
18400 8440 -2378 2.74997096753367e-05 2.16907897479832e-05 2.94493996850906e-06 -1.66454498562962e-05
18400 8640 -2378 2.74588358121709e-05 2.16720679216087e-05 3.64843958613346e-06 -1.64648894071579e-05
18400 8840 -2378 2.71804114252114e-05 2.14399033300579e-05 4.46229183755349e-06 -1.58758032470942e-05
18400 9040 -2378 2.69660766084054e-05 2.10802146308124e-05 5.23077488131821e-06 -1.59784040153027e-05
18400 9240 -2378 2.70699738158494e-05 2.10894178114831e-05 6.13160908268765e-06 -1.5824768839404e-05
18400 9440 -2378 2.70353125384479e-05 2.09092639312148e-05 6.91378891770728e-06 -1.58263557534665e-05
18400 9640 -2378 2.70459013233877e-05 2.06638826839626e-05 7.69927300233394e-06 -1.58034522086382e-05
18600 9640 -2378 2.96872611889959e-05 2.29860079213977e-05 7.6210503410548e-06 -1.70407685786486e-05
18600 9440 -2378 2.95391605896794e-05 2.30187718085945e-05 7.10534779261798e-06 -1.70143608227372e-05
18600 9240 -2378 2.9486505524973e-05 2.31122112162411e-05 6.39866203209385e-06 -1.70289234779775e-05
18600 9040 -2378 2.94117586718389e-05 2.32501262277365e-05 5.49269912205637e-06 -1.71555657126009e-05
18600 8840 -2378 2.9432320090675e-05 2.33518586531281e-05 4.74497190615511e-06 -1.71885541044176e-05
18600 8640 -2378 2.96063946485145e-05 2.35881066061556e-05 3.86777003926181e-06 -1.74786896817386e-05
18600 8440 -2378 2.96201501057776e-05 2.36752252653241e-05 3.14843334970647e-06 -1.77067681476474e-05
18600 8240 -2378 3.00008939893523e-05 2.39552659541368e-05 2.61743011864746e-06 -1.78743658214808e-05
18600 8040 -2378 3.00739803251309e-05 2.39938204698265e-05 1.80022246015778e-06 -1.80416205190122e-05
18600 7840 -2378 3.03268301130196e-05 2.41456120982766e-05 1.0475586958737e-06 -1.83953715898097e-05
18600 7640 -2378 3.07865932716941e-05 2.44083797857165e-05 5.19055099101024e-07 -1.88453585095704e-05
18600 7440 -2378 3.11068281942307e-05 2.44973961561918e-05 -3.58952328655505e-07 -1.92265101373196e-05
18600 7240 -2378 3.16313944146087e-05 2.48551580309868e-05 -1.33676309247676e-06 -1.9517586056143e-05
18800 7240 -2378 3.39797561294757e-05 2.69316228106618e-05 -7.6441796072686e-07 -2.07663953229785e-05
18800 7440 -2378 3.37447219081451e-05 2.69078635200858e-05 -1.31548844097097e-07 -2.03630997724831e-05
18800 7640 -2378 3.32329488078092e-05 2.66177676618099e-05 6.43098635976912e-07 -1.99663895331323e-05
18800 7840 -2378 3.28091714978558e-05 2.6292763967067e-05 1.26973994575474e-06 -1.96321397088468e-05
18800 8040 -2378 3.23096238195081e-05 2.61004342250526e-05 1.90775984659376e-06 -1.89749953113496e-05
18800 8240 -2378 3.2199035286999e-05 2.59765675701201e-05 2.69570242215468e-06 -1.88320100307465e-05
18800 8440 -2378 3.206920987328e-05 2.5807382773608e-05 3.31046097332e-06 -1.87471081614494e-05
18800 8640 -2378 3.18177559702533e-05 2.55786576680839e-05 4.05719433067134e-06 -1.85116097927093e-05
18800 8840 -2378 3.1675001331874e-05 2.53881380818784e-05 4.90506993071176e-06 -1.83384226970375e-05
18800 9040 -2378 3.18875574131834e-05 2.55149302147329e-05 5.44980064127594e-06 -1.83335041254759e-05
18800 9240 -2378 3.16370276774863e-05 2.51409692391753e-05 6.25786939170212e-06 -1.81568790450692e-05
18800 9440 -2378 3.177105156843e-05 2.50296354293823e-05 6.85755668068305e-06 -1.82408172488213e-05
18800 9640 -2378 3.15809742980269e-05 2.48004863113165e-05 7.63225549925119e-06 -1.81242607198656e-05
19000 9640 -2378 3.3914580186982e-05 2.7007672380656e-05 7.78318137302995e-06 -1.91820508316159e-05
19000 9440 -2378 3.38512457033161e-05 2.68676537647843e-05 6.9925271179527e-06 -1.91933106966317e-05
19000 9240 -2378 3.37269037000504e-05 2.71455813013017e-05 6.54370191833005e-06 -1.9074155151844e-05
19000 9040 -2378 3.3857894545422e-05 2.73363294564188e-05 5.70934907300398e-06 -1.91438096538186e-05
19000 8840 -2378 3.4067160683838e-05 2.76294817589223e-05 5.0393359955051e-06 -1.92832182347775e-05
19000 8640 -2378 3.41117750558656e-05 2.76801430732012e-05 4.204454694991e-06 -1.9444635424763e-05
19000 8440 -2378 3.43357412812392e-05 2.78631533011794e-05 3.6924981441698e-06 -1.96991780437529e-05
19000 8240 -2378 3.44140192027478e-05 2.79039840400219e-05 3.09070771680854e-06 -1.99785414449871e-05
19000 8040 -2378 3.47888597588005e-05 2.81774094365537e-05 2.2775655580881e-06 -2.01787379607558e-05
19000 7840 -2378 3.52413512700562e-05 2.85977184399962e-05 1.63162778220067e-06 -2.0529518507421e-05
19000 7640 -2378 3.52735780072796e-05 2.85793883837759e-05 1.10554581471843e-06 -2.07134943008423e-05
19000 7440 -2378 3.59388429963784e-05 2.89070575237274e-05 4.48386736091379e-07 -2.13670232519507e-05
19000 7240 -2378 3.63624188912123e-05 2.92755004242063e-05 -3.05946013671928e-07 -2.1428880661726e-05
