# amount of points in x direction: 66 (distance of 200 steps)
# amount of points in y direction: 13 (distance of 200 steps)
# abs. coordinates of point 1: P1 (, , ) (offsets not corrected)
# Offsets of the hall probe have already been corrected for all following coordinates.
#
# X (absolute in steps=10um) Y (absolute in steps=10um) Z (absolute in steps=10um) Babs(in T) Bx By Bz
6000 7240 -3978 0.000516075045070605 4.60742092952132e-05 -0.000160021268218756 -0.0004884634689
6000 7440 -3978 0.000535370210222650 4.60404712036252e-05 -0.000136696733295918 -0.000515393767118454
6000 7640 -3978 0.000551665121292333 4.59066910147667e-05 -0.000110265955716372 -0.000538507219195366
6000 7840 -3978 0.000565279805137683 4.61086002588272e-05 -8.18278536349535e-05 -0.000557390806794167
6000 8040 -3978 0.000575577051934809 4.5980644710362e-05 -5.00696525275707e-05 -0.000571498823165894
6000 8240 -3978 0.000582264371714197 4.57584377974272e-05 -1.74442313089967e-05 -0.000580145148992538
6000 8440 -3978 0.000584578642847655 4.54567235782743e-05 1.69793247859925e-05 -0.000582673736333847
6000 8640 -3978 0.000583865474092609 4.4940645866096e-05 4.95153915062547e-05 -0.000579925638318062
6000 8840 -3978 0.000578867790361816 4.44691617265344e-05 8.13391603529453e-05 -0.000571273431062698
6000 9040 -3978 0.000569719952831320 4.39056185632944e-05 0.0001116108978 -0.000556952537298202
6000 9240 -3978 0.000556288139142859 4.29840709865093e-05 0.000140621736913919 -0.000536358170986175
6000 9440 -3978 0.000540187044531358 4.23369028940797e-05 0.000165720641851425 -0.000512394029140473
6000 9640 -3978 0.000520492525718747 4.15959551557899e-05 0.000188029382795095 -0.0004837070626
6200 9640 -3978 0.000585773518438845 3.99478287026286e-05 0.000219647045791149 -0.000541416779756546
6200 9440 -3978 0.000608978047945983 4.08463228791952e-05 0.000194653415828943 -0.000575583085656166
6200 9240 -3978 0.000627579188563551 4.16014737486839e-05 0.000165841892063618 -0.000603879083156586
6200 9040 -3978 0.000643513517044335 4.25850865468383e-05 0.0001327891035 -0.000628212788939476
6200 8840 -3978 0.000654594631890839 4.33304454684258e-05 9.769337259233e-05 -0.000645940713882446
6200 8640 -3978 0.000661470581553896 4.38534463047981e-05 5.87494561672211e-05 -0.000657333489060402
6200 8440 -3978 0.000662827745615696 4.4240094922483e-05 2.02263222150505e-05 -0.000661126288771629
6200 8240 -3978 0.000659921547195806 4.47052073478699e-05 -2.00429863277823e-05 -0.000658100426673889
6200 8040 -3978 0.000652074563643644 4.49404094666243e-05 -5.92290342599154e-05 -0.000647857910394669
6200 7840 -3978 0.000639238533444192 4.49071060121059e-05 -9.64886446744204e-05 -0.000630442249298096
6200 7640 -3978 0.000622558810627617 4.48985794857144e-05 -0.000130425909847021 -0.000607139528870583
6200 7440 -3978 0.000602756289810973 4.47374932616949e-05 -0.000160741185843945 -0.000579164964079857
6200 7240 -3978 0.000578822230314381 4.54599700570107e-05 -0.000188562670260668 -0.000545364652156830
6400 7240 -3978 0.000652125384794650 4.4254654802382e-05 -0.000223500598967075 -0.000611029070734978
6400 7440 -3978 0.0006806695876 4.40133487954736e-05 -0.000192630880653858 -0.000651195922017098
6400 7640 -3978 0.000705891556186936 4.36800999119878e-05 -0.000156789324045181 -0.000686784543752671
6400 7840 -3978 0.000726180691146191 4.38403091877699e-05 -0.000117623419731855 -0.000715241166353226
6400 8040 -3978 0.000741915303643155 4.38923345208168e-05 -7.35806698650122e-05 -0.000736986336469650
6400 8240 -3978 0.000752125186289558 4.41728359311819e-05 -2.79051722027361e-05 -0.0007503081752
6400 8440 -3978 0.000756659672338154 4.35121951848268e-05 1.96685307268053e-05 -0.000755070105910301
6400 8640 -3978 0.0007548725055 4.32217728495598e-05 6.59829858094454e-05 -0.000750719686627388
6400 8840 -3978 0.000747065885949687 4.28339989557862e-05 0.000111368125140667 -0.0007374118942
6400 9040 -3978 0.000733857074284320 4.15022415518761e-05 0.000153665061563253 -0.000716516953945160
6400 9240 -3978 0.000715574669421629 4.06733416765928e-05 0.000192335423290730 -0.000687980819344521
6400 9440 -3978 0.000692079734639172 3.95276243537664e-05 0.000226807540714741 -0.000652485228776932
6400 9640 -3978 0.000663395347780596 3.79633482992649e-05 0.000256554021477699 -0.0006106014018
6600 9640 -3978 0.000753946368750984 3.69042416587472e-05 0.000302491646528244 -0.000689783216834068
6600 9440 -3978 0.000787568437291568 3.86964804008603e-05 0.0002687130742 -0.000739277471184731
6600 9240 -3978 0.000815368578263281 3.93936269059777e-05 0.000229170830190182 -0.000781508023738861
6600 9040 -3978 0.000837722775494040 4.08749399632216e-05 0.000183573036223650 -0.0008162831006
6600 8840 -3978 0.000854022579066342 4.16468363404274e-05 0.000133938779056072 -0.000842448776245117
6600 8640 -3978 0.000864038777815071 4.28230846375227e-05 7.92369917035103e-05 -0.000859213596343994
6600 8440 -3978 0.000865761624739174 4.29083212167025e-05 2.4745026089251e-05 -0.000864268079757691
6600 8240 -3978 0.000861050471896656 4.34280964210629e-05 -3.22408556044102e-05 -0.000859276323556900
6600 8040 -3978 0.000848943608929202 4.34575563818216e-05 -8.67819315046072e-05 -0.000843377488613129
6600 7840 -3978 0.000829687160932184 4.34969582781196e-05 -0.000139481817573309 -0.000816833365678787
6600 7640 -3978 0.000804711539072196 4.337996314466e-05 -0.000186449786275625 -0.000781491734623909
6600 7440 -3978 0.000774512021933765 4.32895472049713e-05 -0.000227753414630890 -0.000738983428478241
6600 7240 -3978 0.000739127448083401 4.35123708099127e-05 -0.000265267564415932 -0.000688409615516663
6800 7240 -3978 0.000841866469875098 4.36571629345417e-05 -0.000317410559952259 -0.0007787288779
6800 7440 -3978 0.000884244365652689 4.37157433480024e-05 -0.0002757361679 -0.000839080851316452
6800 7640 -3978 0.000922184618545701 4.33940751999617e-05 -0.0002262684254 -0.000892941221237183
6800 7840 -3978 0.000952782114086272 4.39022835716605e-05 -0.000171555149167776 -0.0009361766355
6800 8040 -3978 0.000976860300191142 4.35362864658237e-05 -0.000109657673448324 -0.000969697802543640
6800 8240 -3978 0.000992433992733312 4.32545080855489e-05 -4.42273842021823e-05 -0.000990542781591415
6800 8440 -3978 0.000999299768143516 4.31969861984253e-05 2.37305119149387e-05 -0.000998128148078918
6800 8640 -3978 0.000997328205193354 4.23764019981027e-05 8.99541827738285e-05 -0.000992399458169937
6800 8840 -3978 0.0009861534508 4.14153844416142e-05 0.000154226897090673 -0.000973106498241424
6800 9040 -3978 0.000967351475249890 4.02538178488612e-05 0.000214204804241657 -0.000942417603015900
6800 9240 -3978 0.000939662757722058 3.87539886906743e-05 0.000268789397716522 -0.000899351545333862
6800 9440 -3978 0.000904962908545437 3.76217496842146e-05 0.0003170733565 -0.000846710461139679
6800 9640 -3978 0.000862933427943981 3.56868922263384e-05 0.000357454046547413 -0.000784423578143120
7000 9640 -3978 0.000992085199250051 3.44266628175974e-05 0.000425229198575020 -0.000895595193386078
7000 9440 -3978 0.00104175177685542 3.61252109482884e-05 0.000378536311984062 -0.000969753024578095
7000 9240 -3978 0.00108266334884987 3.78829827532172e-05 0.000323231940925121 -0.00103261097884178
7000 9040 -3978 0.00111598113878018 3.97612027078867e-05 0.0002588158456 -0.00108499840211868
7000 8840 -3978 0.00114000625799685 4.12792672291398e-05 0.000187181017428637 -0.00112377647113800
7000 8640 -3978 0.00115480688209292 4.23296620771289e-05 0.000108998825281858 -0.00114874326586723
7000 8440 -3978 0.00115652247017751 4.32172185927629e-05 3.09465319439769e-05 -0.00115562063646317
7000 8240 -3978 0.0011494399775 4.41103411987424e-05 -5.0916928589344e-05 -0.00114747254443169
7000 8040 -3978 0.00113070286647254 4.44892390593886e-05 -0.0001295859265 -0.00112236764812469
7000 7840 -3978 0.00110182588488573 4.44181749299169e-05 -0.000204669543355703 -0.00108186664342880
7000 7640 -3978 0.00106407716285657 4.47672067657113e-05 -0.000271005435645580 -0.00102801369619369
7000 7440 -3978 0.00101910450331334 4.42921849787235e-05 -0.000328988212645054 -0.000963511787176132
7000 7240 -3978 0.000966074703544918 4.41233761906624e-05 -0.000380631308138370 -0.0008869743359
7200 7240 -3978 0.00111496022562564 4.60021567866206e-05 -0.000459639183521270 -0.00101501408147812
7200 7440 -3978 0.00117895375005865 4.60184861347079e-05 -0.0004024790731 -0.00110698027777672
7200 7640 -3978 0.00123513519744457 4.57309024706483e-05 -0.000331804353475571 -0.00118885386466980
7200 7840 -3978 0.00128128355985450 4.57620274722576e-05 -0.000253351578235626 -0.00125510237908363
7200 8040 -3978 0.00131688134115979 4.5529236137867e-05 -0.000164160587817430 -0.00130574216771126
7200 8240 -3978 0.00134048289001120 4.518616309762e-05 -6.96275486648083e-05 -0.00133800910949707
7200 8440 -3978 0.00135108481958201 4.37735643684864e-05 2.70832458026707e-05 -0.0013500731337
7200 8640 -3978 0.00134869650208630 4.28809309378266e-05 0.000123629058688879 -0.00134233354139328
7200 8840 -3978 0.0013325473629 4.12702670395374e-05 0.000216812185645103 -0.0013142526009
7200 9040 -3978 0.00130413660051740 3.96065907031298e-05 0.000303498368859291 -0.00126773210144043
7200 9240 -3978 0.00126300270885984 3.77349239736795e-05 0.000383001721262932 -0.00120294461584091
7200 9440 -3978 0.00121222866495355 3.5660687841475e-05 0.000450907573580742 -0.00112481825256348
7200 9640 -3978 0.0011494664043 3.32604552730918e-05 0.000507696763515472 -0.00103056094121933
7400 9640 -3978 0.0013373073502 3.22601463645697e-05 0.0006095561738 -0.00118993971753120
7400 9440 -3978 0.00141205683055384 3.46725232079625e-05 0.000543165321469307 -0.00130300872349739
7400 9240 -3978 0.00147280922483615 3.65846213102341e-05 0.000463458346 -0.00139738000941277
7400 9040 -3978 0.00152179414941942 3.93882069289684e-05 0.000369945895314217 -0.00147558720922470
7400 8840 -3978 0.00155651764765101 4.17765984758735e-05 0.000266627331495285 -0.00153294219374657
7400 8640 -3978 0.00157762701608668 4.39011779129505e-05 0.000153032015115023 -0.00156936766862869
7400 8440 -3978 0.00158065415242163 4.52245693877339e-05 3.86341968551278e-05 -0.00157931038761139
7400 8240 -3978 0.00156984671851019 4.68572474718094e-05 -8.10480145066976e-05 -0.00156705275511742
7400 8040 -3978 0.00154214847871400 4.74469439312816e-05 -0.000195775113642216 -0.00152892425346375
7400 7840 -3978 0.00149953159657857 4.82886664196849e-05 -0.000303594176888466 -0.00146746488046646
7400 7640 -3978 0.00144357005249669 4.853778295964e-05 -0.000399859202325344 -0.00138628087782860
7400 7440 -3978 0.00137632186946521 4.83982821032405e-05 -0.000483258756160736 -0.0012876312561
7400 7240 -3978 0.0012962049033 4.83328692615032e-05 -0.000556148427248001 -0.00117013132762909
7600 7240 -3978 0.00151619653614537 5.16150057911873e-05 -0.000677020123839378 -0.00135566647052765
7600 7440 -3978 0.00161167612256799 5.19770005121827e-05 -0.000594802200794220 -0.0014969438107
7600 7640 -3978 0.0016945907814 5.20892679393292e-05 -0.000492401444435120 -0.00162054419517517
7600 7840 -3978 0.00176302759878763 5.15636486783624e-05 -0.000377746458649635 -0.00172131470584869
7600 8040 -3978 0.00181564873903856 5.03115057051182e-05 -0.000247309943675995 -0.00179789183092117
7600 8240 -3978 0.00184991454835537 4.90300806462765e-05 -0.000108680626764894 -0.00184596061897278
7600 8440 -3978 0.00186516591054076 4.73059294819832e-05 3.35588914379478e-05 -0.00186411527442932
7600 8640 -3978 0.00186140006066282 4.56535215675831e-05 0.0001745126307 -0.00185269162178040
7600 8840 -3978 0.00183848872319348 4.31957387775183e-05 0.000310698301434517 -0.00181160402965546
7600 9040 -3978 0.00179732632633794 4.07764042541385e-05 0.000437870161414146 -0.00174299605369568
7600 9240 -3978 0.0017380252769 3.72725262865424e-05 0.000553194362998009 -0.00164721541357040
7600 9440 -3978 0.00166248233175512 3.46166610941291e-05 0.000652705737113953 -0.00152864303588867
7600 9640 -3978 0.00156932492289011 3.12453612498939e-05 0.000734347686290741 -0.00138621729516983
7800 9640 -3978 0.00185019868817047 3.03145002685487e-05 0.000890165534734726 -0.00162176071977615
7800 9440 -3978 0.0019598856413 3.42431456819177e-05 0.000792659594178200 -0.00179242475175858
7800 9240 -3978 0.0020475374355 3.71902870833874e-05 0.000674891646027565 -0.00193283360052109
7800 9040 -3978 0.00211819316213259 4.14974249154329e-05 0.000538079549074173 -0.00204828968524933
7800 8840 -3978 0.00216844818855889 4.46848557144404e-05 0.000385161590754986 -0.00213354339504242
7800 8640 -3978 0.00219957368133552 4.7803040727973e-05 0.000216927727282047 -0.00218830185365677
7800 8440 -3978 0.00220395950903609 4.99715255349875e-05 4.8615764066577e-05 -0.00220293524742126
7800 8240 -3978 0.00218799391958753 5.26540650799871e-05 -0.000125590798050165 -0.00218374806976318
7800 8040 -3978 0.00214826399438780 5.39354731589556e-05 -0.000294692605078220 -0.00212727182626724
7800 7840 -3978 0.00208615626144521 5.58576686531306e-05 -0.000453676517963409 -0.0020354619832
7800 7640 -3978 0.00200521024586702 5.6402649730444e-05 -0.000595687487244606 -0.00191392612218857
7800 7440 -3978 0.00190641510347345 5.67179599255323e-05 -0.000718512220144272 -0.00176461024999619
7800 7240 -3978 0.00178762742185165 5.59448883533478e-05 -0.000825234091281891 -0.001584786062
8000 7240 -3978 0.0021196367303 6.16837657392025e-05 -0.00101037285208702 -0.00186171129655838
8000 7440 -3978 0.00225934119468562 6.22107780724764e-05 -0.000888116271972656 -0.00207653604364395
8000 7640 -3978 0.00237992945706335 6.20851310044527e-05 -0.000734692682981491 -0.00226293168592453
8000 7840 -3978 0.00247753046394212 6.13455417454243e-05 -0.000563623311758041 -0.00241186897563934
8000 8040 -3978 0.00255170417543822 5.93824312239886e-05 -0.000370763194739818 -0.00252374603891373
8000 8240 -3978 0.0026001265581 5.70228703767061e-05 -0.000167764302611351 -0.00259408457326889
8000 8440 -3978 0.00262126030795522 5.41527937948704e-05 4.12463522255421e-05 -0.00262037627363205
8000 8640 -3978 0.00261634959614400 5.1220157109201e-05 0.000248706973195076 -0.00260401076745987
8000 8840 -3978 0.00258417395416780 4.75573212578893e-05 0.000449346958160400 -0.00254421259164810
8000 9040 -3978 0.00252618546072600 4.30705449208617e-05 0.000637395619750023 -0.00244360106754303
8000 9240 -3978 0.0024412668662 3.86413905620575e-05 0.000809386807680130 -0.00230281944513321
8000 9440 -3978 0.0023337470294 3.43750711083412e-05 0.000957891922712326 -0.00212809560012817
8000 9640 -3978 0.00219807361626838 2.94241084866226e-05 0.00108059642004967 -0.00191373555994034
8200 9640 -3978 0.00262353233966315 2.89476432055235e-05 0.00131717549419403 -0.00226859803915024
8200 9440 -3978 0.00277899978354386 3.47296348139644e-05 0.00116758843016624 -0.00252158103322983
8200 9240 -3978 0.00290220455908483 3.98996224924922e-05 0.000988442600727081 -0.00272833432245255
8200 9040 -3978 0.00299962370891891 4.51580755934119e-05 0.000782989597320557 -0.00289521185064316
8200 8840 -3978 0.0030677273033 4.97133396193385e-05 0.000557601387619972 -0.00301610539865494
8200 8640 -3978 0.00311022661721721 5.46502721235156e-05 0.000309560574352741 -0.00309433978748322
8200 8440 -3978 0.00311605878123436 5.84233643114567e-05 6.31772487610579e-05 -0.0031149355235
8200 8240 -3978 0.00309446756778563 6.23869372010231e-05 -0.000191057853817940 -0.00308793366098404
8200 8040 -3978 0.00304073281152681 6.48223697990179e-05 -0.0004393126322 -0.00300816437959671
8200 7840 -3978 0.0029559502896 6.73955453187227e-05 -0.000674599755883217 -0.00287722979068756
8200 7640 -3978 0.00284211034683153 6.88836434781551e-05 -0.000887713778495788 -0.00269963531684875
8200 7440 -3978 0.00270278424089140 6.97034202516079e-05 -0.00107225762295723 -0.00247967503786087
8200 7240 -3978 0.00253135759036923 6.8823482722044e-05 -0.00123739261865616 -0.00220763649559021
8400 7240 -3978 0.00304347389657383 7.72094448208809e-05 -0.00151862131142616 -0.00263639173364639
8400 7440 -3978 0.00323921417267256 7.81988879740238e-05 -0.00132269358754158 -0.00295539043188095
8400 7640 -3978 0.00340408900353359 7.73747964501381e-05 -0.00108912440824509 -0.00322454025077820
8400 7840 -3978 0.00353510761998597 7.61003829240799e-05 -0.000833571141481400 -0.00343463570213318
8400 8040 -3978 0.00363338722044495 7.28127726316452e-05 -0.000548932677984238 -0.00359086444664001
8400 8240 -3978 0.00369629629122369 6.89354082942009e-05 -0.000251028851628304 -0.00368716320896149
8400 8440 -3978 0.00372429440869156 6.49845718741417e-05 5.11517693027854e-05 -0.00372341699886322
8400 8640 -3978 0.00371772832273698 6.07512279003859e-05 0.000354340675950050 -0.00370000751018524
8400 8840 -3978 0.0036760484272 5.51713796779513e-05 0.000646730943799019 -0.00361815101909637
8400 9040 -3978 0.00359975806098046 4.91165089979768e-05 0.000925028937578201 -0.00347874539089203
8400 9240 -3978 0.003487027563 4.24412153661251e-05 0.00118299836015701 -0.00328055353641510
8400 9440 -3978 0.0033416710112 3.61752243116498e-05 0.00141107368469238 -0.00302928790712357
8400 9640 -3978 0.00315411749575033 2.90392326191068e-05 0.00160520421385765 -0.00271554078388214
8600 9640 -3978 0.00380619927362810 2.94955544956028e-05 0.00195765569925308 -0.00326429205036163
8600 9440 -3978 0.0040115922205 3.76383614763618e-05 0.00171600641584396 -0.0036259202404
8600 9240 -3978 0.00416913079685672 4.48666681274772e-05 0.00144043483304977 -0.00391198867225647
8600 9040 -3978 0.00429199083558730 5.28726662546396e-05 0.00113267354774475 -0.00413975598716736
8600 8840 -3978 0.00437739843245149 5.95632779896259e-05 0.000800693082332611 -0.0043029704113
8600 8640 -3978 0.00442971461908963 6.72978847771883e-05 0.000441762214899063 -0.00440711796379089
8600 8440 -3978 0.00443833905597976 7.13191231191158e-05 8.53158618658781e-05 -0.00443678596782684
8600 8240 -3978 0.00441150379109006 7.76724214106798e-05 -0.000282553206682205 -0.00440171647357941
8600 8040 -3978 0.00434432294674869 8.14575709849596e-05 -0.000641571438670158 -0.00429607417869568
8600 7840 -3978 0.00423708471232560 8.55451709330082e-05 -0.000987242638587952 -0.00411977286338806
8600 7640 -3978 0.00409185393583554 8.82931638807059e-05 -0.00130662935447693 -0.00387689403629303
8600 7440 -3978 0.00390859912101669 8.95522936582566e-05 -0.00159174915623665 -0.00356867792034149
8600 7240 -3978 0.00368168517311311 8.82121416628361e-05 -0.00185407319879532 -0.00318001600456238
8800 7240 -3978 0.00446762664271837 0.000102522503674030 -0.00226098001241684 -0.00385138374423981
8800 7440 -3978 0.00471452829278313 0.000103688230291009 -0.00194433577108383 -0.00429415227031708
8800 7640 -3978 0.00491830363455959 0.000101345646083355 -0.00158391048932076 -0.00465465091323853
8800 7840 -3978 0.00507736968496854 9.7990781351924e-05 -0.00120521335577965 -0.00493128193187714
8800 8040 -3978 0.00519422014252846 9.31200141459704e-05 -0.000790535535097122 -0.00513277535343170
8800 8240 -3978 0.00526811711774224 8.83291015774012e-05 -0.000362903589069843 -0.00525510879039764
8800 8440 -3978 0.00530095266942976 8.20354141443968e-05 6.90412658900023e-05 -0.00529983550548554
8800 8640 -3978 0.00529330312247846 7.56215694397688e-05 0.000498056878924370 -0.00526926464462280
8800 8840 -3978 0.00524416671442307 6.76964578330517e-05 0.000918251781940460 -0.00516270427036285
8800 9040 -3978 0.00515500225176888 5.89698846340179e-05 0.00132299578499794 -0.00498180669498444
8800 9240 -3978 0.0050218178204 5.00163394361734e-05 0.00170701111793518 -0.004722352355
8800 9440 -3978 0.00484576563292035 4.12260520532727e-05 0.00205934633302689 -0.00438732248115540
8800 9640 -3978 0.00461359827834383 3.08744467273354e-05 0.00237500379085541 -0.00395495049858093
9000 9640 -3978 0.00559502472122188 3.18392946235836e-05 0.00287028694963455 -0.00480257646656036
9000 9440 -3978 0.00582784877487028 4.38736310303211e-05 0.00247683743858337 -0.00527560089111328
9000 9240 -3978 0.00600447451538035 5.4141061887145e-05 0.00205156134939194 -0.00564294602108002
9000 9040 -3978 0.00613926075013459 6.47529176026583e-05 0.00159638387966156 -0.00592791347885132
9000 8840 -3978 0.00623217594462967 7.43860576599836e-05 0.0011182163074 -0.00613064299678802
9000 8640 -3978 0.00628905239785816 8.41178947240114e-05 0.0006118265978 -0.00625861785793305
9000 8440 -3978 0.00629666331959382 9.05313888192177e-05 0.000114621353060007 -0.00629496902084351
9000 8240 -3978 0.0062684526466 9.94168437421322e-05 -0.000398143121838570 -0.00625492388534546
9000 8040 -3978 0.00619572320117452 0.000105459627479315 -0.0009047779386 -0.00612829927444458
9000 7840 -3978 0.00607788897914047 0.000111993629753590 -0.00139974614191055 -0.00591368934917450
9000 7640 -3978 0.00591478271154055 0.0001163848654 -0.00186823426866531 -0.0056103158226
9000 7440 -3978 0.00570402661537459 0.000119397768616676 -0.00230508488559723 -0.00521615255451202
9000 7240 -3978 0.0054391959534 0.000119318569 -0.00272715244531631 -0.00470492674827576
9200 7240 -3978 0.00661659507034902 0.000139578537672758 -0.00326840563106537 -0.00575067701816559
9200 7440 -3978 0.00688072425506328 0.000138840445965528 -0.00276010910654068 -0.00630136430263519
9200 7640 -3978 0.00709241282858137 0.000134530548810959 -0.0022188261547 -0.00673585868644714
9200 7840 -3978 0.0072551483446 0.000128653585582972 -0.00166882753372192 -0.00705943626785279
9200 8040 -3978 0.00737044461611715 0.0001205897935 -0.00108599759745598 -0.00728919248962403
9200 8240 -3978 0.00744285724657620 0.000113262260198593 -0.000499292368412018 -0.00742539581489563
9200 8440 -3978 0.00747465475076617 0.000104830568298698 9.10013803094625e-05 -0.00747319566917419
9200 8640 -3978 0.0074670465153 9.61832019686699e-05 0.000677338752150536 -0.00743565242576599
9200 8840 -3978 0.00742112589356333 8.52310339957476e-05 0.00125782974362373 -0.00731325574111938
9200 9040 -3978 0.00733577645582721 7.43389973640442e-05 0.00182503586578369 -0.00710476235198975
9200 9240 -3978 0.00720423979049121 6.24099926054478e-05 0.0023826682167 -0.00679862291336060
9200 9440 -3978 0.00702870411098452 4.97776453793049e-05 0.00291663041687012 -0.00639603391933441
9200 9640 -3978 0.00678922462927508 3.52036334127188e-05 0.00342667773628235 -0.00586085910606384
9400 9640 -3978 0.0082060789469 3.98915340155363e-05 0.00405322457885742 -0.00713509010887146
9400 9440 -3978 0.00841278215737497 5.57662518471479e-05 0.00342962520885468 -0.00768215188407898
9400 9240 -3978 0.00856009117964727 6.95392911881208e-05 0.00280052069091797 -0.00808874712562561
9400 9040 -3978 0.00867104955289626 8.29985824376345e-05 0.00215410692548752 -0.00839882493591309
9400 8840 -3978 0.00874675499355757 9.50314454436302e-05 0.00149676989984512 -0.00861738749885559
9400 8640 -3978 0.00879363249768464 0.0001079901027 0.000816215366721153 -0.00875523795127869
9400 8440 -3978 0.00879802991202244 0.0001163888244 0.000153065231293440 -0.00879592831993103
9400 8240 -3978 0.0087761417677 0.0001282825337 -0.0005294184128 -0.00875922472572327
9400 8040 -3978 0.00871666102608547 0.000137085213690996 -0.00121090949583054 -0.0086310366249
9400 7840 -3978 0.00861747755031249 0.000146015257239342 -0.00188847336149216 -0.00840664845657349
9400 7640 -3978 0.00847382730211250 0.0001536781249 -0.00254898888254166 -0.00807967951774597
9400 7440 -3978 0.00828220406193447 0.000160710854858160 -0.00319388279867172 -0.00763986795234680
9400 7240 -3978 0.00803582890538772 0.000163898072898388 -0.00385591389179230 -0.00704929089927673
9600 7240 -3978 0.0097043024331 0.000191422558277845 -0.00448383258914948 -0.00860485608482361
9600 7440 -3978 0.00990969446661720 0.000185661261796951 -0.00371636834239960 -0.0091839947319
9600 7640 -3978 0.0100606392076520 0.000176899636834860 -0.00293250107049942 -0.00962257603073120
9600 7840 -3978 0.0101744814868965 0.000167240446716547 -0.00218010088062286 -0.0099372392044
9600 8040 -3978 0.0102502081446987 0.0001566240656 -0.00140919770169258 -0.0101516697025299
9600 8240 -3978 0.0102954298605897 0.000145641263365746 -0.000641041668057442 -0.0102745669975281
9600 8440 -3978 0.0103132974829393 0.000134031115949154 0.000125321464046836 -0.0103116036891937
9600 8640 -3978 0.0103101991434164 0.000123505336254835 0.000882034670352936 -0.0102717599086762
9600 8840 -3978 0.0102832287605569 0.000109887949615717 0.0016367568674 -0.0101517298793793
9600 9040 -3978 0.0102326298379836 9.61624246090651e-05 0.00239070577383041 -0.00994896939849854
9600 9240 -3978 0.0101517161322270 8.07544021010399e-05 0.0031540874834 -0.00964804907417297
9600 9440 -3978 0.0100386008726626 6.58679175823927e-05 0.00392171207904816 -0.00924111871528626
9600 9640 -3978 0.0098706917718 4.64272313714027e-05 0.00470943112659454 -0.0086734582653
9800 9640 -3978 0.0117805049633656 5.47977294176817e-05 0.00538784042263031 -0.0104761910152435
9800 9440 -3978 0.0118536784874647 7.40714734941721e-05 0.00447256461906433 -0.0109772117099762
9800 9240 -3978 0.0118963217440186 9.00743881911039e-05 0.00359110926914215 -0.0113413404388428
9800 9040 -3978 0.0119269954185875 0.0001069184513 0.00272734098958969 -0.0116102833900452
9800 8840 -3978 0.0119447007982259 0.000121495958566666 0.00188253516054153 -0.0117947944984436
9800 8640 -3978 0.0119595961477549 0.000136498001873493 0.00102687369656563 -0.0119146735515594
9800 8440 -3978 0.0119563406970550 0.000146758938938379 0.000201937866091728 -0.0119538425769806
9800 8240 -3978 0.0119542809198225 0.0001618526802 -0.000649185364842415 -0.0119353850097656
9800 8040 -3978 0.0119364700989612 0.000173924033731222 -0.00150577463769913 -0.0118399064502716
9800 7840 -3978 0.0119027761402776 0.0001868535574 -0.00237052727317810 -0.0116628529491425
9800 7640 -3978 0.0118474049938704 0.000199085021466017 -0.00324417093753815 -0.0113928365726471
9800 7440 -3978 0.0117617068892 0.000210575915575027 -0.00413104190826416 -0.0110102056427
9800 7240 -3978 0.0116468300868418 0.000219104153335094 -0.00510302405738831 -0.0104671277618408
10000 7240 -3978 0.0138497185532 0.000250138881027698 -0.00569089152908325 -0.0126232483978271
10000 7440 -3978 0.0138462534355 0.000238731019258499 -0.00460710185432434 -0.0130556058998108
10000 7640 -3978 0.0138266288200906 0.000223743777871132 -0.00357446502017975 -0.0133547296142578
10000 7840 -3978 0.0138120959374 0.000209394343346357 -0.00261922567033768 -0.0135597967147827
10000 8040 -3978 0.0137898382144319 0.000194008824378252 -0.00166956167554855 -0.0136869331893921
10000 8240 -3978 0.0137743758378923 0.000180861677050591 -0.000745942072987556 -0.0137530003471375
10000 8440 -3978 0.0137667448006153 0.000166736664354801 0.000162105437487364 -0.0137649630661
10000 8640 -3978 0.0137727870969115 0.000153928300946951 0.00106469754099846 -0.0137307097282410
10000 8840 -3978 0.0137875951078383 0.000138513347715139 0.00197586018705368 -0.0136446802597
10000 9040 -3978 0.0138119912355425 0.000122767748266459 0.00291304735088348 -0.0135010292053223
10000 9240 -3978 0.0138470194681910 0.0001061965653 0.00387990234661102 -0.0132916853828430
10000 9440 -3978 0.0138935345280502 8.84438171535731e-05 0.00490112784194946 -0.0130011131172180
10000 9640 -3978 0.0139326259614266 6.64206520318985e-05 0.00601521513175964 -0.0125671654396
10200 9640 -3978 0.0162750320322708 7.88658110946417e-05 0.0065562106018 -0.0148957915916443
10200 9440 -3978 0.0160652908580509 9.97615453898907e-05 0.00532432535648346 -0.0151565493125916
10200 9240 -3978 0.0158985278763518 0.000117046606510878 0.00421524270725250 -0.0153291330299377
10200 9040 -3978 0.0157771508471863 0.0001347162328 0.00317531175565720 -0.0154537343139648
10200 8840 -3978 0.0156954919927975 0.000150531315058470 0.00218291208028793 -0.0155422232666
10200 8640 -3978 0.0156541824013 0.000166671436578035 0.00119571977615356 -0.0156077218017578
10200 8440 -3978 0.0156386803374579 0.000178731077015400 0.000251903686821461 -0.0156355810089111
10200 8240 -3978 0.0156668586436894 0.000196706725865602 -0.000716840443849564 -0.0156489094963
10200 8040 -3978 0.0157220036332231 0.000210391952335835 -0.00169485417938232 -0.0156287719459534
10200 7840 -3978 0.0158091566223165 0.000227237057447434 -0.00270406161642075 -0.0155745255851746
10200 7640 -3978 0.0159255921431415 0.000244523762345314 -0.00375375928211212 -0.0154749469947815
10200 7440 -3978 0.0160683023649235 0.000262269980311394 -0.00486591007804871 -0.0153119078483582
10200 7240 -3978 0.0162709894636201 0.000279761318266392 -0.00614668282222748 -0.0150630676879883
10400 7240 -3978 0.0188227871772 0.000307021466553211 -0.00643442484951019 -0.0176862664833
10400 7440 -3978 0.0184261555161448 0.000286862851262093 -0.0051007422676 -0.0177037783164978
10400 7640 -3978 0.0181202432558293 0.0002663211494 -0.00390051750373840 -0.0176933373718262
10400 7840 -3978 0.0179060604854449 0.000247489520251751 -0.00282870294475555 -0.0176794850234985
10400 8040 -3978 0.0177425838392373 0.000228320329725742 -0.00178582645368576 -0.0176510487709
10400 8240 -3978 0.0176408533363913 0.000213592340469360 -0.000781732789278030 -0.0176221072540283
10400 8440 -3978 0.0175973230309703 0.000198088824212551 0.000200853720366955 -0.0175947617149353
10400 8640 -3978 0.0176130069422824 0.000184622724235058 0.0011834914987 -0.0175727609405518
10400 8840 -3978 0.0176877452207245 0.000168182219028473 0.00217490668582916 -0.0175527156486511
10400 9040 -3978 0.0178237501877681 0.000152503529250622 0.00320792997884750 -0.0175317514305115
10400 9240 -3978 0.0180288274975248 0.0001359300653 0.00431240240859985 -0.0175050054702759
10400 9440 -3978 0.0183201654175816 0.000118547520816326 0.00550654257297516 -0.0174730539131165
10400 9640 -3978 0.0187162271130200 9.64029619693756e-05 0.00689211621665955 -0.0174007645454407
10600 9640 -3978 0.0211541706737882 0.000114358082473278 0.00698764391517639 -0.0199664391326904
10600 9440 -3978 0.0205745757426178 0.000133432559698820 0.0056082499628 -0.0197951127166748
10600 9240 -3978 0.0201518271124268 0.000148899251878262 0.00441469599056244 -0.0196617301406860
10600 9040 -3978 0.0198508090015585 0.000165624359428883 0.00331949105739593 -0.0195706017837524
10600 8840 -3978 0.0196504211603310 0.000180291418671608 0.00228471221208572 -0.0195162050590515
10600 8640 -3978 0.0195449110959985 0.000195952881 0.00126191044473648 -0.0195031467781
10600 8440 -3978 0.0195159503062709 0.000208003482341766 0.000293844977796078 -0.0195126293983459
10600 8240 -3978 0.0195743514626685 0.000225970672786236 -0.000690010468363762 -0.0195610473403931
10600 8040 -3978 0.0197152181983240 0.000241456019580364 -0.00168909972953796 -0.0196411574859619
10600 7840 -3978 0.0199506937686318 0.000260153500556946 -0.0027390926547 -0.0197596411552429
10600 7640 -3978 0.0202793918858744 0.000280545772194862 -0.00383844604396820 -0.0199108809509277
10600 7440 -3978 0.0207173764064394 0.000302582677245140 -0.00502254828357697 -0.0200970596160889
10600 7240 -3978 0.0213517284990701 0.000326877232730389 -0.00641559564113617 -0.0203624554939270
10800 7240 -3978 0.0237393702665894 0.000338595236539841 -0.00615476677322388 -0.0229270185012817
10800 7440 -3978 0.0229646413057100 0.000315336089491844 -0.00487050049972534 -0.0224386989021301
10800 7640 -3978 0.0223773518612364 0.000291918459117413 -0.00370999634647369 -0.0220655522422791
10800 7840 -3978 0.0219669849561137 0.000272649227678776 -0.00267288528251648 -0.0218020589561462
10800 8040 -3978 0.0216674656468549 0.000252980133235455 -0.00166836527538300 -0.0216014050903320
10800 8240 -3978 0.0214845477470796 0.000237218029022217 -0.000701602167487144 -0.0214717785453796
10800 8440 -3978 0.0214055684550316 0.000222572505474091 0.000246753231257200 -0.0214030199394226
10800 8640 -3978 0.0214333823378529 0.000209360204130411 0.00118824365735054 -0.0213989703330994
10800 8840 -3978 0.0215639516424231 0.000195232195138931 0.00214857459688187 -0.0214554784889221
10800 9040 -3978 0.0218045283213847 0.000181695443332195 0.00314748260259628 -0.0215755384445190
10800 9240 -3978 0.0221726917014134 0.000166747231215239 0.00421945633983612 -0.0217670963859558
10800 9440 -3978 0.0226942016267914 0.000153272866815329 0.00538869924354553 -0.0220450706329346
10800 9640 -3978 0.0234278439020856 0.000135064701676369 0.00674814756965637 -0.0224326657524109
11000 9640 -3978 0.0254625585484523 0.0001556069284 0.00626833263587952 -0.0246781933212280
11000 9440 -3978 0.0246484043455274 0.000169098734259605 0.00508093894863129 -0.0241184058036804
11000 9240 -3978 0.0240545987605243 0.000179995568245649 0.00403329927349091 -0.0237134192314148
11000 9040 -3978 0.0236274954906 0.0001929054515 0.00305588713264465 -0.0234282497100830
11000 8840 -3978 0.0233405534927801 0.000204991727739573 0.00212844877338409 -0.0232422281341553
11000 8640 -3978 0.0231826676744451 0.000218429282426834 0.0012086420753 -0.0231501988716126
11000 8440 -3978 0.0231422458185404 0.000228319779098034 0.000331569272696972 -0.0231388074913
11000 8240 -3978 0.0232277608194154 0.000245417131066322 -0.000563917763233185 -0.0232195731315613
11000 8040 -3978 0.0234353383993 0.000259941625952721 -0.00146971870183945 -0.0233874856529236
11000 7840 -3978 0.0237721541256675 0.000276941966891289 -0.00240103615522385 -0.0236489670028687
11000 7640 -3978 0.0242508435576597 0.000296518506228924 -0.00337247098445892 -0.0240144296875
11000 7440 -3978 0.0248965083941282 0.000317887580215931 -0.00440386070823669 -0.0245019323768616
11000 7240 -3978 0.0258245760046 0.000342433654129505 -0.00559474307918548 -0.0252075921783447
11200 7240 -3978 0.0275605765732663 0.000337426742970944 -0.00486212325 -0.0271266541976929
11200 7440 -3978 0.0266444189239458 0.000317556815862656 -0.00390385611915588 -0.0263560108489990
11200 7640 -3978 0.0259410860623505 0.000298105311036110 -0.00299702971553802 -0.0257656533432
11200 7840 -3978 0.0254413073122832 0.000280961530327797 -0.00216261887216568 -0.0253480039138794
11200 8040 -3978 0.0250730200714301 0.000265563212513924 -0.0013298484683 -0.0250367391967773
11200 8240 -3978 0.0248455347437961 0.000252101555764675 -0.000522271507143974 -0.0248382201538
11200 8440 -3978 0.0247483033014445 0.000238892565786839 0.000282531997799873 -0.0247455374221802
11200 8640 -3978 0.0247827889803137 0.000228299538016319 0.00108165237975121 -0.0247582571334839
11200 8840 -3978 0.0249456677795512 0.000216829191327095 0.00188873898887634 -0.0248732605323792
11200 9040 -3978 0.0252432121351376 0.000206854072988033 0.00272224758148193 -0.0250950218620300
11200 9240 -3978 0.0256905347246 0.0001962119762 0.00359630341911316 -0.0254357061042786
11200 9440 -3978 0.0263061824054234 0.0001876839776 0.0045115854988 -0.0259157404632568
11200 9640 -3978 0.0271538247525338 0.000176462109863758 0.00553540446472168 -0.0265818383789
11400 9640 -3978 0.0285355694768109 0.000194861067622900 0.00472316625404358 -0.0281415151824951
11400 9440 -3978 0.0277303971412145 0.000200998344123363 0.00394484928321838 -0.0274480203475952
11400 9240 -3978 0.0271173821929747 0.000207233023524284 0.00320598057556152 -0.0269266596298218
11400 9040 -3978 0.0266604672224349 0.000215863476097584 0.00247739195585251 -0.0265442356185913
11400 8840 -3978 0.0263460560082729 0.000223750909447670 0.00176397354507446 -0.0262854026565552
11400 8640 -3978 0.0261695337307125 0.000233271730840206 0.00104090076446533 -0.0261478503494263
11400 8440 -3978 0.0261240110898928 0.000241110219180584 0.000348177075088024 -0.0261206147918701
11400 8240 -3978 0.0262171003987743 0.000254280657231808 -0.000359306326746941 -0.0262136818771362
11400 8040 -3978 0.0264420736995736 0.000264694210946560 -0.00106395015263557 -0.026419333992
11400 7840 -3978 0.0268142457380589 0.000279477662444115 -0.00178420187473297 -0.0267529356155396
11400 7640 -3978 0.0273285574480112 0.000293916052341461 -0.00250450605106354 -0.0272123392868
11400 7440 -3978 0.0279957404937769 0.000309379093885422 -0.00323419517993927 -0.0278078247528
11400 7240 -3978 0.0288989651602306 0.000325968425512314 -0.00400585100078583 -0.0286187465209961
11600 7240 -3978 0.0299295953694581 0.000312514693439007 -0.00315880172252655 -0.0297613347702
11600 7440 -3978 0.0291352421546232 0.000300847302854061 -0.00260639942979813 -0.0290159959259
11600 7640 -3978 0.0284807146079483 0.000288094918668270 -0.00202517856454849 -0.0284071603240967
11600 7840 -3978 0.0279980823869816 0.000276255932271481 -0.00146002069878578 -0.0279588236007690
11600 8040 -3978 0.0276300137911567 0.000263672038435936 -0.000870380950689316 -0.0276146305236816
11600 8240 -3978 0.0274020860316526 0.000255354612350464 -0.000284474110662937 -0.0273998649215698
11600 8440 -3978 0.0273042488654879 0.000246332792818546 0.000302332412242889 -0.0273016484909
11600 8640 -3978 0.0273404208205433 0.000239132011413574 0.000886864051580429 -0.0273249867095947
11600 8840 -3978 0.0275062283255793 0.000231348410964012 0.00147327738475800 -0.0274660403976440
11600 9040 -3978 0.0278034144861808 0.000225451620042324 0.00206728210163117 -0.0277263685760498
11600 9240 -3978 0.0282420365381250 0.000219263722538948 0.00266691122341156 -0.0281154670257568
11600 9440 -3978 0.0288256733186514 0.000215190307319164 0.00326139405059815 -0.0286382085952759
11600 9640 -3978 0.0295853848257190 0.000210526978969574 0.0038666296997 -0.0293313929824829
11800 9640 -3978 0.0303824513348123 0.000222831202447414 0.00305932963657379 -0.0302278473358154
11800 9440 -3978 0.0297072761524794 0.000224633925795555 0.00264828838205338 -0.0295876878356934
11800 9240 -3978 0.0291622516787933 0.000226793090820312 0.00221258853769302 -0.0290772983245850
11800 9040 -3978 0.0287436885380645 0.000230993528187275 0.00176026103544235 -0.0286887833099365
11800 8840 -3978 0.0284476620369789 0.000234751716494560 0.00129835556912422 -0.0284170484008789
11800 8640 -3978 0.0282757110141533 0.000240815996944904 0.000811910750627518 -0.0282630153656
11800 8440 -3978 0.0282313335706824 0.000244735672950745 0.0003479746012 -0.0282280281524658
11800 8240 -3978 0.0283169669555 0.000253218742370605 -0.000126296744838357 -0.0283152538528442
11800 8040 -3978 0.0285307299650588 0.000260191707372665 -0.000594888177394867 -0.0285233406295776
11800 7840 -3978 0.0288752125879439 0.000268968078076839 -0.00105980343389511 -0.0288539143447876
11800 7640 -3978 0.0293381723972322 0.0002785329144 -0.00150776244831085 -0.0292990249633789
11800 7440 -3978 0.0299218184823879 0.000287560396492481 -0.00193242647266388 -0.029857046669
11800 7240 -3978 0.0306669335168520 0.000297136692762375 -0.00234186077833176 -0.0305771369552612
12000 7240 -3978 0.0311880274808360 0.000282725562930107 -0.00160247848939896 -0.0311455484313965
12000 7440 -3978 0.0305395924962885 0.000276127736151218 -0.00133674614667892 -0.0305080047836304
12000 7640 -3978 0.0299892624968893 0.000270084877669811 -0.00103342658495903 -0.0299693659439
12000 7840 -3978 0.0295628240160827 0.000263023489713669 -0.000720658130168915 -0.0295529220046997
12000 8040 -3978 0.0292347598285625 0.000255944649159908 -0.0003800458877 -0.0292314759063721
12000 8240 -3978 0.0290311285474 0.000251661865055561 -4.03711091931909e-05 -0.0290302279968262
12000 8440 -3978 0.0289434902445535 0.000246116644084454 0.000312636884987354 -0.0289405694427490
12000 8640 -3978 0.0289787584825859 0.0002425839824 0.000665349877119064 -0.0289703978195190
12000 8840 -3978 0.0291350550282420 0.000239292797982693 0.00101311876058578 -0.0291163920898437
12000 9040 -3978 0.0294087275092255 0.000236978004157543 0.0013579935081 -0.0293762345123291
12000 9240 -3978 0.0297982056979 0.000234943173766136 0.00169374166393280 -0.0297491025695801
12000 9440 -3978 0.0303029363887466 0.000234900890529156 0.00200739660549164 -0.0302345782089233
12000 9640 -3978 0.0309325166281996 0.000234481635153294 0.00230386980819702 -0.0308449606628418
12200 9640 -3978 0.0312955419684 0.000242949654638767 0.00162433608818054 -0.0312516960220337
12200 9440 -3978 0.0307286497503379 0.000240994803667068 0.00145135618853569 -0.0306934097518921
12200 9240 -3978 0.0302558327585 0.000240078457415104 0.00125514050769806 -0.0302288723831177
12200 9040 -3978 0.0298835294309898 0.000240277263760567 0.00104102538561821 -0.0298648645095825
12200 8840 -3978 0.0296128855884907 0.000240318707227707 0.000811674775719642 -0.0296004213638306
12200 8640 -3978 0.0294520099618515 0.000242160308778286 0.000568597764015198 -0.0294455935821533
12200 8440 -3978 0.0294086123665766 0.000243110803961754 0.000335901150763035 -0.0294057248229980
12200 8240 -3978 0.0294830138246318 0.000246855288922787 9.79227405935526e-05 -0.0294818177490234
12200 8040 -3978 0.0296755020090416 0.0002503389436 -0.000134596114426851 -0.0296744679031372
12200 7840 -3978 0.0299801327092112 0.000254359414577484 -0.000358373302161694 -0.0299767886734
12200 7640 -3978 0.0303875426552511 0.000259275539517403 -0.000567086674690247 -0.0303814045257568
12200 7440 -3978 0.0308854313021846 0.000263535833835602 -0.000755133689284325 -0.0308755914840698
12200 7240 -3978 0.0315024494855797 0.000267707551836967 -0.0009235132811 -0.0314865141067505
12400 7240 -3978 0.0316609471161572 0.000253737987756729 -0.000303259839177132 -0.0316584778976440
12400 7440 -3978 0.0311051629705270 0.000251069217681885 -0.000230133536815643 -0.0311035520172119
12400 7640 -3978 0.0306174608676389 0.000248221038997173 -0.000138148960918188 -0.0306153162078857
12400 7840 -3978 0.0302321465457 0.0002456385225 -4.03588167876005e-05 -0.0302309673843384
12400 8040 -3978 0.0299320758596790 0.000243641789436340 7.20068404898048e-05 -0.0299315892791748
12400 8240 -3978 0.0297429667876545 0.000241764135897160 0.000188801819354296 -0.0297413849258423
12400 8440 -3978 0.0296651455505363 0.000241202225327492 0.000310244160830975 -0.0296625288009644
12400 8640 -3978 0.0297008857692167 0.000241277785718441 0.0004308743683 -0.0296966687316895
12400 8840 -3978 0.0298477636242461 0.000241510153591633 0.000552708537817001 -0.0298417313156128
12400 9040 -3978 0.0301071986678600 0.000242673729956150 0.000674259478092194 -0.0300984336318970
12400 9240 -3978 0.0304685175351681 0.000244514660954475 0.000789588450074196 -0.0304570703887939
12400 9440 -3978 0.0309218490921899 0.000247292788624763 0.000891331475734711 -0.0309072670211792
12400 9640 -3978 0.031478674168 0.000249520927071571 0.000989503672599793 -0.0314640433044434
12600 9640 -3978 0.0315050739004808 0.000255432872891426 0.000385465365111828 -0.0315010378189
12600 9440 -3978 0.0309673094482131 0.000251031557023525 0.000373773754417896 -0.0309639938964844
12600 9240 -3978 0.0305152713495641 0.000247130237877369 0.000364208603739739 -0.0305120970153809
12600 9040 -3978 0.0301533081596 0.000243503290355206 0.000351198305428028 -0.0301508479385376
12600 8840 -3978 0.0298897470964244 0.000240843845129013 0.000338506927013397 -0.0298866364593506
12600 8640 -3978 0.0297304324867489 0.000238244522094727 0.000323029227018356 -0.0297279065475464
12600 8440 -3978 0.0296857202739602 0.000236587636470795 0.000313926642954350 -0.0296834008026123
12600 8240 -3978 0.0297541706161156 0.000235924361944199 0.000302072828829288 -0.0297518203201294
12600 8040 -3978 0.029936594208 0.000235081152975559 0.000294064960598946 -0.0299342268218994
12600 7840 -3978 0.0302241463469762 0.000235753402352333 0.0002890881403 -0.0302227346420288
12600 7640 -3978 0.0306112691120787 0.000236412157952786 0.000287064189672470 -0.0306095306472778
12600 7440 -3978 0.0310841110205162 0.000237367724895477 0.000287792645990849 -0.0310801940612793
12600 7240 -3978 0.0316577021939247 0.000239100784838200 0.000289535849869251 -0.0316552980499268
12800 7240 -3978 0.0315112213465111 0.000224161571145058 0.000876355684518814 -0.0314982352371216
12800 7440 -3978 0.0309332546312920 0.000223129206299782 0.000797474569439888 -0.0309226226959229
12800 7640 -3978 0.0304336231546549 0.000223230614364147 0.000704826931715012 -0.0304259065399170
12800 7840 -3978 0.0300429328658631 0.000224091150164604 0.000607277478218079 -0.0300364685897827
12800 8040 -3978 0.0297454053331128 0.000225524482131004 0.000503563945531845 -0.0297399029464722
12800 8240 -3978 0.0295575600854488 0.000227556652367115 0.000399653704047203 -0.0295539820175171
12800 8440 -3978 0.0294842065124998 0.000230024953186512 0.000296218145430088 -0.0294815951995850
12800 8640 -3978 0.0295226295976187 0.000233913565993309 0.000193970961272717 -0.0295211885375977
12800 8840 -3978 0.0296761743871793 0.000237893185138702 9.54619899690151e-05 -0.0296750673141480
12800 9040 -3978 0.0299433493476478 0.000242485146999359 2.38582907810996e-06 -0.0299434141235352
12800 9240 -3978 0.0303136507451400 0.000248650805950165 -8.37263482660055e-05 -0.0303126325912476
12800 9440 -3978 0.0307821814255665 0.000254098466038704 -0.000162784451991320 -0.0307792747955322
12800 9640 -3978 0.0313574832787568 0.000260741714 -0.0002229843102 -0.0313564509506226
13000 9640 -3978 0.0310482709564287 0.000265070138990879 -0.000855208238840103 -0.0310353586425781
13000 9440 -3978 0.0304472507303796 0.000257039207160473 -0.000709139342188835 -0.0304378335037232
13000 9240 -3978 0.0299558257095 0.000249843096494675 -0.000534777567267418 -0.0299500745468140
13000 9040 -3978 0.0295656744145763 0.000242105770349503 -0.000346061122775078 -0.0295628179321289
13000 8840 -3978 0.0292847659981837 0.000235503034234047 -0.000145002380251884 -0.0292833568115234
13000 8640 -3978 0.0291101411467423 0.000229361398220062 6.54103564172983e-05 -0.0291090222473145
13000 8440 -3978 0.0290615879500863 0.000223954769074917 0.000277050185859203 -0.0290594043579102
13000 8240 -3978 0.0291272293944151 0.000219055357158184 0.0004943443433 -0.0291225380249
13000 8040 -3978 0.0293133111325593 0.0002153065775 0.000710779939055443 -0.0293036623535156
13000 7840 -3978 0.0296178056238891 0.000211792639255524 0.000924484150171280 -0.0296025887069702
13000 7640 -3978 0.0300322779299276 0.000209772075355053 0.00112882125329971 -0.0300110847091675
13000 7440 -3978 0.0305476672706285 0.000208349239051342 0.00131536539387703 -0.0305175940551758
13000 7240 -3978 0.0311855099772115 0.000208073793292046 0.00148535353589058 -0.0311494215469360
13200 7240 -3978 0.0306818831943292 0.000190992746412754 0.00214268093442917 -0.0306069595260620
13200 7440 -3978 0.0299959544289991 0.000191096872121096 0.00187636941003799 -0.0299359187240601
13200 7640 -3978 0.0294260276708121 0.000193193428874016 0.00157407425379753 -0.0293836213912964
13200 7840 -3978 0.0289927502542776 0.000196915711343288 0.00126418353509903 -0.0289650336914
13200 8040 -3978 0.0286708332110916 0.000202277317434549 0.000934674094915390 -0.0286541440429687
13200 8240 -3978 0.0284732974416339 0.000208011999666691 0.000603190390825272 -0.0284666801376343
13200 8440 -3978 0.0283989807464228 0.000214813708364963 0.000269536959946155 -0.0283965641555786
13200 8640 -3978 0.0284447613318944 0.000221724705874920 -5.87440249845385e-05 -0.0284431399688721
13200 8840 -3978 0.0286146826384711 0.000229497545897961 -0.000385587059438229 -0.0286107050247192
13200 9040 -3978 0.0289063609727524 0.000238084065318108 -0.000704234905362129 -0.0288966395111
13200 9240 -3978 0.0293197785257574 0.000248300228774548 -0.00100885545778275 -0.0293000907363892
13200 9440 -3978 0.0298484912219148 0.000257940564215183 -0.00129321141171455 -0.0298211349563599
13200 9640 -3978 0.0305284545533279 0.000268846412777901 -0.00154305612254143 -0.0304892044143677
13400 9640 -3978 0.0297953130335280 0.000271423829138279 -0.00230195709371567 -0.0297036901626587
13400 9440 -3978 0.0290739197894 0.000257811548113823 -0.00192801524591446 -0.0290090159072876
13400 9240 -3978 0.0285111568200697 0.000246875213980675 -0.00152148689556122 -0.0284688958358765
13400 9040 -3978 0.0280739053190597 0.000234337878048420 -0.00109773202705383 -0.0280514568252563
13400 8840 -3978 0.0277584754719895 0.000223600989282131 -0.000662123607754707 -0.0277488336944580
13400 8640 -3978 0.0275686489863731 0.000213722232699394 -0.000214384875774383 -0.0275668967361450
13400 8440 -3978 0.0275119676751152 0.000205433262944222 0.000225000037848949 -0.0275109121475220
13400 8240 -3978 0.0275762842847953 0.000196350902318954 0.000683661101579666 -0.0275664359054565
13400 8040 -3978 0.0277710824299 0.000188788719385862 0.00113550183844566 -0.0277472163238525
13400 7840 -3978 0.0280969090053640 0.000181937667459249 0.00158563742399216 -0.0280515157852173
13400 7640 -3978 0.0285568928127444 0.000176049053877592 0.00202659415245056 -0.0284850301132202
13400 7440 -3978 0.0291539792151917 0.000172108589112759 0.00244777769756317 -0.0290495665512
13400 7240 -3978 0.0299260559005292 0.000169859739542007 0.00285546131896973 -0.0297882567749
13600 7240 -3978 0.0289176711394864 0.000146600837439299 0.00363557500648499 -0.0286874336242676
13600 7440 -3978 0.0280989949065744 0.000149628366321325 0.00308319467878342 -0.0279294820861816
13600 7640 -3978 0.0274579638013 0.000156063866764307 0.00250833330202103 -0.0273439682540894
13600 7840 -3978 0.0269877688891204 0.000163967812687159 0.00194719855308533 -0.0269171768875122
13600 8040 -3978 0.0266507916079497 0.000173266301959753 0.00137026733207703 -0.0266146998748779
13600 8240 -3978 0.0264493968717 0.0001822312653 0.000801007829070091 -0.0264366369476318
13600 8440 -3978 0.0263794404752507 0.000192626898765564 0.0002291141631 -0.0263776229782104
13600 8640 -3978 0.0264305063308346 0.000203133617430925 -0.000330575954556465 -0.0264280412902832
13600 8840 -3978 0.0266119979106816 0.000214597459852695 -0.000896905752420426 -0.0265955641326904
13600 9040 -3978 0.0269248326287699 0.000226983655393124 -0.00146336977744102 -0.0268833684844971
13600 9240 -3978 0.0273747223290574 0.000241467090010643 -0.0020268582201 -0.0272985157470703
13600 9440 -3978 0.0279703177910344 0.000255269321024418 -0.00258415358495712 -0.0278502453308106
13600 9640 -3978 0.0287683391800134 0.000272161946773529 -0.00313012874937058 -0.0285988972473145
13800 9640 -3978 0.0274654520034856 0.000271321726143360 -0.00401722717285156 -0.0271687700805664
13800 9440 -3978 0.0266685852811 0.000253329154968262 -0.00329155158996582 -0.0264629700241
13800 9240 -3978 0.0260694749862803 0.000238023841321468 -0.00258083287239075 -0.0259402589187622
13800 9040 -3978 0.0256194707843 0.000221625276625156 -0.00188444365596771 -0.0255491103096
13800 8840 -3978 0.0253008646588579 0.000207061938226223 -0.00119382116293907 -0.0252720618629456
13800 8640 -3978 0.0251041195677127 0.000193514980018139 -0.000497107203364372 -0.0250983024711609
13800 8440 -3978 0.0250465015461926 0.0001828864524 0.000167164028733969 -0.0250455641326904
13800 8240 -3978 0.0251012353161351 0.000169119881093502 0.000855392090559006 -0.0250863446083
13800 8040 -3978 0.0252889859057496 0.000159460506379604 0.00155306367397308 -0.0252407989234924
13800 7840 -3978 0.0256106470619979 0.000146244265615940 0.00225508695936203 -0.0255107514266968
13800 7640 -3978 0.0260790454693830 0.000135964284390211 0.00296647559499741 -0.0259087647171
13800 7440 -3978 0.0267109484084172 0.000127189208030701 0.00368551839923859 -0.0264557573852539
13800 7240 -3978 0.0275655352525113 0.000120539664328098 0.00444361218261719 -0.0272033146514893
14000 7240 -3978 0.0258830859179982 9.15816901177168e-05 0.0052512799673 -0.0253449640083313
14000 7440 -3978 0.0250659107449613 0.000100684756815434 0.00431359912967682 -0.0246917517929
14000 7640 -3978 0.0244520647580215 0.000112448946952820 0.00341242297554016 -0.0242114651718140
14000 7840 -3978 0.0240133941709958 0.000125617316514254 0.00258590498781204 -0.0238730117149353
14000 8040 -3978 0.0237111425777809 0.000140993283480406 0.0017622020545 -0.0236452373657227
14000 8240 -3978 0.0235336172656703 0.000152083066940308 0.000977894750356674 -0.0235126962738
14000 8440 -3978 0.0234776598179226 0.000166559016883373 0.000187048097282648 -0.0234763238525391
14000 8640 -3978 0.0235306325439586 0.000180328838735819 -0.000591168383598328 -0.0235228288536
14000 8840 -3978 0.0236998820070658 0.000195423735320568 -0.00138231699705124 -0.0236589774475
14000 9040 -3978 0.0240030551957931 0.000210813710510731 -0.00220704970359802 -0.0239000786323547
14000 9240 -3978 0.0244326407071895 0.000228519061625004 -0.00304908440923691 -0.0242401179542541
14000 9440 -3978 0.0250125239952542 0.0002456161409 -0.00393270102787018 -0.0247014686203
14000 9640 -3978 0.0258262273145798 0.000267780876517296 -0.00489621605491638 -0.0253564464988709
14200 9640 -3978 0.0238992030730128 0.000259665315210819 -0.00570174142742157 -0.0232073500595
14200 9440 -3978 0.0231809450327938 0.000237688019812107 -0.00455819779396057 -0.0227273191184998
14200 9240 -3978 0.0226590164144548 0.000219627316296101 -0.00352993554401398 -0.0223809470176697
14200 9040 -3978 0.0222718562805333 0.000199656527131796 -0.00257226243495941 -0.0221218493156433
14200 8840 -3978 0.0219980950905498 0.0001839389919 -0.0016531881442 -0.0219351726913452
14200 8640 -3978 0.0218255794919179 0.000167240662127733 -0.0007513285073 -0.0218120466728211
14200 8440 -3978 0.0217729993618588 0.000154181571573019 0.0001008094052 -0.0217723006248474
14200 8240 -3978 0.0218043879016697 0.000136594769090414 0.000990270326137543 -0.0217814258575439
14200 8040 -3978 0.0219464490338432 0.0001228808178 0.00188341176128387 -0.0218648094978333
14200 7840 -3978 0.0222026236167940 0.0001070543591 0.00280497771883011 -0.0220247773094177
14200 7640 -3978 0.0225852332747 9.06233123540878e-05 0.00376853057384491 -0.0222683458328247
14200 7440 -3978 0.0231178120658103 7.57460005432367e-05 0.00478991915702820 -0.0226160158233643
14200 7240 -3978 0.0238588476455 6.01563130766153e-05 0.00595737328815460 -0.0231023167724609
14400 7240 -3978 0.0215787012096613 3.14889564737678e-05 0.00648885013008118 -0.0205801826820374
14400 7440 -3978 0.0209889168472351 4.92283864468336e-05 0.00521231722831726 -0.0203310209770203
14400 7640 -3978 0.0205554024404132 6.79514345377684e-05 0.00405533805274963 -0.0201517341575623
14400 7840 -3978 0.0202474804180816 8.57667273432016e-05 0.00303335300636292 -0.0200187880973816
14400 8040 -3978 0.0200417262021635 0.0001040509403 0.002034481503 -0.0199381491317749
14400 8240 -3978 0.0199269049107698 0.000119582150399685 0.00107542344284058 -0.0198972619743347
14400 8440 -3978 0.0198977232071373 0.000135791621237993 0.000138081328764558 -0.0198968408546448
14400 8640 -3978 0.0199448089703631 0.000151687764167786 -0.000788191866517067 -0.0199285570335388
14400 8840 -3978 0.0200790036313107 0.000168585776716471 -0.00174388214397430 -0.0200024208717346
14400 9040 -3978 0.0203103300399152 0.000184780973523855 -0.00275214881134033 -0.0201224612045288
14400 9240 -3978 0.0206386662042947 0.000204507289886475 -0.0038144811573 -0.0202835199279785
14400 9440 -3978 0.0210809145202 0.000223094870328903 -0.00496398747634888 -0.0204873622589111
14400 9640 -3978 0.0217172009869693 0.000247821495056152 -0.00630473983192444 -0.0207802971611
14600 9640 -3978 0.0193894382357862 0.000234250446498394 -0.00665031347846985 -0.0182117756538391
14600 9440 -3978 0.0189291934148300 0.000212181772947311 -0.00528026412296295 -0.0181761356849670
14600 9240 -3978 0.0185914549644347 0.000194582543730736 -0.00407279974269867 -0.0181388174324
14600 9040 -3978 0.0183332216626589 0.000173966360956430 -0.002963035676 -0.0180914059600830
14600 8840 -3978 0.0181534687959670 0.000158296732872724 -0.00192219427871704 -0.0180508367385864
14600 8640 -3978 0.0180322467387457 0.000141127974241972 -0.000909154892921448 -0.0180087601661682
14600 8440 -3978 0.0179908255550485 0.000126878062635660 4.37067849896848e-05 -0.0179900577278137
14600 8240 -3978 0.0179936274626235 0.000107418911755085 0.00103084252476692 -0.0179637538986206
14600 8040 -3978 0.0180634997760971 9.24025907516479e-05 0.0020315300374 -0.0179486791343689
14600 7840 -3978 0.0182012808668559 7.21915231496095e-05 0.00307537359571457 -0.0179396211013794
14600 7640 -3978 0.0184161567468137 5.17825194522738e-05 0.00416966326999664 -0.0179378125801
14600 7440 -3978 0.0187203756432237 3.1735130764544e-05 0.00535018274593353 -0.0179393878250122
14600 7240 -3978 0.0191375148552248 8.22866553347558e-06 0.00673181219673157 -0.0179143682403564
14800 7240 -3978 0.0166946537419786 -9.88076011367412e-06 0.00670718201637268 -0.0152880697059631
14800 7440 -3978 0.0164454497849954 1.26673497511074e-05 0.00538997257423401 -0.0155369475631714
14800 7640 -3978 0.0162659501013309 3.48216566219926e-05 0.00418567932605743 -0.0157184372329712
14800 7840 -3978 0.0161343219576437 5.59206262007356e-05 0.00311314091253281 -0.0158313031120300
14800 8040 -3978 0.0160578814770467 7.63644971400499e-05 0.0020669341011 -0.0159241172256470
14800 8240 -3978 0.0160169355785341 9.23600994050503e-05 0.00107593334627151 -0.0159804953842163
14800 8440 -3978 0.0160234226920651 0.000109853718817234 8.65831184908748e-05 -0.0160227360687256
14800 8640 -3978 0.0160595364249 0.000124914361417294 -0.000882380815744400 -0.0160346301307678
14800 8840 -3978 0.0161401765160338 0.000141951496690512 -0.00188332815408707 -0.0160293128013611
14800 9040 -3978 0.0162720583478485 0.000157372999012470 -0.00294041073179245 -0.0160034090538
14800 9240 -3978 0.0164501602694686 0.000176425914973021 -0.0040574290018 -0.0159416132316589
14800 9440 -3978 0.0166822498652 0.000193014062345028 -0.00526447833347321 -0.0158290501518250
14800 9640 -3978 0.0170205138250695 0.000214765987753868 -0.00666973078346253 -0.0156578305053711
15000 9640 -3978 0.0147272606032884 0.000191708847314119 -0.00642466996383667 -0.0132501734428406
15000 9440 -3978 0.0145464150740672 0.000174772321045399 -0.0051569633665 -0.0136004917182922
15000 9240 -3978 0.0144177477199504 0.000160391498476267 -0.00401858708953857 -0.0138453352661133
15000 9040 -3978 0.0143150203141324 0.000143489249914885 -0.00295836269521713 -0.0140055323944
15000 8840 -3978 0.0142350940423 0.000128371434330940 -0.00193840984773636 -0.0141017932510376
15000 8640 -3978 0.0141701765181 0.000112808975189924 -0.000937684489488602 -0.0141385995254517
15000 8440 -3978 0.0141419550628368 9.89455003887415e-05 -1.3852894073716e-07 -0.0141417474899292
15000 8240 -3978 0.0141170902021851 7.99872761964798e-05 0.000979147473812103 -0.0140830172882
15000 8040 -3978 0.0141174286383411 6.54667592048645e-05 0.0019584945445 -0.013980765522
15000 7840 -3978 0.0141354991171357 4.38029165416956e-05 0.00297672428894043 -0.0138183162765503
15000 7640 -3978 0.0141815380007939 2.27047098726034e-05 0.00402867225074768 -0.0135971988563538
15000 7440 -3978 0.0142578359592795 1.45242476884778e-06 0.00514586401367188 -0.0132970183067322
15000 7240 -3978 0.0143560963352689 -2.36514839567244e-05 0.00640459902954101 -0.0128488736686707
15200 7240 -3978 0.0122026922075540 -2.91224097497761e-05 0.00592878966999054 -0.0106655661849976
15200 7440 -3978 0.0122028316917208 -8.59398631355725e-06 0.00483978505706787 -0.0112019755363464
15200 7640 -3978 0.0122184819192911 1.25084694940597e-05 0.00379783084583282 -0.0116135409107208
15200 7840 -3978 0.0122290836620906 3.23944991156459e-05 0.00284157788324356 -0.0118943006877899
15200 8040 -3978 0.0122549326758677 5.29935348704457e-05 0.00188503296089172 -0.0121086696300507
15200 8240 -3978 0.0122744660734 6.77259962558746e-05 0.000977350896596908 -0.0122355498390198
15200 8440 -3978 0.0123067814310724 8.45754825174809e-05 4.7162390800193e-05 -0.0123064004440308
15200 8640 -3978 0.0123316235184964 9.79546463042498e-05 -0.000854204143524170 -0.0123017279319763
15200 8840 -3978 0.0123642013519173 0.000112675374329090 -0.00178101744556427 -0.0122347662544250
15200 9040 -3978 0.0124047561859336 0.000126616104513407 -0.00274683885002136 -0.0120963421688
15200 9240 -3978 0.0124493149390853 0.000140991251498461 -0.00374316510772705 -0.0118732636756897
15200 9440 -3978 0.0124988113593248 0.000154068078160286 -0.00478372363948822 -0.0115461048221588
15200 9640 -3978 0.0125778283402952 0.0001699529629 -0.00594955168724060 -0.0110806139221191
15400 9640 -3978 0.0106300832096574 0.000148384479045868 -0.00536305196857452 -0.00917690323066712
15400 9440 -3978 0.0106510735184293 0.000137672121465206 -0.00441092475986481 -0.00969362509727478
15400 9240 -3978 0.0106685635664609 0.000127536000698805 -0.00349534779357910 -0.0100789327774
15400 9040 -3978 0.0106758384504538 0.0001149132266 -0.00260565766382217 -0.0103522597866
15400 8840 -3978 0.0106707622479 0.000101759176656604 -0.00172750890254974 -0.0105295073490143
15400 8640 -3978 0.0106527170902248 8.83055980652571e-05 -0.000850492507934571 -0.0106183261146545
15400 8440 -3978 0.0106370486791847 7.68592275232077e-05 -2.27735892690253e-05 -0.0106368186168671
15400 8240 -3978 0.0105958676342776 5.94961655139923e-05 0.0008436876986 -0.0105620533123
15400 8040 -3978 0.0105499430158674 4.59547892436385e-05 0.00170193367719650 -0.0104119097805
15400 7840 -3978 0.0104899805205215 2.75834388248622e-05 0.00258056300163269 -0.0101675771484375
15400 7640 -3978 0.0104265286959850 8.74007787748997e-06 0.00346116632652283 -0.00983535312271118
15400 7440 -3978 0.0103593219647609 -9.96923764795065e-06 0.00435923411464691 -0.00939781912231445
15400 7240 -3978 0.0102701814117 -3.13018064163625e-05 0.00532765926551819 -0.008779889719
15600 7240 -3978 0.00858083250135205 -2.93485089726746e-05 0.0046847009201 -0.00718974150085449
15600 7440 -3978 0.00870526701619304 -1.31153627801686e-05 0.00389937954235077 -0.00778308043098450
15600 7640 -3978 0.00881992480822338 4.54970448272979e-06 0.00310748762226105 -0.00825456343078613
15600 7840 -3978 0.0089070075514 2.09435807466507e-05 0.00234701326417923 -0.00859217681694031
15600 8040 -3978 0.00898718083936924 3.83484056517482e-05 0.00156489820957184 -0.00884923020362854
15600 8240 -3978 0.00904103357258441 5.09224224314094e-05 0.000803614733695984 -0.00900533023834229
15600 8440 -3978 0.00908230003605420 6.45735730230808e-05 2.81433592476242e-05 -0.00908202687454224
15600 8640 -3978 0.00909791434913729 7.63570451587439e-05 -0.000733305096030236 -0.00906794097518921
15600 8840 -3978 0.00909783648688247 8.83737229257822e-05 -0.00151088636922836 -0.00897107649803162
15600 9040 -3978 0.00908206592774184 9.96825508326292e-05 -0.00230584742975235 -0.00878445571517944
15600 9240 -3978 0.00904336003043894 0.000109701610356569 -0.00309279626131058 -0.0084975985527
15600 9440 -3978 0.00898370233609275 0.000118808171689510 -0.00388641328334808 -0.00809867792129516
15600 9640 -3978 0.00891002654418763 0.000128355723381042 -0.00471173903274536 -0.00756096378135681
15800 9640 -3978 0.00741514840898771 0.000109880473494530 -0.00406729497814178 -0.00619924152946472
15800 9440 -3978 0.00753219272249506 0.000103707774698734 -0.00341979535388947 -0.00670971435928345
15800 9240 -3978 0.00762475692629169 9.76597082018852e-05 -0.00276185051679611 -0.00710626218032837
15800 9040 -3978 0.00768970312099442 8.76185171604156e-05 -0.00209114324331284 -0.0073993903141
15800 8840 -3978 0.00772653592522975 7.88319212049246e-05 -0.00140150922393799 -0.00759784914398194
15800 8640 -3978 0.00773494799299920 6.84474990814924e-05 -0.000701264412999153 -0.00770281151771546
15800 8440 -3978 0.00772919648359113 5.91594019383192e-05 -3.3823917105794e-05 -0.00772873823738098
15800 8240 -3978 0.00768309111319869 4.52135235443711e-05 0.000670709536433220 -0.00765392651176453
15800 8040 -3978 0.00761702659929206 3.44031731262803e-05 0.00136208746004105 -0.00749428804016113
15800 7840 -3978 0.00752695675243775 1.93175394255668e-05 0.00204607229709625 -0.00724350004768372
15800 7640 -3978 0.00741635091273656 3.94634309060439e-06 0.00271681706476212 -0.00690082640266419
15800 7440 -3978 0.00728858315584723 -1.07536011924967e-05 0.00337187630653382 -0.00646213111495972
15800 7240 -3978 0.00712859715447791 -2.60198410749435e-05 0.00403115937137604 -0.00587840921878815
16000 7240 -3978 0.00589678096075375 -2.10797335244715e-05 0.00342404362487793 -0.00480148973751068
16000 7440 -3978 0.00605609185415356 -9.30568499301444e-06 0.00290786321067810 -0.00531229644298553
16000 7640 -3978 0.00620146377362572 3.40356430029351e-06 0.00235202382183075 -0.005738129076
16000 7840 -3978 0.00631171962773620 1.61665843296796e-05 0.00179589127111435 -0.00605059446907044
16000 8040 -3978 0.00640806063988199 3.03912743255496e-05 0.00120419159936905 -0.00629356060218811
16000 8240 -3978 0.00647018906785764 3.95010145902634e-05 0.000618055886864662 -0.00644085623168945
16000 8440 -3978 0.00651199064091445 5.01690176725388e-05 1.17163146783132e-05 -0.00651178684425354
16000 8640 -3978 0.00652070661277647 5.89287242442369e-05 -0.000581113281011581 -0.00649457692527771
16000 8840 -3978 0.00650414322553517 6.8137011423707e-05 -0.00117881809568405 -0.00639609160995484
16000 9040 -3978 0.00646023565683778 7.57751246094704e-05 -0.00177759769582748 -0.00621031936073303
16000 9240 -3978 0.00638612807318326 8.37078863978386e-05 -0.00235442474317551 -0.00593486165237427
16000 9440 -3978 0.00628015814548714 8.87787730693817e-05 -0.00290511345338821 -0.00556711958599091
16000 9640 -3978 0.00614481001412057 9.44896856993437e-05 -0.00345090902042389 -0.00508308778476715
16200 9640 -3978 0.00507532103065931 8.0544559314847e-05 -0.00289208452939987 -0.00416987756156921
16200 9440 -3978 0.00522050462582011 7.71314306557178e-05 -0.00248300253105164 -0.00459164199066162
16200 9240 -3978 0.00533466301211187 7.39289987683296e-05 -0.0020370375843 -0.00492997836208344
16200 9040 -3978 0.0054176460356 6.69436062276363e-05 -0.00156168341708183 -0.00518712356948853
16200 8840 -3978 0.00546953978997672 6.11291980445385e-05 -0.00106127372741699 -0.00536524247455597
16200 8640 -3978 0.00548932222441654 5.33469626829028e-05 -0.000535208082675934 -0.00546278574657440
16200 8440 -3978 0.00548786158555386 4.65772265195847e-05 -3.19618110284209e-05 -0.00548750679779053
16200 8240 -3978 0.00544794432881650 3.63957372680306e-05 0.000496719204664230 -0.00542504462909699
16200 8040 -3978 0.00538328848781712 2.77154766656458e-05 0.00101508120656014 -0.00528654462528229
16200 7840 -3978 0.00528999673839967 1.63587644640356e-05 0.001517741333 -0.00506790729141235
16200 7640 -3978 0.00517520522908067 5.43572265963303e-06 0.00199474157476425 -0.00477618047809601
16200 7440 -3978 0.00504054583021646 -5.15424963843543e-06 0.00244147454357147 -0.00440979339122772
16200 7240 -3978 0.00486950956131554 -1.57734431363642e-05 0.00286501457071304 -0.00393720354652405
16400 7240 -3978 0.00402112414692748 -9.49847764056176e-06 0.00237847473478317 -0.00324269304752350
16400 7440 -3978 0.00417344262398675 -2.03290086588822e-06 0.00205433506774902 -0.00363181335639954
16400 7640 -3978 0.00430910020671456 6.86302715010243e-06 0.00168502641582489 -0.00396589756298065
16400 7840 -3978 0.00441289807898540 1.63781416751444e-05 0.0012971943891 -0.0042179008913
16400 8040 -3978 0.00450109490115953 2.57151413448155e-05 0.000874632439851761 -0.00441551034832001
16400 8240 -3978 0.00455793018503786 3.30510854199529e-05 0.000447979478240013 -0.00453573698043823
16400 8440 -3978 0.00459463729845651 4.13045483529568e-05 -1.48705712053922e-08 -0.0045946079359
16400 8640 -3978 0.00459813038041589 4.7373204305768e-05 -0.000432959012389183 -0.00457745094585419
16400 8840 -3978 0.00457589266508743 5.38798093274236e-05 -0.000866634002685547 -0.00449263233852386
16400 9040 -3978 0.00452605184051087 5.93552089184523e-05 -0.00129397388148308 -0.00433650653934479
16400 9240 -3978 0.00444680150442818 6.38980466127396e-05 -0.00169320607376099 -0.004111184412
16400 9440 -3978 0.00433549093705401 6.74728058874607e-05 -0.00205771447563171 -0.00381610250282288
16400 9640 -3978 0.00419353272546175 6.97172160148621e-05 -0.00239511158514023 -0.0034405869131
16600 9640 -3978 0.00346568467721324 6.09862691164017e-05 -0.00197235110712051 -0.00284904932689667
16600 9440 -3978 0.00359946933967255 5.9351618245244e-05 -0.00171845026969910 -0.003162179183
16600 9240 -3978 0.0037050548408 5.71672475636005e-05 -0.00143188389396667 -0.00341672959423065
16600 9040 -3978 0.00378238889386821 5.32370280623436e-05 -0.00111139291906357 -0.0036149896202
16600 8840 -3978 0.00383334228389910 4.90639361292124e-05 -0.000760743545532227 -0.00375684226989746
16600 8640 -3978 0.00385523034546231 4.39285376146436e-05 -0.000388617718040943 -0.00383542203903198
16600 8440 -3978 0.00385672013257006 3.93272507488728e-05 -2.84754923172295e-05 -0.00385648986244202
16600 8240 -3978 0.0038247903602 3.16674541309476e-05 0.000353504522323608 -0.00380828741359711
16600 8040 -3978 0.00377068673029054 2.51902142763138e-05 0.000720854915857315 -0.0037010555334
16600 7840 -3978 0.0036913059511 1.75419586580247e-05 0.00107349248409271 -0.00353192034816742
16600 7640 -3978 0.00359238083748215 9.76460572471842e-06 0.00139926531171799 -0.00330845339107513
16600 7440 -3978 0.00347462797108432 2.66807218218309e-06 0.00169392872238159 -0.00303440749406815
16600 7240 -3978 0.00332894059118495 -3.85000274266349e-06 0.0019554995799 -0.00269382644557953
16800 7240 -3978 0.00276320557282684 1.33594126865682e-06 0.00160478434109688 -0.00224943781232834
16800 7440 -3978 0.00288703545819824 5.69799893528398e-06 0.00140342699098587 -0.00252284820938110
16800 7640 -3978 0.00299608931051009 1.18082733796909e-05 0.00116287785744667 -0.00276154247903824
16800 7840 -3978 0.00308030024322635 1.71935750320554e-05 0.000902890577077866 -0.00294507621765137
16800 8040 -3978 0.0031509327854 2.43191278167069e-05 0.000611814563870430 -0.00309058336114883
16800 8240 -3978 0.00319733547944394 2.96079350076616e-05 0.000312650725543499 -0.00318187477159500
16800 8440 -3978 0.00322446697588071 3.52126419991255e-05 -1.46838099376328e-06 -0.00322437542152405
16800 8640 -3978 0.00322562762105776 3.96561172679067e-05 -0.000307362477779388 -0.00321073911857605
16800 8840 -3978 0.00320519224243386 4.36331920921802e-05 -0.000610142169833183 -0.00314608922147751
16800 9040 -3978 0.00316077887255657 4.73324693739414e-05 -0.000905236267328262 -0.00302808448219299
16800 9240 -3978 0.0030916788941 5.03872058689594e-05 -0.00117198194766045 -0.00286064245653153
16800 9440 -3978 0.00299768482948310 5.18990114852786e-05 -0.00140741007828712 -0.00264616349363327
16800 9640 -3978 0.00287643825118360 5.37314315140247e-05 -0.00161492969465256 -0.00237954182577133
17000 9640 -3978 0.00239572159952217 4.84521202817559e-05 -0.0013211251769 -0.00199781439352036
17000 9440 -3978 0.00250089018166742 4.73777076900005e-05 -0.00116545661735535 -0.00221218670368195
17000 9240 -3978 0.00258513047812357 4.61410804018378e-05 -0.000978991882085800 -0.00239214244651794
17000 9040 -3978 0.00264814429619278 4.3766228467226e-05 -0.000765930115222931 -0.00253449950504303
17000 8840 -3978 0.00269045759457665 4.06957976594567e-05 -0.000528372277855873 -0.00263772433376312
17000 8640 -3978 0.00270892606795637 3.77800253257155e-05 -0.000272110436975956 -0.00269522538948059
17000 8440 -3978 0.0027115306666 3.4533282391727e-05 -2.18725743908435e-05 -0.00271115741443634
17000 8240 -3978 0.00268803999255236 2.92400919161737e-05 0.000243244701445103 -0.00267685188865662
17000 8040 -3978 0.00264689787297738 2.47490087077022e-05 0.000496729697227478 -0.00259991924524307
17000 7840 -3978 0.00258561635063595 1.9689759876579e-05 0.000737704337120056 -0.00247821724987030
17000 7640 -3978 0.00250967925118184 1.43568536844105e-05 0.000955480768442154 -0.00232062097263336
17000 7440 -3978 0.00241855641142485 1.03972362326458e-05 0.00114756443023682 -0.00212920527172089
17000 7240 -3978 0.00230510553097294 5.93661959454767e-06 0.00131174009585381 -0.00189460439538956
17200 7240 -3978 0.00193356221386404 9.88444590382278e-06 0.00107465495705605 -0.00160738354349136
17200 7440 -3978 0.00202687520646818 1.29099698541686e-05 0.0009455295329 -0.0017927511816
17200 7640 -3978 0.0021081505219 1.67314939275384e-05 0.000788067989468574 -0.0019551191287
17200 7840 -3978 0.00217088519622555 2.01886522639543e-05 0.000614264971733093 -0.00208174650096893
17200 8040 -3978 0.00222223085961988 2.51793188676238e-05 0.000418867218375206 -0.00218233223915100
17200 8240 -3978 0.00225675846009543 2.87233888059855e-05 0.000213715536534786 -0.00224643259048462
17200 8440 -3978 0.00227684847606435 3.2302737519145e-05 -3.16638991246873e-06 -0.00227661580705643
17200 8640 -3978 0.00227693910327063 3.52888440787792e-05 -0.000213109297573566 -0.00226685413122177
17200 8840 -3978 0.00225947446953028 3.81708096191287e-05 -0.000419725435972214 -0.00222004859113693
17200 9040 -3978 0.00222495583243089 4.05150639265776e-05 -0.000618551322817803 -0.0021368876214
17200 9240 -3978 0.00217136229237452 4.24692877009511e-05 -0.0007954130479 -0.00201998233842850
17200 9440 -3978 0.00209931901011456 4.37218522578478e-05 -0.000949257355928421 -0.00187173305463791
17200 9640 -3978 0.00200838341099473 4.43692376613617e-05 -0.00107956592512131 -0.00169291825199127
17400 9640 -3978 0.00169127452214309 4.16484687551856e-05 -0.000884495043992996 -0.00144094728684425
17400 9440 -3978 0.00176780592201480 4.10171719193459e-05 -0.000784492356657982 -0.00158375726604462
17400 9240 -3978 0.00182972782908733 4.03485989645123e-05 -0.000663032859325409 -0.00170472168779373
17400 9040 -3978 0.00187637595626855 3.84015645086765e-05 -0.000521140853285789 -0.00180214435052872
17400 8840 -3978 0.00190812080629851 3.69836116954684e-05 -0.000360397775888443 -0.00187337187337875
17400 8640 -3978 0.00192368376803016 3.43364690989256e-05 -0.000187229035556316 -0.00191422543287277
17400 8440 -3978 0.00192603818232357 3.2136046230793e-05 -1.61567213796079e-05 -0.00192556881237030
17400 8240 -3978 0.00190941574569255 2.88149657286704e-05 0.000164983128696680 -0.00190235647726059
17400 8040 -3978 0.00187944414638672 2.62838538996875e-05 0.000337887055695057 -0.00184872584056854
17400 7840 -3978 0.00183515136633600 2.25830582641065e-05 0.000500876382231712 -0.00176533095836639
17400 7640 -3978 0.00177969459731574 1.92928915694356e-05 0.0006463912096 -0.00165809651756287
17400 7440 -3978 0.00171381312014126 1.6248171120882e-05 0.000772854154944420 -0.00152962558197975
17400 7240 -3978 0.00163288440938523 1.3700996581465e-05 0.000879121625661850 -0.00137602952647209
17600 7240 -3978 0.00138626391742960 1.7010151501745e-05 0.000722538176417351 -0.00118311695528030
17600 7440 -3978 0.00145114103466023 1.82931145317853e-05 0.000637650349617004 -0.00130341002607346
17600 7640 -3978 0.00150890801888865 2.10922373570502e-05 0.000532893320798874 -0.00141139235019684
17600 7840 -3978 0.00155354710777232 2.36722866296768e-05 0.000416357527732849 -0.00149640623641014
17600 8040 -3978 0.00159107808832017 2.69418416060507e-05 0.000283608811497688 -0.00156530876088142
17600 8240 -3978 0.00161538489587319 2.89251124598086e-05 0.000144348088443279 -0.00160857772111893
17600 8440 -3978 0.00162895640817019 3.14338424690068e-05 -2.37796162933228e-06 -0.00162858289527893
17600 8640 -3978 0.00162842220111034 3.33394957706332e-05 -0.000145145379453897 -0.0016216490612
17600 8840 -3978 0.00161583975679203 3.52318813875317e-05 -0.0002856221193 -0.00158995512509346
17600 9040 -3978 0.00158994703564501 3.68230238333345e-05 -0.000419588798761368 -0.00153317072248459
17600 9240 -3978 0.00155090992342208 3.81043358072639e-05 -0.000538649527430534 -0.0014542261722
17600 9440 -3978 0.00149977434004814 3.83580479249358e-05 -0.000640138569831848 -0.00135553996253014
17600 9640 -3978 0.0014349061335 3.93126750290394e-05 -0.000726329987287522 -0.00123687302303314
17800 9640 -3978 0.00122421202894173 3.78385103791952e-05 -0.000598880558848381 -0.0010672527914
17800 9440 -3978 0.00127738125314203 3.75038228109479e-05 -0.000531357732295990 -0.00116097508311272
17800 9240 -3978 0.00132078345748828 3.7102629236877e-05 -0.000449089963555336 -0.00124160097098351
17800 9040 -3978 0.0013540489987 3.62003582343459e-05 -0.000353686170876026 -0.00130668618726730
17800 8840 -3978 0.00137685492401326 3.51297395452857e-05 -0.000245076220393181 -0.00135439355278015
17800 8640 -3978 0.00138840694159909 3.32208404764533e-05 -0.000127497841030359 -0.00138214127779007
17800 8440 -3978 0.00139014723837363 3.1773889541626e-05 -1.16316472841427e-05 -0.00138976790046692
17800 8240 -3978 0.00137918108537896 2.95886942781508e-05 0.000111407270997763 -0.00137451110363007
17800 8040 -3978 0.001358075392 2.79479257464409e-05 0.000229091194331646 -0.00133826197767258
17800 7840 -3978 0.00132714077828375 2.53474994786084e-05 0.000339078104376793 -0.00128269191193581
17800 7640 -3978 0.00128841416754674 2.31918079257011e-05 0.000437729787230492 -0.0012116233983
17800 7440 -3978 0.0012423928009 2.12669026367366e-05 0.000522727756261826 -0.00112687323307991
17800 7240 -3978 0.00118539468982027 1.9825799819082e-05 0.000594681757688522 -0.00102530001783371
18000 7240 -3978 0.00101944963864799 2.24539684392512e-05 0.000492239027738571 -0.0008923506031
18000 7440 -3978 0.00106536131505870 2.33582956902683e-05 0.000433881126642227 -0.000972395346164703
18000 7640 -3978 0.00110489661099937 2.50147914774716e-05 0.000362343969225883 -0.00104350487542152
18000 7840 -3978 0.00113589689815591 2.71113720163703e-05 0.000283356152713299 -0.00109965268492699
18000 8040 -3978 0.00116256878711706 2.85584040619433e-05 0.000192752027 -0.00114596948957443
18000 8240 -3978 0.00117897702774002 3.00087540112436e-05 9.79503459334374e-05 -0.00117459045195580
18000 8440 -3978 0.00118858089561579 3.16029809117317e-05 -1.92342181461208e-06 -0.00118807183361054
18000 8640 -3978 0.00118756949341958 3.2907292842865e-05 -9.94377848953009e-05 -0.00118284596037865
18000 8840 -3978 0.00117856266416072 3.37545672282577e-05 -0.000195090653061867 -0.00116197727727890
18000 9040 -3978 0.00115959957593427 3.57875744476914e-05 -0.000285910176932812 -0.00112326359581947
18000 9240 -3978 0.00113283490374229 3.6067190438509e-05 -0.000366471549928188 -0.00107129625463486
18000 9440 -3978 0.00109663724653878 3.68112987428904e-05 -0.000436223994255066 -0.00100543470001221
18000 9640 -3978 0.00105228337182129 3.67331712245941e-05 -0.000495103130817413 -0.000927632077455520
18200 9640 -3978 0.000908044866829690 3.67844445258379e-05 -0.000410945475697517 -0.000809014415025711
18200 9440 -3978 0.000945008727857804 3.63061698749662e-05 -0.000363804213821888 -0.000871418298959732
18200 9240 -3978 0.000975073451413071 3.60231560915709e-05 -0.000307175452649593 -0.000924543220281601
18200 9040 -3978 0.000998535344037973 3.51777039840817e-05 -0.000242345120251179 -0.0009681223247
18200 8840 -3978 0.00101401807492344 3.49038648605347e-05 -0.000167356067061424 -0.000999560341119766
18200 8640 -3978 0.00102277544739886 3.32964000850916e-05 -8.72672773748636e-05 -0.00101836257147789
18200 8440 -3978 0.00102399022203162 3.28033611625433e-05 -7.95617307838984e-06 -0.0010234337368
18200 8240 -3978 0.00101674901608001 3.13908009678125e-05 7.60071722567081e-05 -0.00101341802287102
18200 8040 -3978 0.00100186615222974 3.01225254684687e-05 0.000156531390935183 -0.000989072700023651
18200 7840 -3978 0.000980752404848771 2.82856035158038e-05 0.000231866636335850 -0.000952523322343826
18200 7640 -3978 0.000953633462790848 2.73294260948896e-05 0.000299170048534870 -0.000905206149339676
18200 7440 -3978 0.000921509437294708 2.59329922497272e-05 0.000357579379379749 -0.000848693635463715
18200 7240 -3978 0.000882447906635938 2.50231001637876e-05 0.000407531992673874 -0.000782308013081551
18400 7240 -3978 0.000768389530028803 2.70594600364566e-05 0.000339877694845200 -0.000688625240683556
18400 7440 -3978 0.000800014082698950 2.80643459185958e-05 0.000298886605560780 -0.000741460968971253
18400 7640 -3978 0.000827430414813298 2.911088289693e-05 0.000249378716111183 -0.000788442128658295
18400 7840 -3978 0.000849471263049652 2.97402143888175e-05 0.000194272738248110 -0.000826487422943115
18400 8040 -3978 0.000866873090247433 3.13738353401423e-05 0.000132308314532042 -0.000856142013311386
18400 8240 -3978 0.000878592452459840 3.1944540925324e-05 6.7078686490655e-05 -0.000875448560714722
18400 8440 -3978 0.000885015333924070 3.29420572631061e-05 -1.40798686370908e-06 -0.0008843854537
18400 8640 -3978 0.0008843470589 3.37904992029071e-05 -6.82128320932388e-05 -0.000881105245351791
18400 8840 -3978 0.000877639975119081 3.46203370913863e-05 -0.000134007267713547 -0.0008666576085
18400 9040 -3978 0.000864382182447220 3.54630115479231e-05 -0.000196789517998695 -0.000840935679912567
18400 9240 -3978 0.000845850856452473 3.57108663618565e-05 -0.000252453970968723 -0.000806493768095970
18400 9440 -3978 0.000820672172781566 3.64285358637571e-05 -0.000300675112485886 -0.000762658401131630
18400 9640 -3978 0.0007902053217 3.65713358074427e-05 -0.000342991798520088 -0.000710962162733078
18600 9640 -3978 0.000690842175492462 3.7126171015203e-05 -0.000287396581530571 -0.000627126593112945
18600 9440 -3978 0.000715848585612320 3.6546388424933e-05 -0.000253399273931980 -0.000668500087499618
18600 9240 -3978 0.0007368684248 3.65063610076904e-05 -0.000213214195966721 -0.0007043108412
18600 9040 -3978 0.000752679826350364 3.60052984431386e-05 -0.000167224679082632 -0.000732932235717773
18600 8840 -3978 0.000764153898117216 3.52990334406495e-05 -0.000115635015457869 -0.000754357963681221
18600 8640 -3978 0.000770034766259645 3.46743666008115e-05 -6.02124420553446e-05 -0.000766884167671204
18600 8440 -3978 0.000771429804041627 3.42530641630292e-05 -5.6805707559106e-06 -0.000770633677244186
18600 8240 -3978 0.0007664887131 3.30190746001899e-05 5.26844506338239e-05 -0.000763884911179543
18600 8040 -3978 0.000756261216034146 3.24651505500078e-05 0.000108189439088106 -0.000747778099536896
18600 7840 -3978 0.000741835114723209 3.14973237663507e-05 0.000160277032375336 -0.000723488765597344
18600 7640 -3978 0.000723177168046354 3.04102104716003e-05 0.0002072036038 -0.000692170897245407
18600 7440 -3978 0.000700591307824841 2.99182061254978e-05 0.000248611820161343 -0.000654475534081459
18600 7240 -3978 0.000673189341993664 2.91948341317475e-05 0.000283976964771748 -0.000609777678251267
18800 7240 -3978 0.000593200227126416 3.16396912038326e-05 0.000238855642199516 -0.000542074317932129
18800 7440 -3978 0.0006150506117 3.20765488743782e-05 0.000209664761424065 -0.0005773205676
18800 7640 -3978 0.0006344090407 3.27169441580772e-05 0.000174227619051933 -0.000609174018859863
18800 7840 -3978 0.0006495577414 3.27390008494258e-05 0.000136044194161892 -0.000634267152070999
18800 8040 -3978 0.000661475698281631 3.39001563489437e-05 9.25395142436028e-05 -0.000654071680784226
18800 8240 -3978 0.0006696449899 3.44266713634133e-05 4.69792864471674e-05 -0.000667068552732468
18800 8440 -3978 0.000674056273350456 3.47992914840579e-05 -1.18000524012587e-06 -0.000673156353712082
18800 8640 -3978 0.000673545398633253 3.52798740416765e-05 -4.73744278624654e-05 -0.000670903517484665
18800 8840 -3978 0.000668421777413602 3.5807623796165e-05 -9.29010002762079e-05 -0.000661012717843056
18800 9040 -3978 0.000659526130814983 3.62831374853849e-05 -0.000137122458219528 -0.000643928265929222
18800 9240 -3978 0.000646018483367578 3.69516882151365e-05 -0.000176455274730921 -0.000620303716778755
18800 9440 -3978 0.000628961263021447 3.68718554228544e-05 -0.000211174772799015 -0.000591220605015755
18800 9640 -3978 0.000607137007723116 3.81307766065002e-05 -0.000241704261362553 -0.000555813603997230
19000 9640 -3978 0.000536538840858710 3.83931065797806e-05 -0.000204047827929258 -0.0004947964462
19000 9440 -3978 0.000554369237087610 3.79415729269386e-05 -0.000178994291424751 -0.000523230063915253
19000 9240 -3978 0.000568901378475040 3.79907634407282e-05 -0.000149902598679066 -0.000547266794085503
19000 9040 -3978 0.000580548734490179 3.70828776881099e-05 -0.000117742587894201 -0.000567272753
19000 8840 -3978 0.0005883205538 3.69926903694868e-05 -8.12500855326653e-05 -0.0005813864026
19000 8640 -3978 0.000592242839789783 3.68553781360388e-05 -4.18553593605757e-05 -0.000589743757486343
19000 8440 -3978 0.000593831685826465 3.62865796163678e-05 -3.34651052107802e-06 -0.000592705723285675
19000 8240 -3978 0.000590265664588754 3.56141067221761e-05 3.71289727166295e-05 -0.000587823069810867
19000 8040 -3978 0.000583587049830541 3.50447223633528e-05 7.61824117898941e-05 -0.000577422720432281
19000 7840 -3978 0.000573821239663909 3.42408059760928e-05 0.000112694267481566 -0.000561603404879570
19000 7640 -3978 0.000560389253375804 3.40735193118453e-05 0.000146109623223543 -0.000539915072083473
19000 7440 -3978 0.000544807377050592 3.38318326920271e-05 0.000175568071663380 -0.000514567623019218
19000 7240 -3978 0.000525648029466923 3.33558524474502e-05 0.000201442982733250 -0.000484472661495209
