# amount of points in x direction: 66 (distance of 200 steps)
# amount of points in y direction: 11 (distance of 200 steps)
# abs. coordinates of point 1: P1 (, , ) (offsets not corrected)
# Offsets of the hall probe have already been corrected for all following coordinates.
#
# X (absolute in steps=10um) Y (absolute in steps=10um) Z (absolute in steps=10um) Babs(in T) Bx By Bz
6000 7440 -2178 5.53631247531646e-05 5.29994033500552e-05 1.6885070435892e-06 1.60584037564695e-05
6000 7640 -2178 5.52726531512873e-05 5.28185540139675e-05 1.23117471135174e-06 1.62742196395993e-05
6000 7840 -2178 5.5130961199624e-05 5.26310376897454e-05 9.44041106897203e-07 1.62006189860404e-05
6000 8040 -2178 5.49725965349387e-05 5.23142835497856e-05 4.37411957209406e-07 1.6184554528445e-05
6000 8240 -2178 5.45423870336862e-05 5.20933208093047e-05 -8.55180529651989e-09 1.61280792690813e-05
6000 8440 -2178 5.43197149529132e-05 5.18407704010606e-05 -4.95911155205249e-07 1.6235426902771e-05
6000 8640 -2178 5.41953024242257e-05 5.17750621587038e-05 -9.60376116652697e-07 1.60377559363842e-05
6000 8840 -2178 5.40432542676271e-05 5.1716948799789e-05 -1.12491659437546e-06 1.55001636371017e-05
6000 9040 -2178 5.36674796929647e-05 5.13741859644651e-05 -1.7656590498791e-06 1.55992798991501e-05
6000 9240 -2178 5.34993286843739e-05 5.12513195797801e-05 -2.05765810539197e-06 1.52626093458384e-05
6000 9440 -2178 5.31753820737075e-05 5.10394729226828e-05 -2.33330661979562e-06 1.47704566139728e-05
6200 9440 -2178 5.24199201870915e-05 4.94113651588559e-05 -3.01825800092638e-06 1.74237816184759e-05
6200 9240 -2178 5.28326836815298e-05 4.98077980577946e-05 -2.43320477904854e-06 1.73943368531764e-05
6200 9040 -2178 5.31629752002752e-05 5.00514912381768e-05 -2.05090707794625e-06 1.77943864800036e-05
6200 8840 -2178 5.32304265329627e-05 5.00890852287412e-05 -1.53288626885842e-06 1.79502676725388e-05
6200 8640 -2178 5.32807705029114e-05 5.00304665565491e-05 -1.14687686426987e-06 1.82887286320329e-05
6200 8440 -2178 5.3798295471004e-05 5.04999667853117e-05 -6.75491498293923e-07 1.84477484673262e-05
6200 8240 -2178 5.39056192990754e-05 5.06180424839258e-05 -2.24751959051901e-07 1.84309911429882e-05
6200 8040 -2178 5.42508670595832e-05 5.08653385192156e-05 4.43547284277884e-07 1.88122604414821e-05
6200 7840 -2178 5.43200595479332e-05 5.10333760529757e-05 7.31129731362671e-07 1.88384170606732e-05
6200 7640 -2178 5.46089906196822e-05 5.1280912309885e-05 1.28774992165563e-06 1.87283632308245e-05
6200 7440 -2178 5.48636210722173e-05 5.15537799149752e-05 1.80741259251772e-06 1.86058636456728e-05
6400 7440 -2178 5.42487339354872e-05 4.99286152124405e-05 1.89347049222442e-06 2.1221197526902e-05
6400 7640 -2178 5.41641449239969e-05 4.97206044271589e-05 1.4815275630308e-06 2.12498106136918e-05
6400 7840 -2178 5.39647917275449e-05 4.95132398679853e-05 6.68278189744342e-07 2.14880237877369e-05
6400 8040 -2178 5.36380995466437e-05 4.91565917730331e-05 3.13599453063034e-07 2.13091576471925e-05
6400 8240 -2178 5.31233260084739e-05 4.86867348998785e-05 -1.17547431106686e-07 2.12526655644178e-05
6400 8440 -2178 5.29879362867505e-05 4.86143482103944e-05 -6.99010464018102e-07 2.11475774794817e-05
6400 8640 -2178 5.3092464103352e-05 4.87701022922993e-05 -1.41528964268764e-06 2.08878011330962e-05
6400 8840 -2178 5.28370399484253e-05 4.85805543288589e-05 -1.85137352845322e-06 2.07095247507095e-05
6400 9040 -2178 5.2357243485774e-05 4.81131528839469e-05 -2.31548921763351e-06 2.04509844407439e-05
6400 9240 -2178 5.21313813378606e-05 4.80361906588077e-05 -2.79188707340654e-06 2.01397403664887e-05
6400 9440 -2178 5.18630149599039e-05 4.78561959266663e-05 -3.62892552436097e-06 1.97072229012847e-05
6600 9440 -2178 5.15878701493324e-05 4.63287068232894e-05 -3.91610095356009e-06 2.22890938743949e-05
6600 9240 -2178 5.16486237686523e-05 4.6318469516933e-05 -3.26233326768852e-06 2.25793655663729e-05
6600 9040 -2178 5.19346695199235e-05 4.64697588458657e-05 -2.79424864813336e-06 2.29241047352552e-05
6600 8840 -2178 5.21015344724212e-05 4.65654193013907e-05 -2.31064193495968e-06 2.32570968419313e-05
6600 8640 -2178 5.23739394267057e-05 4.67297047302127e-05 -1.31481844493169e-06 2.35885628014803e-05
6600 8440 -2178 5.23616337994409e-05 4.67026283368468e-05 -1.11943688247811e-06 2.37094217166305e-05
6600 8240 -2178 5.29884604538931e-05 4.71272185966373e-05 -5.46624323884316e-07 2.41404850743711e-05
6600 8040 -2178 5.32274127378206e-05 4.74278048947454e-05 8.86425580483774e-09 2.40099201835692e-05
6600 7840 -2178 5.3168809847267e-05 4.73884827941656e-05 6.94713346609205e-07 2.41243165060878e-05
6600 7640 -2178 5.35908852776361e-05 4.786735329777e-05 1.326621990489e-06 2.40611626319587e-05
6600 7440 -2178 5.39334929338913e-05 4.8200005300343e-05 1.92272613056412e-06 2.42378310747445e-05
6800 7440 -2178 5.35889311142228e-05 4.61560083851218e-05 2.23557633680321e-06 2.71646015271544e-05
6800 7640 -2178 5.31744453726204e-05 4.57656613439322e-05 1.40471174597769e-06 2.70779210813344e-05
6800 7840 -2178 5.3047303881196e-05 4.56169242113829e-05 7.51333296798293e-07 2.72075125277042e-05
6800 8040 -2178 5.266762087375e-05 4.52565030753613e-05 -4.05372225723113e-08 2.69392942488193e-05
6800 8240 -2178 5.23342172849988e-05 4.49910445287824e-05 -4.99421143113068e-07 2.66970940157771e-05
6800 8440 -2178 5.20783236128192e-05 4.48006206899881e-05 -1.14272505391e-06 2.64589550942183e-05
6800 8640 -2178 5.1934148668007e-05 4.46826044172049e-05 -2.01001652536616e-06 2.63915837332606e-05
6800 8840 -2178 5.18887839103329e-05 4.47990431711078e-05 -2.45918232797339e-06 2.60482430718839e-05
6800 9040 -2178 5.14087679848263e-05 4.44790122583508e-05 -2.96871122735683e-06 2.56059689894319e-05
6800 9240 -2178 5.12410626085855e-05 4.43475960418582e-05 -3.70975895009906e-06 2.54097654111683e-05
6800 9440 -2178 5.11717557744926e-05 4.44712690412998e-05 -4.27490787766874e-06 2.5013865891844e-05
7000 9440 -2178 5.1036586754397e-05 4.23783890977502e-05 -4.83961086242925e-06 2.80158410482109e-05
7000 9240 -2178 5.11009769605652e-05 4.24188831448555e-05 -4.07636464660755e-06 2.82245200239122e-05
7000 9040 -2178 5.11406841150867e-05 4.22561968043447e-05 -3.25922012400042e-06 2.86209868378937e-05
7000 8840 -2178 5.13788348507696e-05 4.24276616945863e-05 -2.91057604082744e-06 2.88859446905553e-05
7000 8640 -2178 5.17820316295392e-05 4.26926276758313e-05 -2.12028632315923e-06 2.9323308557272e-05
7000 8440 -2178 5.18066448097896e-05 4.26409594789147e-05 -1.42664523389612e-06 2.93380977287888e-05
7000 8240 -2178 5.21494271629197e-05 4.30127189159393e-05 -9.82926461081661e-07 2.94703685157001e-05
7000 8040 -2178 5.24856121209025e-05 4.31783239319921e-05 -2.58084381188382e-07 2.97971696034074e-05
7000 7840 -2178 5.27625864684275e-05 4.33662651106715e-05 6.50983134537455e-07 2.99250383153558e-05
7000 7640 -2178 5.30334308392423e-05 4.36077639833093e-05 1.18516232193724e-06 3.02340215146542e-05
7000 7440 -2178 5.37031898494012e-05 4.42786994948983e-05 1.88195805245414e-06 3.02514676749706e-05
7200 7440 -2178 5.37536341499417e-05 4.18026457577944e-05 1.86290667838057e-06 3.3623569957912e-05
7200 7640 -2178 5.32200679474297e-05 4.13925029411912e-05 1.0760719668524e-06 3.33890677988529e-05
7200 7840 -2178 5.29142959795892e-05 4.10639470219612e-05 3.6945874020148e-07 3.32917187213898e-05
7200 8040 -2178 5.23111059786633e-05 4.08092461228371e-05 -3.50752238338828e-07 3.27872569859028e-05
7200 8240 -2178 5.1846445126147e-05 4.03210860341787e-05 -1.04601896197983e-06 3.26036528274417e-05
7200 8440 -2178 5.1767294130669e-05 4.0363187238574e-05 -1.68925494971336e-06 3.23339670449495e-05
7200 8640 -2178 5.12738365719724e-05 4.01935890763998e-05 -2.3041333932963e-06 3.18882741555572e-05
7200 8840 -2178 5.13413157263133e-05 4.01634890437126e-05 -3.03778409842198e-06 3.16796868294477e-05
7200 9040 -2178 5.10798604413134e-05 4.01307774186134e-05 -3.76797054649796e-06 3.1285873927176e-05
7200 9240 -2178 5.09131148333001e-05 4.00836903080344e-05 -4.26490608026506e-06 3.12195077687502e-05
7200 9440 -2178 5.09524913646215e-05 4.00714885368943e-05 -5.3190713217482e-06 3.09499726444483e-05
7400 9440 -2178 5.11109307456227e-05 3.77453515380621e-05 -5.64435731852427e-06 3.3819648809731e-05
7400 9240 -2178 5.0989200100684e-05 3.75493317693472e-05 -4.76451439480297e-06 3.40605068802834e-05
7400 9040 -2178 5.1271749466876e-05 3.76474368795753e-05 -4.0609227110981e-06 3.44532439559698e-05
7400 8840 -2178 5.10557622758728e-05 3.73721490725875e-05 -3.51320301753003e-06 3.46612780764699e-05
7400 8640 -2178 5.12077711201857e-05 3.74805332794785e-05 -2.68781628250144e-06 3.4788232088089e-05
7400 8440 -2178 5.16896626758817e-05 3.77571083679795e-05 -2.02920366471517e-06 3.52566914781928e-05
7400 8240 -2178 5.21375305135677e-05 3.78584697917104e-05 -1.38272897897696e-06 3.57288197800517e-05
7400 8040 -2178 5.22167841390893e-05 3.80610228255391e-05 -6.61224591176506e-07 3.58045625835657e-05
7400 7840 -2178 5.28459183538369e-05 3.83513831794262e-05 2.32819767461478e-09 3.63505733981729e-05
7400 7640 -2178 5.33491893862406e-05 3.88245267793536e-05 9.45181123664952e-07 3.65699595734477e-05
7400 7440 -2178 5.38719112968917e-05 3.92718431130052e-05 1.71742326144613e-06 3.67097837030888e-05
7600 7440 -2178 5.45776262853363e-05 3.63819159790874e-05 1.26430779245129e-06 4.0563314974308e-05
7600 7640 -2178 5.37000113967577e-05 3.57423994094133e-05 5.79562201257431e-07 4.01457144543529e-05
7600 7840 -2178 5.31889188898097e-05 3.5479740165174e-05 -3.2240192656559e-07 3.96023211926222e-05
7600 8040 -2178 5.24920285663482e-05 3.48767323121429e-05 -8.42101647748678e-07 3.91502014026046e-05
7600 8240 -2178 5.20817125596877e-05 3.48892049789429e-05 -1.65914627378902e-06 3.86881875768304e-05
7600 8440 -2178 5.15535360811635e-05 3.4482519350946e-05 -2.38951983786046e-06 3.83429022878409e-05
7600 8640 -2178 5.13841924096546e-05 3.44877809286118e-05 -3.00711899274393e-06 3.79155438020826e-05
7600 8840 -2178 5.13364668420468e-05 3.46191416084766e-05 -3.55680274119368e-06 3.76953770518303e-05
7600 9040 -2178 5.12126634773417e-05 3.45314720198512e-05 -4.26572456852591e-06 3.7571527659893e-05
7600 9240 -2178 5.1166487444139e-05 3.46642588973045e-05 -4.98832628782839e-06 3.73206794559956e-05
7600 9440 -2178 5.13350556464655e-05 3.50299766510725e-05 -5.86768793035298e-06 3.70865016430616e-05
7800 9440 -2178 5.19115422507225e-05 3.18936204463243e-05 -5.97717422200367e-06 4.05636175349355e-05
7800 9240 -2178 5.15844685278058e-05 3.15315632820129e-05 -5.35705840351875e-06 4.04365628808737e-05
7800 9040 -2178 5.13873110302677e-05 3.11783124580979e-05 -4.60875622346066e-06 4.04664175584912e-05
7800 8840 -2178 5.14194379640089e-05 3.12441125810146e-05 -3.83357304340461e-06 4.06480706930161e-05
7800 8640 -2178 5.14245389381869e-05 3.11285016238689e-05 -3.19814105780097e-06 4.08258715197444e-05
7800 8440 -2178 5.15875095999444e-05 3.1078359939158e-05 -2.82898183882935e-06 4.12200284600258e-05
7800 8240 -2178 5.20505101760973e-05 3.14659898430109e-05 -2.10052615934183e-06 4.14093574285507e-05
7800 8040 -2178 5.28777066227286e-05 3.18392551317811e-05 -1.62171817103081e-06 4.20306671336293e-05
7800 7840 -2178 5.35713451099733e-05 3.21102289557457e-05 -8.59279340795183e-07 4.28508230224252e-05
7800 7640 -2178 5.44013083507382e-05 3.26119504198432e-05 4.50763709195599e-08 4.34087280929089e-05
7800 7440 -2178 5.52594657355847e-05 3.31173727959395e-05 9.04482852492947e-07 4.43602565154433e-05
8000 7440 -2178 5.66446283152941e-05 2.95619593709707e-05 4.49338774116768e-07 4.81632034108043e-05
8000 7640 -2178 5.52220242422595e-05 2.8777186345309e-05 -7.07495203661893e-07 4.71258417218923e-05
8000 7840 -2178 5.39785806711387e-05 2.80959998853505e-05 -1.53166327968847e-06 4.59061289429664e-05
8000 8040 -2178 5.31332609958511e-05 2.76020908653736e-05 -2.29063421522733e-06 4.52986322194338e-05
8000 8240 -2178 5.27563464685977e-05 2.7455272115767e-05 -2.64896475167529e-06 4.49242141395807e-05
8000 8440 -2178 5.17283388297797e-05 2.71761605888605e-05 -3.10690037729e-06 4.40640599653125e-05
8000 8640 -2178 5.14741080218988e-05 2.70313400141895e-05 -3.66210141783813e-06 4.36517979800701e-05
8000 8840 -2178 5.13834843462858e-05 2.71147982180119e-05 -3.99631954351207e-06 4.34412476122379e-05
8000 9040 -2178 5.16292602969207e-05 2.73220854364336e-05 -4.60792904721166e-06 4.3391168743372e-05
8000 9240 -2178 5.19945338206663e-05 2.79629433639347e-05 -5.2622509940993e-06 4.36532275900245e-05
8000 9440 -2178 5.26147239937303e-05 2.81673353724182e-05 -6.05835509859026e-06 4.38977128937841e-05
8200 9440 -2178 5.35018031344859e-05 2.41297396682203e-05 -5.59901956142857e-06 4.74630267247558e-05
8200 9240 -2178 5.25839139120127e-05 2.34883868731558e-05 -4.86031283158809e-06 4.66089174821973e-05
8200 9040 -2178 5.18191926656648e-05 2.29496856108308e-05 -4.49456241319422e-06 4.6124307192862e-05
8200 8840 -2178 5.15715037567841e-05 2.27246787473559e-05 -4.0954584084393e-06 4.60556947141886e-05
8200 8640 -2178 5.15259153654845e-05 2.25941108427942e-05 -3.79887005870114e-06 4.60841668322682e-05
8200 8440 -2178 5.17391310538263e-05 2.27064397223294e-05 -3.47456266504014e-06 4.63120117560029e-05
8200 8240 -2178 5.23263098560245e-05 2.27195565886796e-05 -3.24533550377237e-06 4.69921406283975e-05
8200 8040 -2178 5.34900094833635e-05 2.32668903581798e-05 -3.13604177196976e-06 4.80916203707457e-05
8200 7840 -2178 5.45854609692368e-05 2.37717250138521e-05 -2.55363955146095e-06 4.90709340050817e-05
8200 7640 -2178 5.60086492308169e-05 2.43625194169581e-05 -1.83258080706764e-06 5.03985976651311e-05
8200 7440 -2178 5.78606916826432e-05 2.52532992511988e-05 -1.09283472981338e-06 5.20837348178029e-05
8400 7440 -2178 5.94679948380693e-05 1.99406359419227e-05 -2.68554010229127e-06 5.58314919322729e-05
8400 7640 -2178 5.69889201371817e-05 1.88746781758964e-05 -3.45636598620331e-06 5.3805700711906e-05
8400 7840 -2178 5.50699116367587e-05 1.8080367423594e-05 -3.78589391065179e-06 5.18793069422245e-05
8400 8040 -2178 5.3416016340767e-05 1.76111864522099e-05 -3.90753198356651e-06 5.0299536973238e-05
8400 8240 -2178 5.20663044244455e-05 1.70617473237216e-05 -4.09247145894915e-06 4.90095951482654e-05
8400 8440 -2178 5.12811301099225e-05 1.70446030087769e-05 -3.92466590314871e-06 4.82391265630722e-05
8400 8640 -2178 5.09857653623173e-05 1.71290304493159e-05 -3.96110064891218e-06 4.78586906120181e-05
8400 8840 -2178 5.13312367323422e-05 1.74051727466285e-05 -4.03087954956573e-06 4.79864128828049e-05
8400 9040 -2178 5.16345109659098e-05 1.77276003174484e-05 -3.84695060110243e-06 4.83249293193221e-05
8400 9240 -2178 5.28409742914351e-05 1.81606562659144e-05 -4.32094657974085e-06 4.9438947044313e-05
8400 9440 -2178 5.41975679261344e-05 1.8934063706547e-05 -4.82947657676414e-06 5.06149241030216e-05
8600 9440 -2178 5.4815062085827e-05 1.28771116696298e-05 -3.32248160016752e-06 5.31365967541933e-05
8600 9240 -2178 5.27715110148804e-05 1.22107600979507e-05 -3.04760563709715e-06 5.12488225474954e-05
8600 9040 -2178 5.12857380609798e-05 1.15818060729653e-05 -3.15481174713204e-06 4.98419689163566e-05
8600 8840 -2178 5.03116470927331e-05 1.10972240008414e-05 -3.63672625276377e-06 4.89295303002e-05
8600 8640 -2178 5.02260816899671e-05 1.07869125679135e-05 -4.20565386558883e-06 4.88945085555315e-05
8600 8440 -2178 5.03795168568292e-05 1.05829558251426e-05 -4.58486272070877e-06 4.90390243083239e-05
8600 8240 -2178 5.14171800687581e-05 1.08193897679448e-05 -4.95446457470825e-06 5.00212004259229e-05
8600 8040 -2178 5.28963073561025e-05 1.10044549955055e-05 -5.36845795297995e-06 5.14597023054957e-05
8600 7840 -2178 5.49182659267864e-05 1.15412637125701e-05 -5.65018297638744e-06 5.34144095405936e-05
8600 7640 -2178 5.72109874481503e-05 1.2342083601281e-05 -5.43396404222585e-06 5.57261479496956e-05
8600 7440 -2178 6.07685781293577e-05 1.34731267504394e-05 -4.88558954861946e-06 5.91519837230444e-05
8800 7440 -2178 6.15747252227183e-05 5.27546631669975e-06 -8.43786353617907e-06 6.06912443190813e-05
8800 7640 -2178 5.73987927042392e-05 4.36679306307633e-06 -8.05699155014008e-06 5.66624867916107e-05
8800 7840 -2178 5.40525140370755e-05 3.69631276317523e-06 -7.81648170109839e-06 5.33702177777886e-05
8800 8040 -2178 5.15276878847106e-05 3.5158789206962e-06 -7.00466288719326e-06 5.1044571377337e-05
8800 8240 -2178 4.9785764749331e-05 3.08226244802063e-06 -6.13723734416999e-06 4.94284494891763e-05
8800 8440 -2178 4.87304916022685e-05 3.30529807024868e-06 -5.15538285416551e-06 4.83880442604423e-05
8800 8640 -2178 4.81396215495201e-05 3.42341033561388e-06 -4.09866557936766e-06 4.78869659379125e-05
8800 8840 -2178 4.87058478433955e-05 3.9420304340747e-06 -2.89812690042891e-06 4.8459476582706e-05
8800 9040 -2178 4.96415900569685e-05 4.2497875924455e-06 -2.08001677843458e-06 4.92936990857124e-05
8800 9240 -2178 5.16924696011631e-05 4.70102800510358e-06 -1.34099453566341e-06 5.15740374699235e-05
8800 9440 -2178 5.45139996247539e-05 5.37051616841927e-06 -1.13904432986033e-06 5.43087655082345e-05
9000 9440 -2178 5.25604361558136e-05 -3.48566671535809e-06 2.3532180284783e-06 5.2234530121088e-05
9000 9240 -2178 4.93222355963853e-05 -3.57841351777461e-06 1.29267749648147e-06 4.91839857921004e-05
9000 9040 -2178 4.70101123900488e-05 -3.77988568336877e-06 4.99827837356861e-08 4.69422129318118e-05
9000 8840 -2178 4.57132295932823e-05 -3.85686966398498e-06 -1.95146197867143e-06 4.54740092381835e-05
9000 8640 -2178 4.52878901007313e-05 -4.62903524958529e-06 -4.0578764420934e-06 4.4884152777493e-05
9000 8440 -2178 4.55636473415834e-05 -4.72786744878977e-06 -5.60559102892876e-06 4.51287239342928e-05
9000 8240 -2178 4.69320113883132e-05 -5.09035100776237e-06 -7.34049329720437e-06 4.61237641647458e-05
9000 8040 -2178 4.89923813863115e-05 -5.10573813627707e-06 -8.84528912976384e-06 4.78293408229947e-05
9000 7840 -2178 5.14332286299231e-05 -5.11382640036754e-06 -1.03385999361053e-05 5.02147053927183e-05
9000 7640 -2178 5.48992758672353e-05 -4.77998534385551e-06 -1.1781979771331e-05 5.3406621158123e-05
9000 7440 -2178 5.99707275243666e-05 -4.6379025648348e-06 -1.32644151672721e-05 5.83012290596962e-05
9200 7440 -2178 5.54412102814552e-05 -1.52728271503001e-05 -1.8758486751467e-05 4.98374685049057e-05
9200 7640 -2178 5.12891642426147e-05 -1.45313489250839e-05 -1.57179390639067e-05 4.66120441555977e-05
9200 7840 -2178 4.81344526579962e-05 -1.42823692634702e-05 -1.30421701502055e-05 4.40271130651236e-05
9200 8040 -2178 4.53714812598367e-05 -1.38444613236934e-05 -1.07374086547643e-05 4.18522431626916e-05
9200 8240 -2178 4.36777717260368e-05 -1.35158308986574e-05 -8.66823281068355e-06 4.07574935108423e-05
9200 8440 -2178 4.23578211817928e-05 -1.32444810122252e-05 -6.58004812616855e-06 3.97160509154201e-05
9200 8640 -2178 4.1595493230789e-05 -1.24731386359781e-05 -3.8352582117659e-06 3.95503207743168e-05
9200 8840 -2178 4.14884918846397e-05 -1.1871876463294e-05 -9.63828814225962e-07 3.98023661002517e-05
9200 9040 -2178 4.30933675051265e-05 -1.19106740579009e-05 2.17721387308166e-06 4.13573924005032e-05
9200 9240 -2178 4.56131773196999e-05 -1.21870665587485e-05 4.57994705415331e-06 4.3685141518712e-05
9200 9440 -2178 4.8738180723885e-05 -1.28227231986821e-05 6.48824127670377e-06 4.67165620550513e-05
9400 9440 -2178 4.5364919206655e-05 -2.03174357414246e-05 9.91470887605101e-06 3.93264770880342e-05
9400 9240 -2178 4.26580815372389e-05 -1.97600716724992e-05 7.279894833453e-06 3.71314318329096e-05
9400 9040 -2178 4.03480498175799e-05 -1.91662193425e-05 4.14100213127677e-06 3.52629162371159e-05
9400 8840 -2178 3.90152037293733e-05 -1.93129096627235e-05 3.32884461389313e-07 3.38975892812014e-05
9400 8640 -2178 3.88458331230567e-05 -2.00400008819997e-05 -3.60668451421952e-06 3.31508893594146e-05
9400 8440 -2178 3.9567069303644e-05 -2.09436650574207e-05 -6.55635613680352e-06 3.29618792682886e-05
9400 8240 -2178 4.09605677490677e-05 -2.14983720742166e-05 -9.43635718617588e-06 3.35631644725799e-05
9400 8040 -2178 4.26093228640921e-05 -2.17560589425266e-05 -1.22427021395415e-05 3.46821804866195e-05
9400 7840 -2178 4.50145671199545e-05 -2.20169481001794e-05 -1.51436886880547e-05 3.62247697338462e-05
9400 7640 -2178 4.76870538083825e-05 -2.21928180977702e-05 -1.81698964722455e-05 3.79545015916228e-05
9400 7440 -2178 5.11229559791155e-05 -2.29131481200457e-05 -2.2135993603617e-05 4.01124409660697e-05
9600 7440 -2178 4.99771569480359e-05 -2.79881740771234e-05 -2.39985976852477e-05 3.38969371244311e-05
9600 7640 -2178 4.69377659964948e-05 -2.86022948473692e-05 -2.04923098869622e-05 3.09850372076034e-05
9600 7840 -2178 4.40769761547367e-05 -2.89531022235751e-05 -1.69934962913394e-05 2.86405200324953e-05
9600 8040 -2178 4.17999707647254e-05 -2.90921936035156e-05 -1.36425921116024e-05 2.68412539325655e-05
9600 8240 -2178 4.01187867149874e-05 -2.88440618813038e-05 -1.03630030080676e-05 2.58871649727225e-05
9600 8440 -2178 3.85763521541923e-05 -2.83107148818672e-05 -7.12592828273773e-06 2.52517341002822e-05
9600 8640 -2178 3.78979536575844e-05 -2.76777734607458e-05 -3.226138130045e-06 2.55710837170482e-05
9600 8840 -2178 3.80379804807382e-05 -2.67935877777636e-05 1.17276894419138e-06 2.68927155099809e-05
9600 9040 -2178 3.92624516656618e-05 -2.65192424878478e-05 5.75050225295126e-06 2.83803361915052e-05
9600 9240 -2178 4.18643734278488e-05 -2.66063067130744e-05 9.74560324288905e-06 3.08180697485805e-05
9600 9440 -2178 4.48148556946058e-05 -2.70484616681933e-05 1.22307878471911e-05 3.35430758967996e-05
9800 9440 -2178 4.69031318650411e-05 -3.45946531966328e-05 1.55808131098747e-05 2.77016523629427e-05
9800 9240 -2178 4.38642095085808e-05 -3.46021519601345e-05 1.23046245742589e-05 2.39851827993989e-05
9800 9040 -2178 4.11205661880141e-05 -3.44918259829283e-05 8.01685964409262e-06 2.10185578949749e-05
9800 8840 -2178 3.96069491120058e-05 -3.47469442859292e-05 3.11929190618685e-06 1.87686738595366e-05
9800 8640 -2178 3.9245345541244e-05 -3.52833436429501e-05 -2.05907166251563e-06 1.71009126268327e-05
9800 8440 -2178 4.01070778480896e-05 -3.59865209087729e-05 -6.44214646704495e-06 1.64938399195671e-05
9800 8240 -2178 4.15279670545907e-05 -3.64395294263959e-05 -1.07666503377259e-05 1.67430156040937e-05
9800 8040 -2178 4.34417277367327e-05 -3.6608832731843e-05 -1.46917628757656e-05 1.81608604453504e-05
9800 7840 -2178 4.59993043328119e-05 -3.66048491373658e-05 -1.89779379144311e-05 2.02477396689355e-05
9800 7640 -2178 4.87235689126767e-05 -3.57829237058759e-05 -2.30621865428984e-05 2.36918382830918e-05
9800 7440 -2178 5.23435870682133e-05 -3.46963493227959e-05 -2.71293624900281e-05 2.84587942287326e-05
10000 7440 -2178 5.85679412526045e-05 -4.4692785307765e-05 -3.22764567881823e-05 1.97734423205256e-05
10000 7640 -2178 5.4695778081798e-05 -4.54275196641684e-05 -2.72691487111151e-05 1.36983244437724e-05
10000 7840 -2178 5.14542184983914e-05 -4.55268512815237e-05 -2.21690463498235e-05 9.22345024999231e-06
10000 8040 -2178 4.89956090387789e-05 -4.55809662640095e-05 -1.68325705528259e-05 6.30460741603747e-06
10000 8240 -2178 4.67482553910941e-05 -4.50839999318123e-05 -1.14161214418709e-05 4.74538650061004e-06
10000 8440 -2178 4.55048046146495e-05 -4.48385542035103e-05 -6.47173775266856e-06 4.27877440594603e-06
10000 8640 -2178 4.48058781547056e-05 -4.45192494392395e-05 -1.09074204082481e-06 4.97220787772676e-06
10000 8840 -2178 4.49612618729632e-05 -4.41883013695479e-05 4.72677153663244e-06 6.71084460988641e-06
10000 9040 -2178 4.63497932391973e-05 -4.40968681499362e-05 1.05888308379799e-05 9.39175016619265e-06
10000 9240 -2178 4.90044226300552e-05 -4.43693489730358e-05 1.59638916030526e-05 1.33397329021245e-05
10000 9440 -2178 5.24025885411192e-05 -4.45228021815419e-05 2.04384786821902e-05 1.86748516894877e-05
10200 9440 -2178 6.36885768622005e-05 -5.72795967906714e-05 2.76600333414972e-05 3.01646432880807e-06
10200 9240 -2178 6.00650928784027e-05 -5.60908954888582e-05 2.13185204491019e-05 -2.69551153534121e-06
10200 9040 -2178 5.72451505139337e-05 -5.49473353773355e-05 1.44625854045153e-05 -6.80270572844893e-06
10200 8840 -2178 5.54969141244018e-05 -5.41445967629552e-05 7.80821266351268e-06 -9.42407882772386e-06
10200 8640 -2178 5.52567461171858e-05 -5.4046507909894e-05 7.41920854472483e-07 -1.14774791505188e-05
10200 8440 -2178 5.56464890005612e-05 -5.40254713073373e-05 -5.51414915057831e-06 -1.21318152714521e-05
10200 8240 -2178 5.71892862026843e-05 -5.46016069352627e-05 -1.19914760142565e-05 -1.20660068113357e-05
10200 8040 -2178 5.92533525737061e-05 -5.53553825467825e-05 -1.83409132659435e-05 -1.04269161084667e-05
10200 7840 -2178 6.19513342656331e-05 -5.61492472290993e-05 -2.49624473042786e-05 -7.86049590539187e-06
10200 7640 -2178 6.55324840665588e-05 -5.71497912704945e-05 -3.18981401100755e-05 -3.30401016806718e-06
10200 7440 -2178 7.03289566182962e-05 -5.80824089497328e-05 -3.95936717689037e-05 4.00796939200518e-06
10400 7440 -2178 9.11293074309043e-05 -7.36547219008208e-05 -4.7998863093555e-05 -2.4030716650188e-05
10400 7640 -2178 8.49447099182068e-05 -6.98084571361542e-05 -3.80202392935753e-05 -2.98163580074906e-05
10400 7840 -2178 7.99536040774317e-05 -6.69085211008787e-05 -2.88681755065918e-05 -3.30220477208495e-05
10400 8040 -2178 7.58325189589267e-05 -6.44505292475224e-05 -2.06754484027624e-05 -3.41939474865794e-05
10400 8240 -2178 7.32000349352904e-05 -6.30004328787327e-05 -1.28738760147244e-05 -3.49359570145607e-05
10400 8440 -2178 7.16334777531701e-05 -6.23360864967108e-05 -5.68599050474586e-06 -3.47897856235504e-05
10400 8640 -2178 7.11430372109373e-05 -6.22674080431461e-05 1.64990548122933e-06 -3.43621157109737e-05
10400 8840 -2178 7.18555417546441e-05 -6.30955529212952e-05 9.46729317680001e-06 -3.30549036413431e-05
10400 9040 -2178 7.39436891265664e-05 -6.46209928542376e-05 1.78607246391475e-05 -3.12242368757725e-05
10400 9240 -2178 7.77513635667127e-05 -6.73812780082226e-05 2.66473189406097e-05 -2.82047161087394e-05
10400 9440 -2178 8.25570315684416e-05 -7.04185848385096e-05 3.61361669450998e-05 -2.36976940445602e-05
10600 9440 -2178 0.000110271050541383 -7.94183755367994e-05 4.36464738249779e-05 -6.2836447224021e-05
10600 9240 -2178 0.000101317206676048 -7.39565632194281e-05 3.14716852158308e-05 -6.16653522253037e-05
10600 9040 -2178 9.4982726198148e-05 -6.99069511443377e-05 2.11170935332775e-05 -6.07355317622423e-05
10600 8840 -2178 9.15621366091355e-05 -6.77356400191784e-05 1.20769301950932e-05 -6.03635527342558e-05
10600 8640 -2178 9.0112088926373e-05 -6.63795085400343e-05 3.1826904364716e-06 -6.09942607730627e-05
10600 8440 -2178 9.00747193055018e-05 -6.61436019688845e-05 -4.57174470857717e-06 -6.09931767433882e-05
10600 8240 -2178 9.21033693073564e-05 -6.68921679258347e-05 -1.25184249617159e-05 -6.19402579665184e-05
10600 8040 -2178 9.57945326590117e-05 -6.91487680822611e-05 -2.09390098117292e-05 -6.31129170954228e-05
10600 7840 -2178 0.000101535650485968 -7.22515954226256e-05 -3.00859908908606e-05 -6.46840662807226e-05
10600 7640 -2178 0.000109742360318613 -7.72215312421322e-05 -4.07577527910471e-05 -6.6475757598877e-05
10600 7440 -2178 0.000122709643952061 -8.53322801142931e-05 -5.47482176721096e-05 -6.91594782173634e-05
10800 7440 -2178 0.000149185899598733 -8.10333699285984e-05 -5.18355224132538e-05 -0.0001139667578
10800 7640 -2178 0.000132320004686457 -7.33026654273272e-05 -3.91292896196246e-05 -0.0001029572077
10800 7840 -2178 0.000121301447563681 -6.86613496690989e-05 -2.89384531825781e-05 -9.58007022440434e-05
10800 8040 -2178 0.000113977970659367 -6.53263361603022e-05 -1.98508142530918e-05 -9.12655070275069e-05
10800 8240 -2178 0.0001093881674 -6.3617076843977e-05 -1.19520482029766e-05 -8.81804243922234e-05
10800 8440 -2178 0.000107294496438408 -6.27353930622339e-05 -4.48064351337962e-06 -8.69292144924402e-05
10800 8640 -2178 0.0001070133264 -6.29978608489037e-05 2.96810361487223e-06 -8.65452564507723e-05
10800 8840 -2178 0.000109112745215639 -6.43471722602844e-05 1.11243503708392e-05 -8.75345185697079e-05
10800 9040 -2178 0.000113409442173043 -6.64971199184656e-05 2.00015750080347e-05 -8.96219382435083e-05
10800 9240 -2178 0.000121666898315738 -7.03073227107525e-05 3.00698692426085e-05 -9.45833278745413e-05
10800 9440 -2178 0.000133947451439464 -7.60913903266191e-05 4.27747960165143e-05 -0.000101598902016878
11000 9440 -2178 0.0001406707132 -5.92703800052404e-05 3.14639326930046e-05 -0.000123828089743853
11000 9240 -2178 0.000130764542345299 -5.71726214438677e-05 2.3898369371891e-05 -0.000115275577485561
11000 9040 -2178 0.000124009503137127 -5.53438676446676e-05 1.65939701404423e-05 -0.000109789489954710
11000 8840 -2178 0.000119641136641426 -5.4299065798521e-05 9.64273038413376e-06 -0.000106208325415850
11000 8640 -2178 0.000117531704598810 -5.33038812726736e-05 2.74633487575193e-06 -0.0001047051495
11000 8440 -2178 0.000117643508233128 -5.31771609932184e-05 -3.34026932409324e-06 -0.000104885781586170
11000 8240 -2178 0.000119442669620211 -5.33965216353536e-05 -9.54956276249141e-06 -0.000106444906175137
11000 8040 -2178 0.000123426167991524 -5.43577401489019e-05 -1.59046664666384e-05 -0.000109726392716169
11000 7840 -2178 0.000130144233236726 -5.58349389284849e-05 -2.27810182310641e-05 -0.000115244264453650
11000 7640 -2178 0.000139086489156208 -5.78985584825277e-05 -3.01815779805183e-05 -0.000122960838645697
11000 7440 -2178 0.000152766630689674 -6.00752453804016e-05 -3.82846669331193e-05 -0.000135029413014650
11200 7440 -2178 0.000146620616912802 -3.81593415588141e-05 -2.47934584319592e-05 -0.000139379892289639
11200 7640 -2178 0.000138225486524332 -3.94663641378284e-05 -2.09756526201963e-05 -0.000130978869736195
11200 7840 -2178 0.000131865437230123 -4.00177433267236e-05 -1.67786689996719e-05 -0.000124625462532043
11200 8040 -2178 0.000126918179730458 -4.01067540645599e-05 -1.21919404082e-05 -0.000119909130245447
11200 8240 -2178 0.000123698686375899 -4.01499004811049e-05 -7.63903025723994e-06 -0.000116688175529242
11200 8440 -2178 0.000121994683385321 -4.02267599776387e-05 -3.07352625583735e-06 -0.000115189422190189
11200 8640 -2178 0.000122048418887963 -4.02117440402508e-05 1.60098658317293e-06 -0.000115222693234682
11200 8840 -2178 0.000123605860185783 -4.06791339293122e-05 6.30636644875631e-06 -0.000116352512955666
11200 9040 -2178 0.000126382147214310 -4.07185056060553e-05 1.11336687412113e-05 -0.000119213775336742
11200 9240 -2178 0.000131469957299015 -4.07694333642721e-05 1.54521419741213e-05 -0.000124029973328114
11200 9440 -2178 0.000138013231419973 -4.03839929774404e-05 1.96618699319661e-05 -0.000130539043992758
11400 9440 -2178 0.000133115323039668 -2.53572962135077e-05 1.11874317526817e-05 -0.000130441005468369
11400 9240 -2178 0.0001292168991 -2.67350707538426e-05 9.82241642847657e-06 -0.000125994319260120
11400 9040 -2178 0.000126126391723911 -2.78771139495075e-05 7.26205057138577e-06 -0.000122849740356207
11400 8840 -2178 0.000123981115045861 -2.83185827769339e-05 4.41445701784687e-06 -0.000120656696140766
11400 8640 -2178 0.000122826787173700 -2.83264699093998e-05 1.02574786041714e-06 -0.000119560549318790
11400 8440 -2178 0.000122847579785582 -2.83955690413713e-05 -2.25452223178218e-06 -0.000119516291379929
11400 8240 -2178 0.000124144168595391 -2.82637482360005e-05 -5.42062103096396e-06 -0.000120581730753183
11400 8040 -2178 0.0001263242121 -2.73827139250934e-05 -8.6836975524202e-06 -0.000123000534474850
11400 7840 -2178 0.000129776117955454 -2.65832698568702e-05 -1.1400460395962e-05 -0.000126511659771204
11400 7640 -2178 0.000133983655947359 -2.48810179457068e-05 -1.36145746987313e-05 -0.000130921685010195
11400 7440 -2178 0.000139701293230293 -2.22566447257996e-05 -1.52628754749894e-05 -0.000136965002417564
11600 7440 -2178 0.000133455550236825 -1.19501326773316e-05 -9.02684759814292e-06 -0.000132810470879078
11600 7640 -2178 0.0001299701569 -1.42931906059384e-05 -8.68485381174833e-06 -0.000128803364455700
11600 7840 -2178 0.000127217627540049 -1.62293546833098e-05 -7.53412541979924e-06 -0.000125953045845032
11600 8040 -2178 0.0001247707486 -1.73273380883038e-05 -6.0048732199939e-06 -0.000123438538730145
11600 8240 -2178 0.0001231587976 -1.8181826684624e-05 -4.05734314167057e-06 -0.000121746073126793
11600 8440 -2178 0.000122034848621515 -1.8725838329643e-05 -1.98015851141099e-06 -0.000120645175725222
11600 8640 -2178 0.000122188318539373 -1.87533980160952e-05 1.59548106752482e-07 -0.000120600847899914
11600 8840 -2178 0.0001225909457 -1.85912112910301e-05 2.2658722254655e-06 -0.000121151857823133
11600 9040 -2178 0.000124056503423120 -1.78945440687239e-05 4.16207344672875e-06 -0.000122647828549147
11600 9240 -2178 0.000125925008233418 -1.66224850993604e-05 5.3066132228123e-06 -0.000124824624598026
11600 9440 -2178 0.000128724362724675 -1.46989414785057e-05 5.75734055717476e-06 -0.000127795103132725
11800 9440 -2178 0.000124678487060929 -7.7198655679822e-06 2.6856204423857e-06 -0.000124383677840233
11800 9240 -2178 0.000123381436939653 -9.42496706079692e-06 2.62882351672306e-06 -0.000122992838263512
11800 9040 -2178 0.000121994820213353 -1.05881974296644e-05 2.18975340037468e-06 -0.000121440965920687
11800 8840 -2178 0.000121000844456673 -1.12121723797172e-05 1.06232590759373e-06 -0.000120658947855234
11800 8640 -2178 0.000120864949877588 -1.1520500311628e-05 -3.95529405023808e-07 -0.000120337714672089
11800 8440 -2178 0.0001208926338 -1.1513961577788e-05 -1.44944560305703e-06 -0.000120359250962734
11800 8240 -2178 0.000121511500532804 -1.11092931963503e-05 -2.75658649711204e-06 -0.000121050052821636
11800 8040 -2178 0.000122885039677408 -1.05870916573331e-05 -4.03965619167138e-06 -0.000122361463069916
11800 7840 -2178 0.000124544089974184 -9.22605060134083e-06 -4.91835500695743e-06 -0.000124025351852179
11800 7640 -2178 0.000126384138921452 -7.76047401037067e-06 -5.317935641855e-06 -0.000125942841172218
11800 7440 -2178 0.000128666588 -5.67240544082597e-06 -5.3995054429397e-06 -0.000128315338343382
12000 7440 -2178 0.000124739034777531 -1.89393124552544e-06 -2.82543633070964e-06 -0.000124672174394131
12000 7640 -2178 0.000123449025335970 -3.33141599344526e-06 -3.16309403191553e-06 -0.000123363521188498
12000 7840 -2178 0.000122020249147798 -4.446268604137e-06 -3.34329712664839e-06 -0.000122098845928907
12000 8040 -2178 0.000120973898446212 -5.31838298693765e-06 -2.50181910280662e-06 -0.0001208469268
12000 8240 -2178 0.000119932051036716 -6.08104084106162e-06 -2.1067329124462e-06 -0.000119919133663177
12000 8440 -2178 0.000119486027363100 -6.42794078914449e-06 -1.30514765023599e-06 -0.000119305862814188
12000 8640 -2178 0.000119385722912248 -6.55935778748244e-06 -4.98126153027443e-07 -0.000119165525019169
12000 8840 -2178 0.000119665941351622 -6.16967136505991e-06 3.21591755713598e-07 -0.000119500678986311
12000 9040 -2178 0.000119942790840155 -5.50941077852622e-06 7.24979977701196e-07 -0.000119892455637455
12000 9240 -2178 0.000120552166117480 -4.75804149429314e-06 1.22386578712394e-06 -0.000120647172361612
12000 9440 -2178 0.000121793765288338 -3.65002909937175e-06 9.49078370296775e-07 -0.000121735359698534
12200 9440 -2178 0.000119658397495558 -8.39716692245019e-07 6.74550871663086e-08 -0.000119630340397358
12200 9240 -2178 0.000119252160510396 -1.74965874068494e-06 7.8572938794423e-08 -0.000119198909491301
12200 9040 -2178 0.000118853585819219 -2.24194305637775e-06 1.62930042188236e-08 -0.000118773801863194
12200 8840 -2178 0.000118258564088910 -2.8536345037719e-06 -9.40631265330012e-08 -0.000118213500827551
12200 8640 -2178 0.000118380580642211 -2.98090972033242e-06 -5.85741251822583e-07 -0.000118313162475824
12200 8440 -2178 0.000118379585655565 -3.03322145526909e-06 -9.46693908922953e-07 -0.000118382575541735
12200 8240 -2178 0.000118823718173176 -2.79522093333071e-06 -1.37020626258254e-06 -0.000118751241743565
12200 8040 -2178 0.000119510774326703 -2.3494999729528e-06 -1.59439515876147e-06 -0.000119531346023083
12200 7840 -2178 0.0001202936966 -1.74352915834606e-06 -1.86109110334292e-06 -0.000120360288113356
12200 7640 -2178 0.000121322631487522 -9.11123281297478e-07 -1.87083050540787e-06 -0.000121233294218779
12200 7440 -2178 0.000122249900945862 2.00410199697217e-07 -1.51880380031071e-06 -0.000122236158281565
12400 7440 -2178 0.0001205270087 1.45731316348974e-06 -6.29255411782651e-07 -0.0001205165553
12400 7640 -2178 0.000120191489597188 7.07491051701709e-07 -1.26627461070893e-06 -0.0001202066048
12400 7840 -2178 0.000119436970819339 4.25431915076842e-07 -9.59965786525572e-07 -0.000119422812044621
12400 8040 -2178 0.000118625650887861 -7.31372303071112e-08 -1.00957062888119e-06 -0.000118617254167795
12400 8240 -2178 0.000118099342380415 -2.59150758278338e-07 -9.01507405709935e-07 -0.000117983979254961
12400 8440 -2178 0.000117831247963384 -3.6855659084722e-07 -5.76882078421249e-07 -0.000117829259395599
12400 8640 -2178 0.000117561442040656 -3.0593961015893e-07 -5.2000097423911e-07 -0.000117756036728621
12400 8840 -2178 0.000117470650628536 -4.19529392980621e-07 -3.14474089992473e-07 -0.000117534842550755
12400 9040 -2178 0.000117710661233646 -3.3942707872211e-07 -2.58743108230192e-07 -0.000117712122380733
12400 9240 -2178 0.0001179381008 2.3898388955331e-07 -4.12521738478972e-07 -0.000118034300357103
12400 9440 -2178 0.000118255065867748 5.81611979845093e-07 -3.99261066002509e-07 -0.000118252961575985
12600 9440 -2178 0.000117965470945325 1.61575894684938e-06 -6.36873783750843e-07 -0.000117985817641020
12600 9240 -2178 0.000117823092141574 1.60878655844317e-06 -5.70462802225848e-07 -0.000117760192811489
12600 9040 -2178 0.000117535523950743 1.45593788868609e-06 -5.93284767262958e-07 -0.000117463158398867
12600 8840 -2178 0.000117410709580807 1.57721937703172e-06 -5.41884343047968e-07 -0.0001172311601
12600 8640 -2178 0.000117379204234665 1.51096005096133e-06 -4.27557448454536e-07 -0.000117359619110823
12600 8440 -2178 0.000117537523325360 1.65644175850139e-06 -4.68015454173837e-07 -0.000117524918854237
12600 8240 -2178 0.000117883389894938 1.67089183114831e-06 -3.71278899985555e-07 -0.000117926652729511
12600 8040 -2178 0.000118633779891847 1.74198861997775e-06 -1.87708664479032e-07 -0.000118578401595354
12600 7840 -2178 0.0001191908129 1.69174991727414e-06 -3.55583635825724e-07 -0.000119153389275074
12600 7640 -2178 0.000119817084818502 1.93427270835309e-06 -1.54760795253424e-07 -0.0001198468796
12600 7440 -2178 0.000120425413556133 2.1117953830726e-06 -1.82693196918081e-07 -0.000120224821299315
12800 7440 -2178 0.000121255692268658 2.91010797317722e-06 4.62891640294402e-07 -0.000121219882488251
12800 7640 -2178 0.000120480777789149 2.97550275083631e-06 5.03034471649698e-07 -0.000120571294039488
12800 7840 -2178 0.000119771466490964 3.25305883405235e-06 4.91102238454005e-07 -0.000119719437539578
12800 8040 -2178 0.000118717944136615 3.32728739792947e-06 2.58532347612345e-07 -0.000118674849063158
12800 8240 -2178 0.000118137639190009 3.51551564157126e-06 -9.92148830628139e-08 -0.0001182100836
12800 8440 -2178 0.000117658059780595 3.55338329043298e-06 -2.05682608043389e-07 -0.000117604209929705
12800 8640 -2178 0.000117592738576003 3.4789735252416e-06 -5.08612748920314e-07 -0.000117485977292061
12800 8840 -2178 0.000117656819591268 3.35729759192327e-06 -6.36728619927453e-07 -0.000117495950788259
12800 9040 -2178 0.000117789524480306 3.09981319680719e-06 -7.82893365132622e-07 -0.000117811949789524
12800 9240 -2178 0.000118431306341642 3.02725986912083e-06 -8.56138616515636e-07 -0.0001183187249
12800 9440 -2178 0.000118840333762853 2.6579831863819e-06 -7.92875486881712e-07 -0.000118807960182428
13000 9440 -2178 0.0001203873079 3.73715237455963e-06 -1.29439793918755e-06 -0.000120257829725742
13000 9240 -2178 0.000119796965882842 4.56705472556496e-06 -1.34952450908077e-06 -0.000119853960335255
13000 9040 -2178 0.000118948316120309 5.11351818521507e-06 -1.1453346438559e-06 -0.000118795471578836
13000 8840 -2178 0.000118675250065425 5.46831525326707e-06 -7.94803042600506e-07 -0.000118418367236853
13000 8640 -2178 0.000118374378192037 5.80165970860981e-06 -4.219029347787e-07 -0.000118231367051601
13000 8440 -2178 0.000118361171332244 5.82810111693107e-06 -9.70252946360688e-08 -0.000118308346569538
13000 8240 -2178 0.000118813976226598 5.57854464174306e-06 5.39512841431133e-07 -0.000118733672887087
13000 8040 -2178 0.000119679380233170 5.44227663008496e-06 8.41635229297026e-07 -0.000119354559630156
13000 7840 -2178 0.000120687669720141 5.19332218210911e-06 1.18238241631798e-06 -0.000120564665794373
13000 7640 -2178 0.000121873344999888 4.38592579524266e-06 1.40531996874324e-06 -0.000121728767186403
13000 7440 -2178 0.000122938299995334 3.82079945952864e-06 1.35337431654989e-06 -0.0001228095732
13200 7440 -2178 0.000126041329340554 5.31373561732471e-06 2.56034070463647e-06 -0.000125825586676598
13200 7640 -2178 0.000124099073424888 6.86979182017967e-06 2.63654912456695e-06 -0.000123716462880373
13200 7840 -2178 0.000122524425649276 7.88587082456797e-06 2.50835311907576e-06 -0.000122153201192617
13200 8040 -2178 0.000120975840079007 8.36347721610218e-06 1.86149882870495e-06 -0.000120601285159588
13200 8240 -2178 0.000119847363056548 8.98109548259526e-06 1.13147948276674e-06 -0.000119505021274090
13200 8440 -2178 0.000119341199113321 8.94025760889053e-06 3.28523301163841e-07 -0.0001189380269
13200 8640 -2178 0.000119370794452718 8.8806091574952e-06 -6.67077241456354e-07 -0.000118963958621025
13200 8840 -2178 0.000119755669851357 8.68507175985723e-06 -1.25472440025805e-06 -0.000119311229735613
13200 9040 -2178 0.000120311282697597 7.8786432929337e-06 -1.82019986989917e-06 -0.000120048057377338
13200 9240 -2178 0.000121614199199945 7.12824467150494e-06 -2.29248664565966e-06 -0.000121383467078209
13200 9440 -2178 0.000123023563325523 6.07772725797258e-06 -1.88955796494702e-06 -0.000122872899293900
13400 9440 -2178 0.000126199454646131 9.59371844399721e-06 -3.28220040052838e-06 -0.000125762667268515
13400 9240 -2178 0.000123974354573532 1.09523058068007e-05 -3.53924495159299e-06 -0.000123360016793013
13400 9040 -2178 0.000122088067130867 1.21253965981305e-05 -2.78776300585741e-06 -0.000121393406450748
13400 8840 -2178 0.000120846040270838 1.29813501834869e-05 -1.99052842828132e-06 -0.000120070751518011
13400 8640 -2178 0.000120178443139603 1.3328486694023e-05 -8.45049140109495e-07 -0.000119434063524008
13400 8440 -2178 0.000120159893594446 1.34007333889604e-05 5.01802036334311e-07 -0.000119349103182554
13400 8240 -2178 0.000120739031266540 1.31395194344223e-05 1.81587666661085e-06 -0.000120139837324619
13400 8040 -2178 0.000122142511621692 1.26734203416854e-05 2.97195101384568e-06 -0.000121453208744526
13400 7840 -2178 0.0001240944963 1.17047994174063e-05 4.02922311745351e-06 -0.0001235689328
13400 7640 -2178 0.0001266118774 1.05990246087313e-05 4.64760099793784e-06 -0.000126016982048750
13400 7440 -2178 0.000129779228918569 8.73657132871449e-06 4.50696525661624e-06 -0.000129406367093325
13600 7440 -2178 0.000134254710626064 1.42840475644916e-05 7.83954082010314e-06 -0.000133200039237738
13600 7640 -2178 0.000129598203832309 1.64142536334693e-05 7.54337576776743e-06 -0.000128391564011574
13600 7840 -2178 0.000125923099361038 1.78337362706661e-05 6.34898436395452e-06 -0.000124552051573992
13600 8040 -2178 0.000122791094535582 1.8887506339699e-05 4.66012466070242e-06 -0.000121335088461638
13600 8240 -2178 0.000121060195081531 1.94228157326579e-05 2.76874785315272e-06 -0.000119459863960743
13600 8440 -2178 0.000120102962779859 1.97276147566736e-05 8.74272422616514e-07 -0.000118412691175938
13600 8640 -2178 0.000119932619520752 1.97269156724215e-05 -1.4056368086658e-06 -0.000118473265558481
13600 8840 -2178 0.000121091723753302 1.91137490235269e-05 -3.16243594826119e-06 -0.000119559861451387
13600 9040 -2178 0.000123084101170917 1.84450583346188e-05 -4.82132931647357e-06 -0.000121580946147442
13600 9240 -2178 0.000126149907964526 1.72829643711448e-05 -5.87745719635859e-06 -0.000124629298448563
13600 9440 -2178 0.0001297544341 1.54869032502174e-05 -6.33868995774538e-06 -0.000128841741681099
13800 9440 -2178 0.0001326964818 2.45842713937163e-05 -1.11516255391762e-05 -0.0001300078009
13800 9240 -2178 0.000127254490946290 2.59191547334194e-05 -9.74430387560278e-06 -0.000124268367260694
13800 9040 -2178 0.0001230217235 2.71373640857637e-05 -7.62730179913342e-06 -0.000119765298753977
13800 8840 -2178 0.000120298749643159 2.76197295933962e-05 -4.834963613539e-06 -0.000116985310316086
13800 8640 -2178 0.000118749907325103 2.81736797951162e-05 -2.17500873725839e-06 -0.000115199672311544
13800 8440 -2178 0.000118332806649148 2.81291460171342e-05 8.40831110415365e-07 -0.0001150051566
13800 8240 -2178 0.0001192842146 2.80676510967314e-05 4.0151333807371e-06 -0.0001158778496
13800 8040 -2178 0.000122013321632633 2.78763788156212e-05 7.00836111372337e-06 -0.000118670196980238
13800 7840 -2178 0.000125661965210797 2.69676480740309e-05 9.76368792541325e-06 -0.000122354970932007
13800 7640 -2178 0.000131047878260945 2.57278967089951e-05 1.18621293213218e-05 -0.000127936163097620
13800 7440 -2178 0.0001381162344 2.32447940818965e-05 1.3329465854913e-05 -0.000135653596550226
14000 7440 -2178 0.000139962653196764 3.77349470257759e-05 2.19598079659045e-05 -0.000132947892069817
14000 7640 -2178 0.000130060461062957 3.89410409852862e-05 1.85513528771699e-05 -0.000122781408280134
14000 7840 -2178 0.000122823396375178 3.91412191316485e-05 1.46864498890936e-05 -0.000115372944325209
14000 8040 -2178 0.000118076904088010 3.91679780259729e-05 1.0170615978539e-05 -0.000110926026463509
14000 8240 -2178 0.000114851746557084 3.9266621902585e-05 5.85364545776974e-06 -0.000107715265214443
14000 8440 -2178 0.000113402097938369 3.91080730706453e-05 1.26744212445556e-06 -0.000106483586072922
14000 8640 -2178 0.000113635948283353 3.8996332898736e-05 -2.8437703153204e-06 -0.000106693755596876
14000 8840 -2178 0.000115463176178087 3.90173067450523e-05 -7.41600411431864e-06 -0.000108489366322756
14000 9040 -2178 0.000119263599761949 3.88248147964478e-05 -1.1549436673522e-05 -0.0001121741971
14000 9240 -2178 0.000125155456816670 3.87305839955807e-05 -1.55287397652864e-05 -0.000117739419430494
14000 9440 -2178 0.000132910408315848 3.78648208379746e-05 -1.88290762081742e-05 -0.000126013342618942
14200 9440 -2178 0.000126423998355328 5.57778857648373e-05 -3.04454725235701e-05 -0.000109243742287159
14200 9240 -2178 0.000117273133636305 5.39099927991629e-05 -2.37026614546776e-05 -0.000101421387776732
14200 9040 -2178 0.000110739431791504 5.22120462432504e-05 -1.70469514280558e-05 -9.61588551700116e-05
14200 8840 -2178 0.000106530605362008 5.0951725654304e-05 -1.07675386695191e-05 -9.2953986287117e-05
14200 8640 -2178 0.000104233443445023 5.07449724078178e-05 -4.59104039345402e-06 -9.10163761526346e-05
14200 8440 -2178 0.000104030623932054 5.06809937283397e-05 1.09152256974903e-06 -9.09436613768339e-05
14200 8240 -2178 0.000105132520845010 5.12035805881023e-05 6.97940055979416e-06 -9.17798229604959e-05
14200 8040 -2178 0.000108428244532556 5.2118747100234e-05 1.32900005616248e-05 -9.41402757763863e-05
14200 7840 -2178 0.000113723952899170 5.35737787783146e-05 1.96750467829406e-05 -9.83660521954298e-05
14200 7640 -2178 0.000121404501213394 5.5360928028822e-05 2.632667677477e-05 -0.000104870170772076
14200 7440 -2178 0.000133893521657289 5.77748766839504e-05 3.3968064121902e-05 -0.000115891724169254
14400 7440 -2178 0.000118979650219364 7.83733317703009e-05 4.66918381378054e-05 -7.62702423781157e-05
14400 7640 -2178 0.000107615464444139 7.11641776561737e-05 3.48141412138939e-05 -7.28335333317518e-05
14400 7840 -2178 9.99330377226885e-05 6.64323876798153e-05 2.52237165942788e-05 -7.03843696564436e-05
14400 8040 -2178 9.50503339331519e-05 6.33318151086569e-05 1.65834520868957e-05 -6.89355455040932e-05
14400 8240 -2178 9.18483560633627e-05 6.1141367316246e-05 8.97663563769311e-06 -6.80071920752525e-05
14400 8440 -2178 9.06124229310362e-05 6.01374935060739e-05 1.76274813383134e-06 -6.76396802663803e-05
14400 8640 -2178 9.08128301867668e-05 6.03116499632597e-05 -5.41640689270571e-06 -6.76412018537522e-05
14400 8840 -2178 9.28814233895481e-05 6.13135924488306e-05 -1.31687365528196e-05 -6.85074951648712e-05
14400 9040 -2178 9.65063873988882e-05 6.33178652524948e-05 -2.12443320378661e-05 -6.97123243361711e-05
14400 9240 -2178 0.000103000060023006 6.70958137065172e-05 -3.11915149241686e-05 -7.16481277644634e-05
14400 9440 -2178 0.000112455201497798 7.23985676318407e-05 -4.2900614015758e-05 -7.45770506262779e-05
14600 9440 -2178 9.68010676194137e-05 7.75691018849611e-05 -4.68403578549623e-05 -3.40508737191558e-05
14600 9240 -2178 8.82109635172751e-05 7.17377782315016e-05 -3.4354661822319e-05 -3.81395132392645e-05
14600 9040 -2178 8.23996604219069e-05 6.76750078350306e-05 -2.37444488406181e-05 -4.05990152731538e-05
14600 8840 -2178 7.87832959063496e-05 6.49620916992426e-05 -1.48240302000195e-05 -4.21477265581489e-05
14600 8640 -2178 7.68680002006204e-05 6.36080337315798e-05 -6.325797598809e-06 -4.25642865076661e-05
14600 8440 -2178 7.67315079993526e-05 6.3489651158452e-05 1.27691167394119e-06 -4.28942212387919e-05
14600 8240 -2178 7.74898722603474e-05 6.42873157709837e-05 8.87579922471195e-06 -4.23065903559327e-05
14600 8040 -2178 8.02412363588371e-05 6.65631751269102e-05 1.70909917652607e-05 -4.14233959242702e-05
14600 7840 -2178 8.44830346039699e-05 7.0021073281765e-05 2.60519421957433e-05 -3.9442727342248e-05
14600 7640 -2178 9.1523557627207e-05 7.56470336765051e-05 3.63571086600423e-05 -3.62375742718577e-05
14600 7440 -2178 0.000102923847366960 8.4425252661109e-05 5.03926890641451e-05 -3.04704010784626e-05
14800 7440 -2178 8.50395660260799e-05 7.31945044100284e-05 4.3292797498405e-05 -9.35455655530858e-09
14800 7640 -2178 7.63094544197891e-05 6.82638679146767e-05 3.29877060055733e-05 -8.63022838626057e-06
14800 7840 -2178 7.04629307415048e-05 6.46903778463602e-05 2.41195704266429e-05 -1.40863744523376e-05
14800 8040 -2178 6.63479976509575e-05 6.18268145918846e-05 1.61453224942088e-05 -1.79151482284069e-05
14800 8240 -2178 6.41010560706624e-05 6.01682051718235e-05 8.65004307217896e-06 -2.02300231866539e-05
14800 8440 -2178 6.29490077727665e-05 5.93260528743267e-05 1.6258334239792e-06 -2.10082589834929e-05
14800 8640 -2178 6.34516390865368e-05 5.96610006839037e-05 -5.33014899585396e-06 -2.09745431914926e-05
14800 8840 -2178 6.49238424664618e-05 6.05106099098921e-05 -1.29623330775648e-05 -1.96790222451091e-05
14800 9040 -2178 6.78676462845775e-05 6.22567456662655e-05 -2.11121440157294e-05 -1.69580882154405e-05
14800 9240 -2178 7.28674186713498e-05 6.51917970478535e-05 -3.0115658480674e-05 -1.23277221061289e-05
14800 9440 -2178 8.02693755799426e-05 6.91310523450375e-05 -4.04312630072236e-05 -5.3964109304361e-06
15000 9440 -2178 6.33290039950207e-05 5.43609240353107e-05 -3.07652111575007e-05 1.03455867692828e-05
15000 9240 -2178 5.87406407155947e-05 5.34559036269784e-05 -2.40411862879992e-05 3.86660069925711e-06
15000 9040 -2178 5.49668615086863e-05 5.2054788172245e-05 -1.75358644723892e-05 -1.10873106173926e-06
15000 8840 -2178 5.29308313047328e-05 5.14870977550745e-05 -1.12715466264635e-05 -4.33480508055072e-06
15000 8640 -2178 5.14267032499646e-05 5.08595496341586e-05 -4.83939499085682e-06 -5.71100434241817e-06
15000 8440 -2178 5.13678017676701e-05 5.09629173874855e-05 1.03889072080347e-06 -6.32349096797407e-06
15000 8240 -2178 5.20052315486755e-05 5.12725983932615e-05 6.97169543802738e-06 -5.20658372528851e-06
15000 8040 -2178 5.37222085925635e-05 5.20041034221649e-05 1.31540173068643e-05 -2.93611171626617e-06
15000 7840 -2178 5.66624443716419e-05 5.32628584578633e-05 1.92810261435807e-05 1.22786468370759e-06
15000 7640 -2178 6.08367240033814e-05 5.46599002927542e-05 2.57760823406279e-05 6.64498648699373e-06
15000 7440 -2178 6.72197623741851e-05 5.63626210838556e-05 3.32300144731998e-05 1.53414654452354e-05
15200 7440 -2178 5.1869015356282e-05 4.0797254011035e-05 2.35789157412946e-05 2.15178550332785e-05
15200 7640 -2178 4.77172457933667e-05 4.09442159980536e-05 1.94096276164055e-05 1.49590467009693e-05
15200 7840 -2178 4.47812334549556e-05 4.10557251870632e-05 1.49369081482291e-05 9.59183038864285e-06
15200 8040 -2178 4.26779456894189e-05 4.08963200077415e-05 1.04785343967378e-05 6.11621448397636e-06
15200 8240 -2178 4.12425079289929e-05 4.06482628285885e-05 5.79588265204802e-06 3.89590236402e-06
15200 8440 -2178 4.08482632977367e-05 4.07235912010074e-05 1.43392403242615e-06 2.92710494923085e-06
15200 8640 -2178 4.07977788546345e-05 4.05242492556572e-05 -3.31256851112994e-06 3.35721187834497e-06
15200 8840 -2178 4.18045865945461e-05 4.07250139415264e-05 -8.26093498803676e-06 4.64264864264987e-06
15200 9040 -2178 4.30801308538751e-05 4.04507508575916e-05 -1.270104704611e-05 7.40938439685851e-06
15200 9240 -2178 4.56789661261805e-05 4.05776298865676e-05 -1.74567073024809e-05 1.17420921456069e-05
15200 9440 -2178 4.87837420779662e-05 4.01234608218074e-05 -2.16358068399131e-05 1.74964620433748e-05
15400 9440 -2178 3.6951868206857e-05 2.82215790078044e-05 -1.44285336900502e-05 1.91165963038802e-05
15400 9240 -2178 3.52460634745548e-05 2.94818547926843e-05 -1.22968296390027e-05 1.49290784765035e-05
15400 9040 -2178 3.36765939992151e-05 3.02779664248228e-05 -9.1999810859561e-06 1.17179672010243e-05
15400 8840 -2178 3.27354610417579e-05 3.08562191203237e-05 -5.96659875381738e-06 9.21743939165026e-06
15400 8640 -2178 3.21412327308853e-05 3.11118924766779e-05 -2.33092546298303e-06 7.63884384185076e-06
15400 8440 -2178 3.21887919155763e-05 3.1259241566062e-05 8.4154139725797e-07 7.63347560260445e-06
15400 8240 -2178 3.26584862154371e-05 3.12134589701891e-05 4.41824929468567e-06 8.29159621149302e-06
15400 8040 -2178 3.35046655319338e-05 3.10062101259828e-05 7.56130796857178e-06 1.01525495592505e-05
15400 7840 -2178 3.46552170214694e-05 3.02985605821014e-05 1.06866011209786e-05 1.29018887970597e-05
15400 7640 -2178 3.66942209689812e-05 2.96123692393303e-05 1.35615322291851e-05 1.68570066262037e-05
15400 7440 -2178 3.89984063213315e-05 2.79444974698126e-05 1.58538771755993e-05 2.20692912116647e-05
15600 7440 -2178 2.93800761257198e-05 1.90154688023031e-05 1.03748944532126e-05 1.98484856970608e-05
15600 7640 -2178 2.80840766973321e-05 2.07011318132281e-05 9.21130631305277e-06 1.6569446362555e-05
15600 7840 -2178 2.68464930393234e-05 2.18528121523559e-05 7.69760652631521e-06 1.36531431321055e-05
15600 8040 -2178 2.62368352903418e-05 2.28919876553118e-05 5.60590695030987e-06 1.14275664296001e-05
15600 8240 -2178 2.53850377221617e-05 2.31200284548104e-05 3.32374815836374e-06 9.94068018719554e-06
15600 8440 -2178 2.49353950969389e-05 2.31326257176697e-05 1.05087372460912e-06 9.36085578799248e-06
15600 8640 -2178 2.51024949087939e-05 2.31589089594781e-05 -1.28824400168469e-06 9.57958136498928e-06
15600 8840 -2178 2.54736298156088e-05 2.28018500432372e-05 -3.76853710008436e-06 1.07135231699795e-05
15600 9040 -2178 2.58516959742124e-05 2.19085540026426e-05 -6.05806804075837e-06 1.23008238002658e-05
15600 9240 -2178 2.68301986742141e-05 2.08964588157833e-05 -7.77577202953398e-06 1.49896730072796e-05
15600 9440 -2178 2.78494902836829e-05 1.93902676291764e-05 -9.16463733371347e-06 1.79153276532888e-05
15800 9440 -2178 2.21681752703896e-05 1.36569731123745e-05 -5.83922047168016e-06 1.63245229274034e-05
15800 9240 -2178 2.10291876861655e-05 1.49543644338846e-05 -4.94984050211497e-06 1.39317191373557e-05
15800 9040 -2178 2.03558578494062e-05 1.58911819197238e-05 -3.57484895660309e-06 1.22687061559409e-05
15800 8840 -2178 2.00702192921098e-05 1.6842143598944e-05 -2.28757490097541e-06 1.07936426978558e-05
15800 8640 -2178 1.97118518799984e-05 1.71921458430588e-05 -5.93409792838429e-07 9.60011282004416e-06
15800 8440 -2178 1.98893078977892e-05 1.74045732356608e-05 6.75814616706475e-07 9.35906520765275e-06
15800 8240 -2178 2.00686443983264e-05 1.71471093259752e-05 2.36211404448568e-06 1.01752367476001e-05
15800 8040 -2178 2.05000442267062e-05 1.68171509355307e-05 3.83460637369717e-06 1.10784042924643e-05
15800 7840 -2178 2.09624582094627e-05 1.59000648371875e-05 5.26118229329586e-06 1.2800108011812e-05
15800 7640 -2178 2.19400487439141e-05 1.49460638836026e-05 6.12512423004955e-06 1.49706346411258e-05
15800 7440 -2178 2.30617050212392e-05 1.33768794387579e-05 6.63840815890581e-06 1.75652572773397e-05
16000 7440 -2178 1.89257537321382e-05 9.56604979094118e-06 3.98427034963606e-06 1.57978386804462e-05
16000 7640 -2178 1.73708034705436e-05 1.05236944258213e-05 3.77644963790954e-06 1.32941753026098e-05
16000 7840 -2178 1.65053412509075e-05 1.1632063601166e-05 3.11819818598451e-06 1.13365546911955e-05
16000 8040 -2178 1.60048648723684e-05 1.23901836238802e-05 2.76484907412669e-06 9.99852639995515e-06
16000 8240 -2178 1.55929656973037e-05 1.26705112047493e-05 1.8459171870436e-06 8.94727076310664e-06
16000 8440 -2178 1.55679557158044e-05 1.29014836307615e-05 1.1512322940689e-06 8.55736392084509e-06
16000 8640 -2178 1.55351055384926e-05 1.27983537502587e-05 1.41433043131656e-08 8.62199467141181e-06
16000 8840 -2178 1.54724328865922e-05 1.22468123026192e-05 -8.16558676480781e-07 9.40095122996718e-06
16000 9040 -2178 1.59161744248123e-05 1.17020827308297e-05 -1.74581606478751e-06 1.06372574362904e-05
16000 9240 -2178 1.65957440401934e-05 1.07314576823264e-05 -2.50684448308311e-06 1.24847059268504e-05
16000 9440 -2178 1.80015673562945e-05 9.67723885830492e-06 -3.0858638128193e-06 1.48492796830833e-05
16200 9440 -2178 1.34483428144242e-05 6.36768892966211e-06 -6.66672762265534e-08 1.18776045255363e-05
16200 9240 -2178 1.24881882995972e-05 7.258941011969e-06 -1.93622687489551e-07 1.01115691456944e-05
16200 9040 -2178 1.19458539386621e-05 8.41423539351672e-06 -9.63604482112714e-08 8.53457214124501e-06
16200 8840 -2178 1.1618844218282e-05 8.97047867905349e-06 1.59486021520934e-07 7.29913411382586e-06
16200 8640 -2178 1.16093938189727e-05 9.35083666443825e-06 7.10582841898941e-07 6.84096224606037e-06
16200 8440 -2178 1.16409686872616e-05 9.56760843936354e-06 1.0358031500773e-06 6.44026140030474e-06
16200 8240 -2178 1.19108613708314e-05 9.61181385163218e-06 1.50614653142293e-06 6.85907366964966e-06
16200 8040 -2178 1.19887591614917e-05 9.06996368803084e-06 1.5979843507796e-06 7.67545118834823e-06
16200 7840 -2178 1.21888707895747e-05 8.52144816797227e-06 1.61535233555332e-06 8.56411869823933e-06
16200 7640 -2178 1.28295323226354e-05 7.79649829119444e-06 1.55193893836622e-06 1.01084179803729e-05
16200 7440 -2178 1.36045231061738e-05 6.17839868972078e-06 1.08102790349403e-06 1.22115330137312e-05
16400 7440 -2178 8.64468749212223e-06 4.15656180350288e-06 -1.02965439343097e-06 7.47283106297254e-06
16400 7640 -2178 8.18970942633627e-06 5.29322757548653e-06 -3.89817029308688e-08 6.24912495864555e-06
16400 7840 -2178 8.1701223344465e-06 6.15335331042297e-06 3.66925623568022e-07 5.35362441721372e-06
16400 8040 -2178 8.21401683741167e-06 6.85966333327815e-06 7.32003459304906e-07 4.45861665709526e-06
16400 8240 -2178 8.61816876292747e-06 7.5127272317186e-06 1.00260117602738e-06 4.13495015274384e-06
16400 8440 -2178 8.69528723193719e-06 7.707719611004e-06 1.45541114789739e-06 3.89258430230257e-06
16400 8640 -2178 8.64211328161905e-06 7.46011875942349e-06 1.15634255519944e-06 4.26479335536715e-06
16400 8840 -2178 8.5526808632864e-06 6.97517799306661e-06 1.22627954428231e-06 4.72460737329675e-06
16400 9040 -2178 8.52569823349691e-06 6.46679896814749e-06 1.47143852056979e-06 5.35750969708897e-06
16400 9240 -2178 8.81299760315801e-06 5.34682823740877e-06 1.77238691654748e-06 6.65488085662946e-06
16400 9440 -2178 9.72702105307366e-06 4.40439943922684e-06 2.44343418152948e-06 8.28492345754057e-06
16600 9440 -2178 6.86194838152874e-06 3.55601972158911e-06 4.11829829329508e-06 4.19815188631765e-06
16600 9240 -2178 6.33558088251117e-06 4.5223075763206e-06 3.30597850629419e-06 3.05592620332027e-06
16600 9040 -2178 6.35356453296523e-06 5.36139800748788e-06 2.52901344535258e-06 2.51296962261767e-06
16600 8840 -2178 6.45761541568588e-06 5.91419168654829e-06 1.96802559098433e-06 1.68819691532053e-06
16600 8640 -2178 6.8469993062371e-06 6.54999250359833e-06 1.69587829307147e-06 1.24306495162819e-06
16600 8440 -2178 6.73195546657618e-06 6.57183549273759e-06 1.33028955650298e-06 9.79418998864276e-07
16600 8240 -2178 6.44399171227758e-06 6.30767478258349e-06 6.20520495675919e-07 1.0582660290147e-06
16600 8040 -2178 5.99236727355153e-06 5.88195414282382e-06 1.3834856338417e-07 1.19594397700166e-06
16600 7840 -2178 5.72114432336554e-06 5.46233653789386e-06 -3.74293086395028e-07 1.65960133798581e-06
16600 7640 -2178 5.31184047549132e-06 4.65241130418144e-06 -1.14072943183783e-06 2.30301884645087e-06
16600 7440 -2178 4.98977926984997e-06 3.3675330063179e-06 -2.33740333329115e-06 2.96832033612009e-06
16800 7440 -2178 5.41798974875777e-06 4.23780370291206e-06 -3.09549264826637e-06 -1.32013991321583e-06
16800 7640 -2178 5.41974853792231e-06 4.96704022807535e-06 -1.67574641812826e-06 -1.33161035151352e-06
16800 7840 -2178 6.05310693615722e-06 5.67090713884682e-06 -6.86117858260332e-07 -2.04360172864108e-06
16800 8040 -2178 6.19349162446638e-06 5.87747897766531e-06 -8.76321676350926e-08 -2.01745311742707e-06
16800 8240 -2178 6.75915494133586e-06 6.42281053774059e-06 8.11034235057377e-07 -1.94316849162351e-06
16800 8440 -2178 6.96212341269335e-06 6.47769456962124e-06 1.40585066514382e-06 -2.14702968859183e-06
16800 8640 -2178 6.76642766844427e-06 6.26021027262323e-06 1.85489808913371e-06 -1.85998881806063e-06
16800 8840 -2178 6.85828166746756e-06 6.09818551666103e-06 2.72362172916473e-06 -1.53902589573045e-06
16800 9040 -2178 6.62581182303088e-06 5.6695057132747e-06 3.32807826618864e-06 -8.79934529629054e-07
16800 9240 -2178 6.33236009399218e-06 4.83039328786253e-06 4.08835332551098e-06 -2.26830620376859e-07
16800 9440 -2178 6.71246887952227e-06 3.99783539617783e-06 5.34742012433708e-06 3.63645834282124e-07
17000 9440 -2178 8.64513592459702e-06 5.19737207260914e-06 6.02086944039911e-06 -3.02426785469288e-06
17000 9240 -2178 8.39720737527187e-06 5.91112927719951e-06 4.77188409073278e-06 -3.4750746726786e-06
17000 9040 -2178 8.3766678989833e-06 6.26578897703439e-06 4.05639656848507e-06 -3.97702042886522e-06
17000 8840 -2178 8.68986636817008e-06 6.8308003381826e-06 3.03216954119853e-06 -4.37375734676607e-06
17000 8640 -2178 8.72626044808134e-06 7.03640879318118e-06 2.18810982838477e-06 -4.67426444287412e-06
17000 8440 -2178 8.81885502361171e-06 7.21272187121212e-06 1.472174161064e-06 -4.96870362898335e-06
17000 8240 -2178 8.98094775689261e-06 7.27249540295452e-06 7.32566124002915e-07 -5.10601691459306e-06
17000 8040 -2178 8.76388905572376e-06 7.0450416021049e-06 -7.82910001844357e-08 -5.19591280817986e-06
17000 7840 -2178 8.27628137164746e-06 6.6275237747468e-06 -8.40030692997971e-07 -4.95460267539602e-06
17000 7640 -2178 8.33759807659383e-06 6.29567682603374e-06 -2.1196341197624e-06 -5.05503459577449e-06
17000 7440 -2178 8.07590508055088e-06 5.68180522159674e-06 -3.11999352664861e-06 -4.81694640696514e-06
17200 7440 -2178 1.16311397868657e-05 7.52479527983815e-06 -3.24289519221202e-06 -8.18512005545199e-06
17200 7640 -2178 1.14546845931688e-05 7.86062759719789e-06 -1.91737764946447e-06 -8.00953754875809e-06
17200 7840 -2178 1.16196301914177e-05 8.29782527592034e-06 -1.00271373103487e-06 -7.92913399217651e-06
17200 8040 -2178 1.15400841600307e-05 8.48783571645617e-06 5.53145458097788e-08 -7.84552349243313e-06
17200 8240 -2178 1.14776704614897e-05 8.40827526897192e-06 8.35469745337832e-07 -7.76787078473717e-06
17200 8440 -2178 1.15989834540203e-05 8.59235189948231e-06 1.84526830644336e-06 -7.55406907713041e-06
17200 8640 -2178 1.12610752182787e-05 8.22047430370003e-06 2.48530666451552e-06 -7.25322512537241e-06
17200 8840 -2178 1.11857968831849e-05 7.96604363061488e-06 3.34897122511393e-06 -7.25456100841984e-06
17200 9040 -2178 1.1020285337763e-05 7.56761784851551e-06 4.28873346866749e-06 -6.76099134376273e-06
17200 9240 -2178 1.10689168611194e-05 7.27442206535488e-06 5.19044373731595e-06 -6.4936530245468e-06
17200 9440 -2178 1.1126794429429e-05 6.71245293039829e-06 6.40660689212382e-06 -6.13544683367945e-06
17400 9440 -2178 1.42273022309268e-05 8.77581939287484e-06 6.79212813777849e-06 -8.93021564092487e-06
17400 9240 -2178 1.39529836782616e-05 9.11229191534221e-06 5.62943303957582e-06 -8.99114069994539e-06
17400 9040 -2178 1.40790982688077e-05 9.48581338487566e-06 4.86984488647431e-06 -9.11480924673379e-06
17400 8840 -2178 1.4180958384231e-05 9.83951754495502e-06 3.86649681767449e-06 -9.53561187721789e-06
17400 8640 -2178 1.42188875672126e-05 1.00647591846064e-05 2.8290045932381e-06 -9.63006550632417e-06
17400 8440 -2178 1.4438009229808e-05 1.0213705772534e-05 1.98727168538608e-06 -9.95017164107412e-06
17400 8240 -2178 1.45692708696042e-05 1.02431513369083e-05 1.09079556657525e-06 -1.025061218068e-05
17400 8040 -2178 1.4589511225763e-05 1.02578146019951e-05 2.92516511464783e-07 -1.03353893589228e-05
17400 7840 -2178 1.47272319834168e-05 1.01103320196271e-05 -7.03213883911303e-07 -1.07113784942776e-05
17400 7640 -2178 1.46219795100199e-05 9.82990860752761e-06 -1.66167527364451e-06 -1.08213366344571e-05
17400 7440 -2178 1.48370331493573e-05 9.6868881219998e-06 -2.91026574523858e-06 -1.08646235559136e-05
17600 7440 -2178 1.83555638833206e-05 1.20980258435011e-05 -2.70071228924644e-06 -1.34649803768843e-05
17600 7640 -2178 1.79701824213489e-05 1.22225502841175e-05 -1.41956492043846e-06 -1.30463399775326e-05
17600 7840 -2178 1.77386442704504e-05 1.222979429923e-05 -4.77449263682502e-07 -1.27655866425484e-05
17600 8040 -2178 1.73048910449936e-05 1.20955988131464e-05 3.87225589277477e-07 -1.24868744462729e-05
17600 8240 -2178 1.75070199238497e-05 1.23695052135736e-05 1.3630366562445e-06 -1.21594432294369e-05
17600 8440 -2178 1.7133686357249e-05 1.21771942060441e-05 2.21579456708514e-06 -1.1947238471359e-05
17600 8640 -2178 1.73023739845103e-05 1.21322391126305e-05 3.14002582181274e-06 -1.19195424783975e-05
17600 8840 -2178 1.70713223942373e-05 1.18405670337379e-05 4.09629292218597e-06 -1.17125079073012e-05
17600 9040 -2178 1.69360772564727e-05 1.14355738591403e-05 4.93232327234e-06 -1.14188921544701e-05
17600 9240 -2178 1.69752170268818e-05 1.13037325255573e-05 5.84675555024296e-06 -1.1217807283625e-05
17600 9440 -2178 1.72591642275705e-05 1.09957446157932e-05 6.85835353983566e-06 -1.11349109765142e-05
17800 9440 -2178 1.99216386926555e-05 1.34224534537643e-05 6.84503305424005e-06 -1.30328413620591e-05
17800 9240 -2178 1.991599588693e-05 1.36161682922393e-05 6.24398026568815e-06 -1.3342918228358e-05
17800 9040 -2178 1.98729911902217e-05 1.38549199420959e-05 5.1275087769609e-06 -1.34288772903383e-05
17800 8840 -2178 1.99829539957967e-05 1.39240421913564e-05 4.29474316665437e-06 -1.37095612604171e-05
17800 8640 -2178 1.98424657594714e-05 1.40242867022753e-05 3.29956197466527e-06 -1.36355865187943e-05
17800 8440 -2178 2.01727804192568e-05 1.43366799075156e-05 2.47032598387887e-06 -1.39166805949062e-05
17800 8240 -2178 2.0439099015364e-05 1.45475443862379e-05 1.6028109225681e-06 -1.42673304453492e-05
17800 8040 -2178 2.05824482014123e-05 1.4409973366186e-05 7.52613989892552e-07 -1.44937208890915e-05
17800 7840 -2178 2.07486658827597e-05 1.45738071724772e-05 -2.25277284733238e-07 -1.47064256258309e-05
17800 7640 -2178 2.09576681976252e-05 1.44374178610742e-05 -1.1029300690825e-06 -1.51621693260968e-05
17800 7440 -2178 2.14854555214579e-05 1.45588795766234e-05 -2.14887939060645e-06 -1.55131468549371e-05
18000 7440 -2178 2.43088225750867e-05 1.70011071488261e-05 -1.63681130149962e-06 -1.73127837963402e-05
18000 7640 -2178 2.38758707506677e-05 1.68493629209697e-05 -8.65800805088839e-07 -1.69870859161019e-05
18000 7840 -2178 2.38453020225935e-05 1.68814467098564e-05 -3.35836097110588e-09 -1.6673019323498e-05
18000 8040 -2178 2.33177692239114e-05 1.67324362061918e-05 9.92102271170552e-07 -1.62284704390913e-05
18000 8240 -2178 2.30039504065701e-05 1.65189303569496e-05 1.87025362220447e-06 -1.59438588190824e-05
18000 8440 -2178 2.29261858548153e-05 1.65516972132027e-05 2.7542231506377e-06 -1.56038666013628e-05
18000 8640 -2178 2.28916072737664e-05 1.65197579618543e-05 3.54779801590485e-06 -1.53928416669369e-05
18000 8840 -2178 2.277052176743e-05 1.62867247201502e-05 4.20481691439636e-06 -1.52886912971735e-05
18000 9040 -2178 2.26058368184844e-05 1.61119359843433e-05 5.20731629687361e-06 -1.5053633313626e-05
18000 9240 -2178 2.26225449193069e-05 1.57665747143328e-05 6.1999273346737e-06 -1.50094568114728e-05
18000 9440 -2178 2.28425515230095e-05 1.5616287637502e-05 6.99726023990661e-06 -1.51311622038484e-05
18200 9440 -2178 2.52351197108231e-05 1.79108945094049e-05 7.05443664733321e-06 -1.64311199262738e-05
18200 9240 -2178 2.52544134433934e-05 1.80889199450612e-05 6.26308874692768e-06 -1.64032265823335e-05
18200 9040 -2178 2.50627102099205e-05 1.81745189279318e-05 5.33373726485297e-06 -1.64993515312672e-05
18200 8840 -2178 2.53319664288879e-05 1.85212894678116e-05 4.61253048025537e-06 -1.67893740534782e-05
18200 8640 -2178 2.53504293732849e-05 1.84817685857415e-05 3.73388076828997e-06 -1.6940716214478e-05
18200 8440 -2178 2.56106788891235e-05 1.87567841410637e-05 2.96474677136575e-06 -1.71843009293079e-05
18200 8240 -2178 2.5972279063878e-05 1.90726033076644e-05 2.11306935779066e-06 -1.74099770374596e-05
18200 8040 -2178 2.60069002091131e-05 1.91025811769068e-05 1.32095916782851e-06 -1.77151358313859e-05
18200 7840 -2178 2.63108605289989e-05 1.91753739453852e-05 5.23504929652518e-07 -1.78718637079e-05
18200 7640 -2178 2.68410946611608e-05 1.95156500153244e-05 -9.17328158545843e-08 -1.82623907737434e-05
18200 7440 -2178 2.71383585605096e-05 1.94720363132656e-05 -1.31891345178201e-06 -1.87003866806626e-05
18400 7440 -2178 2.9635124056358e-05 2.18188515901566e-05 -5.13005643679207e-07 -2.021610141173e-05
18400 7640 -2178 2.96337955984921e-05 2.19840245805681e-05 -6.30807755915157e-08 -1.9708641525358e-05
18400 7840 -2178 2.88686282811203e-05 2.14558099173009e-05 9.03480742229476e-07 -1.92818396948278e-05
18400 8040 -2178 2.8741264071238e-05 2.13963618353009e-05 1.50433408010122e-06 -1.90239774137735e-05
18400 8240 -2178 2.82361610237046e-05 2.11310482770205e-05 2.38312583476909e-06 -1.85804518014193e-05
18400 8440 -2178 2.82308914266655e-05 2.10382059365511e-05 3.05508981139064e-06 -1.85753478556871e-05
18400 8640 -2178 2.81806283439643e-05 2.11310987770557e-05 3.85949977366545e-06 -1.83228014260531e-05
18400 8840 -2178 2.79050985276834e-05 2.07546371854842e-05 4.77196600253228e-06 -1.82176398225129e-05
18400 9040 -2178 2.78022221978975e-05 2.05426500700414e-05 5.51678843889385e-06 -1.79087580740452e-05
18400 9240 -2178 2.78336662186843e-05 2.04107375107706e-05 6.39377327077091e-06 -1.78511671051383e-05
18400 9440 -2178 2.7713920649302e-05 2.00573471300304e-05 6.93294436857104e-06 -1.78240990303457e-05
18600 9440 -2178 3.02648760544822e-05 2.27095006406307e-05 7.06532795820385e-06 -1.88579872064292e-05
18600 9240 -2178 3.01184070805409e-05 2.25103947669268e-05 6.32539408188313e-06 -1.89943965487182e-05
18600 9040 -2178 3.03750249542266e-05 2.29745508022606e-05 5.55138796521351e-06 -1.92233846522868e-05
18600 8840 -2178 3.0289881116085e-05 2.28403395041823e-05 5.01141030760482e-06 -1.92991740331054e-05
18600 8640 -2178 3.05059343790615e-05 2.31306905038655e-05 4.1611739944492e-06 -1.94348638243973e-05
18600 8440 -2178 3.06352719768539e-05 2.3201957885176e-05 3.45738890550274e-06 -1.97036925815046e-05
18600 8240 -2178 3.0928334218415e-05 2.34756176061928e-05 2.67599500851429e-06 -1.99573617056012e-05
18600 8040 -2178 3.14485290513137e-05 2.3854015763849e-05 1.8446166983972e-06 -2.03500121645629e-05
18600 7840 -2178 3.15285639078931e-05 2.39100831411779e-05 1.39022506145648e-06 -2.05087744630873e-05
18600 7640 -2178 3.17015738267616e-05 2.39832401648164e-05 4.97131766594975e-07 -2.0717961423099e-05
18600 7440 -2178 3.21120353984407e-05 2.40878294892609e-05 -2.45986391098995e-07 -2.11509603857994e-05
18800 7440 -2178 3.4671601293508e-05 2.66767928488553e-05 2.70019222389237e-07 -2.21613352894783e-05
18800 7640 -2178 3.40913211797927e-05 2.6132614467293e-05 8.22132513583711e-07 -2.18775853104889e-05
18800 7840 -2178 3.38420243122404e-05 2.60767842382193e-05 1.37436042023546e-06 -2.13795270733535e-05
18800 8040 -2178 3.34924610880969e-05 2.57888948395848e-05 2.25423976813181e-06 -2.11695006303489e-05
18800 8240 -2178 3.32226983123892e-05 2.57310666628182e-05 2.84960939835219e-06 -2.07075667902827e-05
18800 8440 -2178 3.31023382970659e-05 2.55135514102876e-05 3.67269960085105e-06 -2.07514508590102e-05
18800 8640 -2178 3.27040794003424e-05 2.52904164232314e-05 4.40156102884794e-06 -2.02857638075948e-05
18800 8840 -2178 3.26171728755516e-05 2.51884971633554e-05 4.98224709765054e-06 -2.01538169570267e-05
18800 9040 -2178 3.26229140733839e-05 2.48824901431799e-05 5.75381047441624e-06 -2.00421090126038e-05
18800 9240 -2178 3.25974531962083e-05 2.48915980868042e-05 6.47754657175392e-06 -1.98458491712809e-05
18800 9440 -2178 3.25129170804003e-05 2.47104696966708e-05 7.10541005246341e-06 -1.98884069435298e-05
19000 9440 -2178 3.49050513282962e-05 2.70547452904284e-05 6.86345980223268e-06 -2.08281713910401e-05
19000 9240 -2178 3.47944014471606e-05 2.69440675489605e-05 6.38845025794581e-06 -2.09445466212928e-05
19000 9040 -2178 3.4759400614341e-05 2.70241744555533e-05 5.84459235274699e-06 -2.0992860943079e-05
19000 8840 -2178 3.46437646360305e-05 2.69952861554921e-05 5.09003295499133e-06 -2.11180130131543e-05
19000 8640 -2178 3.49124820628336e-05 2.73451802656055e-05 4.43307395736338e-06 -2.124783224985e-05
19000 8440 -2178 3.51125012789961e-05 2.74627755731344e-05 3.94537013233639e-06 -2.15123412013054e-05
19000 8240 -2178 3.53813736105476e-05 2.76450804360211e-05 3.08038044371642e-06 -2.17097645886242e-05
19000 8040 -2178 3.5582018952828e-05 2.79259528331459e-05 2.6169155073294e-06 -2.18663872927427e-05
19000 7840 -2178 3.59788294521032e-05 2.82303210049868e-05 2.01488820922623e-06 -2.22617611065507e-05
19000 7640 -2178 3.6382103161924e-05 2.83306655548513e-05 1.16291151511177e-06 -2.27617387026548e-05
19000 7440 -2178 3.67944047154745e-05 2.86849176548421e-05 5.83934028497879e-07 -2.30361181311309e-05
