# amount of points in x direction: 11 (distance of 200 steps)
# amount of points in y direction: 33 (distance of 200 steps)
# abs. coordinates of point 1: P1 (, , ) (offsets not corrected)
# Offsets of the hall probe have already been corrected for all following coordinates.
#
# X (absolute in steps=10um) Y (absolute in steps=10um) Z (absolute in steps=10um) Babs(in T) Bx By Bz
6000 8440 -3978 3.80439563268773e-05 3.7970357760787e-05 -2.18398269967361e-06 8.51370465137733e-07
6000 8640 -3978 3.80676832047824e-05 3.79807282164693e-05 -2.46960364851839e-06 7.16830904460949e-07
6000 8840 -3978 3.78521903408387e-05 3.77590312361717e-05 -2.50547832380107e-06 6.34774520694918e-07
6000 9040 -3978 3.7802477982922e-05 3.76799819990993e-05 -2.81198412072263e-06 5.98293807072878e-07
6000 9240 -3978 3.76030740351935e-05 3.74596904292703e-05 -3.25419171286558e-06 5.27371273425388e-07
6000 9440 -3978 3.76933567696489e-05 3.75253419578075e-05 -3.55166084007942e-06 8.82454829006747e-08
6000 9640 -3978 3.76153261212688e-05 3.74168589264154e-05 -3.87004813768726e-06 -1.60966674709016e-07
6000 9840 -3978 3.76873337301041e-05 3.74486348032951e-05 -4.23085611275746e-06 -3.26497910053149e-07
6000 10040 -3978 3.76173895303131e-05 3.73558745086193e-05 -4.34864767745603e-06 -7.82840030220541e-07
6000 10240 -3978 3.79196497646646e-05 3.75986039862037e-05 -4.82331034960225e-06 -1.00696673782295e-06
6000 10440 -3978 3.77506008056917e-05 3.73683466315269e-05 -5.07703201426193e-06 -1.68505796306272e-06
6000 10640 -3978 3.79907406139041e-05 3.75356160253286e-05 -5.6026824133005e-06 -2.08246642486665e-06
6000 10840 -3978 3.79096658001525e-05 3.73863180801272e-05 -5.63802115176804e-06 -2.9972984359556e-06
6000 11040 -3978 3.811433378064e-05 3.75003425851464e-05 -5.79121528728865e-06 -3.61271908553317e-06
6000 11240 -3978 3.84106819860226e-05 3.76436859965324e-05 -6.05879641603678e-06 -4.58705676719546e-06
6000 11440 -3978 3.84752311830543e-05 3.76260411143303e-05 -6.00932930549607e-06 -5.31659374106675e-06
6000 11640 -3978 3.87219330557619e-05 3.76943316459656e-05 -6.26910351216793e-06 -6.21000986057334e-06
6000 11840 -3978 3.88616879679845e-05 3.7701522320509e-05 -6.15784644987434e-06 -7.2718831691891e-06
6000 12040 -3978 3.93797182333542e-05 3.80083911120892e-05 -6.06476423982531e-06 -8.22363951429725e-06
6000 12240 -3978 3.97229578249111e-05 3.81467325016856e-05 -5.99659660062753e-06 -9.49930163938552e-06
6000 12440 -3978 4.00247906967278e-05 3.82353402674198e-05 -5.54973830189556e-06 -1.04519390417263e-05
6000 12640 -3978 4.04345587426069e-05 3.84470672979951e-05 -5.27767959435005e-06 -1.12818228360266e-05
6000 12840 -3978 4.08536149283287e-05 3.86266463845968e-05 -4.52593172964407e-06 -1.26872824523598e-05
6000 13040 -3978 4.12991617914432e-05 3.87904367670417e-05 -4.16188159375452e-06 -1.36366046592593e-05
6000 13240 -3978 4.16351226992319e-05 3.88614034801722e-05 -3.43356081853563e-06 -1.44847728908062e-05
6000 13440 -3978 4.2161946779227e-05 3.92005138322711e-05 -2.80127319355961e-06 -1.52676894124597e-05
6000 13640 -3978 4.28505448327197e-05 3.95201964899898e-05 -2.17204304676852e-06 -1.63250251412392e-05
6000 13840 -3978 4.32871936153746e-05 3.97207522839308e-05 -1.40614992401606e-06 -1.70234343390912e-05
6000 14040 -3978 4.37680476497122e-05 3.99765205457807e-05 -5.24419438839004e-07 -1.779096224159e-05
6000 14240 -3978 4.42168789645008e-05 4.03097994476557e-05 2.00609349056322e-07 -1.8137706886977e-05
6000 14440 -3978 4.49396701418875e-05 4.07505569085479e-05 1.10633528384005e-06 -1.89140711203218e-05
6000 14640 -3978 4.51430327334697e-05 4.0852421566844e-05 1.87691504245959e-06 -1.92378557920456e-05
6000 14840 -3978 4.57439906516661e-05 4.12279457300901e-05 2.87786698221498e-06 -1.97100006937981e-05
6200 14840 -3978 4.48023424251166e-05 4.00956275686622e-05 2.32751098248036e-06 -1.98491775877774e-05
6200 14640 -3978 4.44490442167149e-05 3.98460592627525e-05 1.56367445651085e-06 -1.95805929377675e-05
6200 14440 -3978 4.38816769320384e-05 3.9472860455513e-05 7.48511946199869e-07 -1.91240295507014e-05
6200 14240 -3978 4.34245649120322e-05 3.92515509352088e-05 -1.90847530560859e-07 -1.85734262913465e-05
6200 14040 -3978 4.28875797753459e-05 3.88999572396278e-05 -1.13744146351451e-06 -1.81599734537304e-05
6200 13840 -3978 4.24236713456489e-05 3.87216435298324e-05 -2.18177459453e-06 -1.71441168896854e-05
6200 13640 -3978 4.18282213766533e-05 3.83977138400078e-05 -2.73763447810779e-06 -1.63253400530666e-05
6200 13440 -3978 4.11989099715158e-05 3.79922669157386e-05 -3.61448668770026e-06 -1.5524456217885e-05
6200 13240 -3978 4.06699846155905e-05 3.77779237776995e-05 -4.36957310396247e-06 -1.44146784413606e-05
6200 13040 -3978 4.01455423445169e-05 3.75586392953992e-05 -4.93297268389142e-06 -1.3416551027447e-05
6200 12840 -3978 3.97414063089229e-05 3.73717365413904e-05 -5.7240134049207e-06 -1.23613058384508e-05
6200 12640 -3978 3.90018752721089e-05 3.69386942759156e-05 -6.1373664708808e-06 -1.10582839883864e-05
6200 12440 -3978 3.86296198646881e-05 3.67795191332698e-05 -6.53277193801478e-06 -9.91464345809072e-06
6200 12240 -3978 3.81691198742048e-05 3.65665310025215e-05 -6.78702696366235e-06 -8.57237551454455e-06
6200 12040 -3978 3.78949767556671e-05 3.64987265542149e-05 -6.92577356379479e-06 -7.47702372446656e-06
6200 11840 -3978 3.76585594564555e-05 3.64129514470696e-05 -7.3216072069481e-06 -6.33803687896579e-06
6200 11640 -3978 3.71687949381337e-05 3.6066982626915e-05 -7.19928048364818e-06 -5.37237767293118e-06
6200 11440 -3978 3.69329138943472e-05 3.60131990611553e-05 -7.10829960787669e-06 -3.98871786228847e-06
6200 11240 -3978 3.66977828569521e-05 3.59205939024687e-05 -6.94332014210522e-06 -3.24713984162372e-06
6200 11040 -3978 3.64198960430022e-05 3.57439977377653e-05 -6.5883635240607e-06 -2.36802047875244e-06
6200 10840 -3978 3.63570229116787e-05 3.57193200439215e-05 -6.6083856462501e-06 -1.44750352311894e-06
6200 10640 -3978 3.63170426708461e-05 3.58014099448919e-05 -6.02011131402105e-06 -8.85262594846609e-07
6200 10440 -3978 3.62984675991156e-05 3.58579444438219e-05 -5.62830184050836e-06 -3.29831320457743e-07
6200 10240 -3978 3.61637906888553e-05 3.57925610393286e-05 -5.10951382108033e-06 2.71796397974185e-07
6200 10040 -3978 3.61774083460006e-05 3.58227347955108e-05 -5.04939277935773e-06 6.31515615277749e-07
6200 9840 -3978 3.62814920442234e-05 3.59983589798212e-05 -4.40556536967051e-06 1.02191340786067e-06
6200 9640 -3978 3.62956008504483e-05 3.6019389256835e-05 -4.27386186295189e-06 1.24434514636596e-06
6200 9440 -3978 3.60683494588767e-05 3.58128412589431e-05 -3.86790493852459e-06 1.71194593988184e-06
6200 9240 -3978 3.61151917931601e-05 3.58876864239573e-05 -3.55766793675502e-06 1.92977725249193e-06
6200 9040 -3978 3.62821461304473e-05 3.59378381073475e-05 -3.03547170040838e-06 1.86489388081736e-06
6200 8840 -3978 3.64450344432602e-05 3.62666280716658e-05 -2.90468517329282e-06 2.20092837758511e-06
6200 8640 -3978 3.63730687572585e-05 3.62326256707311e-05 -2.4494867975518e-06 2.26534709404223e-06
6200 8440 -3978 3.650759604699e-05 3.63625045344233e-05 -2.1295002544357e-06 2.29815106102978e-06
6400 8440 -3978 3.48926166702476e-05 3.459497448802e-05 -2.42323271336591e-06 3.8081710630795e-06
6400 8640 -3978 3.48346446742748e-05 3.45261175781488e-05 -2.600345741924e-06 3.82594780221552e-06
6400 8840 -3978 3.4606618226339e-05 3.427624899894e-05 -2.9334892052575e-06 3.52436042643876e-06
6400 9040 -3978 3.46364367936976e-05 3.43006929606199e-05 -3.37690716081124e-06 3.6417247641366e-06
6400 9240 -3978 3.46994827363328e-05 3.43149844408035e-05 -3.61216288397554e-06 3.54602007172798e-06
6400 9440 -3978 3.46937570498261e-05 3.43007482513785e-05 -4.14857638272224e-06 3.23061646446149e-06
6400 9640 -3978 3.4775668890645e-05 3.43484750390053e-05 -4.46825241920305e-06 3.09259269948234e-06
6400 9840 -3978 3.4775212552641e-05 3.432584887743e-05 -4.58546348364325e-06 2.66585233564183e-06
6400 10040 -3978 3.47085667084576e-05 3.42140691056848e-05 -5.18144356040284e-06 2.22253861542322e-06
6400 10240 -3978 3.47160133867483e-05 3.41461157798767e-05 -5.96662256680429e-06 2.03314323426093e-06
6400 10440 -3978 3.48242418006783e-05 3.42490065693855e-05 -6.1615781323053e-06 1.29669873405783e-06
6400 10640 -3978 3.47508540123074e-05 3.4083907134831e-05 -6.73080873116851e-06 7.78037809714988e-07
6400 10840 -3978 3.47963646403655e-05 3.40550549179316e-05 -7.17371904337779e-06 -2.5550649894285e-08
6400 11040 -3978 3.51751536191634e-05 3.43763647675514e-05 -7.47647078428417e-06 -6.50066498868909e-07
6400 11240 -3978 3.52376591556537e-05 3.43730477020144e-05 -7.59804018167779e-06 -1.6981998111587e-06
6400 11440 -3978 3.5457832728946e-05 3.44517097473144e-05 -7.9305888209492e-06 -2.72825187139097e-06
6400 11640 -3978 3.58009117853337e-05 3.46530444025993e-05 -8.22232217341662e-06 -3.80566247043316e-06
6400 11840 -3978 3.60129806217067e-05 3.46901476457715e-05 -8.27238331455737e-06 -5.06000099616358e-06
6400 12040 -3978 3.62780775085965e-05 3.4744073882699e-05 -8.2702727643773e-06 -6.35822808090598e-06
6400 12240 -3978 3.68118160906813e-05 3.50120997726917e-05 -8.16708179097623e-06 -7.77481924463063e-06
6400 12440 -3978 3.7078435720367e-05 3.50997020080686e-05 -7.83654149621725e-06 -9.02274524699897e-06
6400 12640 -3978 3.76955661121464e-05 3.53717573881149e-05 -7.57369684893638e-06 -1.04318636609241e-05
6400 12840 -3978 3.82607371295481e-05 3.57809716314077e-05 -6.69211084698327e-06 -1.16431511975825e-05
6400 13040 -3978 3.87510989657728e-05 3.59295351877809e-05 -6.360017567873e-06 -1.29819256514311e-05
6400 13240 -3978 3.91496284861757e-05 3.60762284845114e-05 -5.5342095696833e-06 -1.41829558983445e-05
6400 13440 -3978 3.99283569021661e-05 3.64812801331282e-05 -4.76724975323305e-06 -1.55336887463927e-05
6400 13640 -3978 4.06552599653369e-05 3.68928459659219e-05 -3.9146094461903e-06 -1.66184938214719e-05
6400 13840 -3978 4.12410263334975e-05 3.73144387900829e-05 -3.00041347273509e-06 -1.74117306657136e-05
6400 14040 -3978 4.19658648838878e-05 3.76035514473915e-05 -1.97279277643975e-06 -1.85263373292983e-05
6400 14240 -3978 4.24468378883528e-05 3.80404078066349e-05 -7.65289093830916e-07 -1.90218227356672e-05
6400 14440 -3978 4.30984826771129e-05 3.84604996144772e-05 4.05731299468243e-07 -1.94449109174311e-05
6400 14640 -3978 4.34990866154947e-05 3.86716592162847e-05 1.22326861532179e-06 -1.99304762333631e-05
6400 14840 -3978 4.42441436683217e-05 3.92168858274818e-05 2.10651160786801e-06 -2.03343036398292e-05
6600 14840 -3978 4.34928825290637e-05 3.80841152444482e-05 1.80655611060888e-06 -2.08069637343287e-05
6600 14640 -3978 4.28414490037128e-05 3.75721871033311e-05 8.57313644418355e-07 -2.05988486334682e-05
6600 14440 -3978 4.2149464654079e-05 3.70279221087694e-05 -1.50477444797616e-07 -2.01367254406214e-05
6600 14240 -3978 4.14894709203621e-05 3.66036838069558e-05 -1.30176617337975e-06 -1.93983972519636e-05
6600 14040 -3978 4.09278006784813e-05 3.62244238853455e-05 -2.49248171983163e-06 -1.87720122337341e-05
6600 13840 -3978 4.02033019963973e-05 3.57594032213092e-05 -3.86522162239999e-06 -1.78367572575808e-05
6600 13640 -3978 3.94759523054637e-05 3.53928424715996e-05 -4.75093932601158e-06 -1.68861974086612e-05
6600 13440 -3978 3.87734707639798e-05 3.50158692076802e-05 -5.64984717463813e-06 -1.56517292205244e-05
6600 13240 -3978 3.82589793347817e-05 3.480710940063e-05 -6.60981839476153e-06 -1.44443628545851e-05
6600 13040 -3978 3.74733793544405e-05 3.43154928386211e-05 -7.5187523746863e-06 -1.30503211058676e-05
6600 12840 -3978 3.71894147836066e-05 3.44498540982604e-05 -8.10755981784314e-06 -1.15027038436383e-05
6600 12640 -3978 3.63917728147698e-05 3.38671933040023e-05 -8.65255110710859e-06 -1.00798180792481e-05
6600 12440 -3978 3.58893870253499e-05 3.36533382311463e-05 -9.0714915972203e-06 -8.66486406885088e-06
6600 12240 -3978 3.54121024402791e-05 3.34030578508973e-05 -9.44052337948233e-06 -7.03828858630732e-06
6600 12040 -3978 3.49288436031257e-05 3.3126407109201e-05 -9.58070669695735e-06 -5.55655708815903e-06
6600 11840 -3978 3.45846242842797e-05 3.29624207764864e-05 -9.58922248426825e-06 -3.99258778832154e-06
6600 11640 -3978 3.42924450826287e-05 3.2888645529747e-05 -9.47950550913811e-06 -2.67138239333508e-06
6600 11440 -3978 3.40215278885587e-05 3.27046767473221e-05 -9.26570027880371e-06 -1.41960454652781e-06
6600 11240 -3978 3.37798485136584e-05 3.26227716058493e-05 -8.76332871895284e-06 -2.01601571851143e-07
6600 11040 -3978 3.35171374218615e-05 3.24540215060115e-05 -8.3228372214362e-06 1.00365665978143e-06
6600 10840 -3978 3.34031112117215e-05 3.2420531861484e-05 -7.8479652768001e-06 1.84093716898133e-06
6600 10640 -3978 3.34429936779246e-05 3.25010112673044e-05 -7.52202171552926e-06 2.35314301634207e-06
6600 10440 -3978 3.32712321153587e-05 3.23925151452422e-05 -7.01742295455188e-06 3.0528730119695e-06
6600 10240 -3978 3.30875145659676e-05 3.22784403860569e-05 -6.34174084151164e-06 3.47019845660543e-06
6600 10040 -3978 3.31819701353405e-05 3.24572217538953e-05 -5.88984765205532e-06 3.83963477162979e-06
6600 9840 -3978 3.27695431801651e-05 3.20583877116442e-05 -5.38288814434782e-06 4.21669205679791e-06
6600 9640 -3978 3.31291499721048e-05 3.24514191970229e-05 -4.75669338228181e-06 4.58926172042266e-06
6600 9440 -3978 3.30682132995232e-05 3.24626041427255e-05 -4.17472481393998e-06 4.71781049040146e-06
6600 9240 -3978 3.31766528659358e-05 3.25266142114997e-05 -3.79381549429672e-06 4.93757892772555e-06
6600 9040 -3978 3.32394716031007e-05 3.26966246515512e-05 -3.49670077449991e-06 4.97728131874465e-06
6600 8840 -3978 3.32114869768357e-05 3.264432182163e-05 -3.22392152491375e-06 5.21458087893552e-06
6600 8640 -3978 3.32983335541921e-05 3.27425786778331e-05 -2.77607816719683e-06 5.43581164558418e-06
6600 8440 -3978 3.34457725628694e-05 3.29256741032004e-05 -2.24527327109831e-06 5.45081781363115e-06
6800 8440 -3978 3.17883082663082e-05 3.09212585836649e-05 -2.5450043608671e-06 6.92064034892246e-06
6800 8640 -3978 3.16030509310091e-05 3.07410809546709e-05 -2.9073721018267e-06 6.72077184729278e-06
6800 8840 -3978 3.17325784176763e-05 3.08572834730148e-05 -3.18190202901314e-06 6.74915304966271e-06
6800 9040 -3978 3.1588984928113e-05 3.06973211616278e-05 -3.54227986271144e-06 6.58865796774626e-06
6800 9240 -3978 3.15786130758956e-05 3.06036942601204e-05 -4.08421232586261e-06 6.46804048679769e-06
6800 9440 -3978 3.15773254713324e-05 3.05229698270559e-05 -4.54089928674512e-06 6.16701609361917e-06
6800 9640 -3978 3.15864791307028e-05 3.06126530468464e-05 -4.93336423658184e-06 6.09834752418101e-06
6800 9840 -3978 3.16595599528114e-05 3.05136790499091e-05 -5.43245397787541e-06 6.18380748573691e-06
6800 10040 -3978 3.17515707078785e-05 3.06305979043245e-05 -6.12821021769196e-06 5.82247665617615e-06
6800 10240 -3978 3.16994466678683e-05 3.0501120172441e-05 -6.70130430907011e-06 5.44326260918751e-06
6800 10440 -3978 3.18620114708977e-05 3.05201653838158e-05 -7.51971550472081e-06 4.94868597568711e-06
6800 10640 -3978 3.18502998253736e-05 3.05139115899801e-05 -8.12090966291725e-06 4.34137654316146e-06
6800 10840 -3978 3.18903409200543e-05 3.04472802951932e-05 -8.80865279678256e-06 3.30804404316587e-06
6800 11040 -3978 3.22917074210042e-05 3.07676657065749e-05 -9.42473021149635e-06 2.63781956810453e-06
6800 11240 -3978 3.23982536276765e-05 3.07728238552809e-05 -1.00349573176354e-05 1.40704716635355e-06
6800 11440 -3978 3.24209545609421e-05 3.07564587965608e-05 -1.03679657839239e-05 4.96028696072927e-07
6800 11640 -3978 3.30039565018551e-05 3.11693980917335e-05 -1.07499316837639e-05 -9.12298676757018e-07
6800 11840 -3978 3.32686487742239e-05 3.12840334698558e-05 -1.10786752738059e-05 -2.24821846261239e-06
6800 12040 -3978 3.37042565621306e-05 3.15285051316023e-05 -1.11527464557439e-05 -4.14991559885675e-06
6800 12240 -3978 3.38697311724013e-05 3.14975375235081e-05 -1.10363700445741e-05 -5.76735258894041e-06
6800 12440 -3978 3.44940932807851e-05 3.19137832522392e-05 -1.07373952046037e-05 -7.34625748544932e-06
6800 12640 -3978 3.49438037445581e-05 3.19675004035235e-05 -1.03950228448957e-05 -9.54420442692935e-06
6800 12840 -3978 3.57660073964522e-05 3.25089402273297e-05 -9.74024251941592e-06 -1.11761160306633e-05
6800 13040 -3978 3.62681769143153e-05 3.27952160909772e-05 -8.9085801243782e-06 -1.28589962478727e-05
6800 13240 -3978 3.70806604531688e-05 3.3202847905457e-05 -8.24939682334661e-06 -1.43576152138412e-05
6800 13440 -3978 3.76066788962289e-05 3.34063025340438e-05 -7.22609409503639e-06 -1.57254317551851e-05
6800 13640 -3978 3.84748265787854e-05 3.3990634419024e-05 -5.94021026464179e-06 -1.70194874797016e-05
6800 13840 -3978 3.92535381934481e-05 3.43751690238714e-05 -4.68715279689059e-06 -1.82942902334034e-05
6800 14040 -3978 3.97998484512104e-05 3.45923655703664e-05 -3.40281619201414e-06 -1.94052773825824e-05
6800 14240 -3978 4.08021553308973e-05 3.53777460753918e-05 -2.26906051115657e-06 -2.00681243091822e-05
6800 14440 -3978 4.12164117065504e-05 3.56111946925521e-05 -8.23703493518224e-07 -2.07354025542736e-05
6800 14640 -3978 4.20292561181388e-05 3.6269442461431e-05 3.51788509448397e-07 -2.12335149757564e-05
6800 14840 -3978 4.25604500324889e-05 3.66721528097987e-05 1.50792416648801e-06 -2.16440779864788e-05
7000 14840 -3978 4.19105961274364e-05 3.53684915602207e-05 1.42666197905419e-06 -2.23092893734574e-05
7000 14640 -3978 4.13079036182907e-05 3.49047932550311e-05 1.06625672450718e-07 -2.22057722210884e-05
7000 14440 -3978 4.0669966862978e-05 3.43570758253336e-05 -1.33748627203931e-06 -2.17568345926702e-05
7000 14240 -3978 3.98881842441125e-05 3.37541811540723e-05 -2.65156246758124e-06 -2.11709938533604e-05
7000 14040 -3978 3.92250685293035e-05 3.33560507968068e-05 -4.19712256893399e-06 -2.00364288501441e-05
7000 13840 -3978 3.84203804895607e-05 3.28330287635326e-05 -5.70517858862877e-06 -1.91198534630239e-05
7000 13640 -3978 3.76835587824902e-05 3.24600596278906e-05 -7.0028610075824e-06 -1.78144623599947e-05
7000 13440 -3978 3.68042236200596e-05 3.19362666383386e-05 -8.28729499969631e-06 -1.63855979926884e-05
7000 13240 -3978 3.58750941423915e-05 3.13551401048899e-05 -9.4850755808875e-06 -1.46418286766857e-05
7000 13040 -3978 3.52911721489647e-05 3.11157156229019e-05 -1.05333698084578e-05 -1.30263294409961e-05
7000 12840 -3978 3.46405272075743e-05 3.06968962401152e-05 -1.15868574026972e-05 -1.09622360039502e-05
7000 12640 -3978 3.39017479303281e-05 3.03726007342339e-05 -1.21106107663363e-05 -8.87234651390463e-06
7000 12440 -3978 3.33912078745436e-05 3.0094803057611e-05 -1.26160668451339e-05 -7.07887346995994e-06
7000 12240 -3978 3.27966158818813e-05 2.99118701592088e-05 -1.2666107499972e-05 -4.98987058829516e-06
7000 12040 -3978 3.24810267336979e-05 2.96850055158138e-05 -1.28173739332706e-05 -2.92950165149887e-06
7000 11840 -3978 3.20804364423998e-05 2.94552893340588e-05 -1.26681022699922e-05 -1.09165626161484e-06
7000 11640 -3978 3.17864424168309e-05 2.92385631799698e-05 -1.24573509469628e-05 6.26755713039529e-07
7000 11440 -3978 3.15434453347444e-05 2.92398707419634e-05 -1.16280640233308e-05 2.19249393353857e-06
7000 11240 -3978 3.12922787286459e-05 2.90759464390576e-05 -1.10965652391315e-05 3.38807494841876e-06
7000 11040 -3978 3.12292940858125e-05 2.90470182970166e-05 -1.0428133812733e-05 4.5809190038126e-06
7000 10840 -3978 3.08648455768611e-05 2.88286392241716e-05 -9.59657199587673e-06 5.47582153696567e-06
7000 10640 -3978 3.08008776484026e-05 2.88716660775244e-05 -8.74794356711209e-06 6.19345744373277e-06
7000 10440 -3978 3.07081043950402e-05 2.88659702427685e-05 -7.83584048319608e-06 6.81698469538242e-06
7000 10240 -3978 3.04838181309376e-05 2.86226291768253e-05 -7.29387491755188e-06 7.43733306787908e-06
7000 10040 -3978 3.04738058828993e-05 2.87649800218642e-05 -6.52714889799245e-06 7.6567027233541e-06
7000 9840 -3978 3.03527547902773e-05 2.87619845755398e-05 -5.84059905679897e-06 7.71198828145862e-06
7000 9640 -3978 3.02592429122054e-05 2.87927545011044e-05 -5.10112412343733e-06 7.80271234083921e-06
7000 9440 -3978 3.01481166657402e-05 2.87024129964411e-05 -4.87412230600603e-06 7.9034525314346e-06
7000 9240 -3978 3.01475249386548e-05 2.87382543832064e-05 -4.43309829843929e-06 8.06093925330788e-06
7000 9040 -3978 3.00763142808847e-05 2.87859832122922e-05 -3.67555924379849e-06 7.90701961982995e-06
7000 8840 -3978 3.03287500472206e-05 2.90702609233558e-05 -3.29779466863511e-06 7.99234381131828e-06
7000 8640 -3978 3.01567539343994e-05 2.8880711670965e-05 -2.90384559650102e-06 8.19094680529088e-06
7000 8440 -3978 3.02201804785058e-05 2.894582599774e-05 -2.56315733029623e-06 8.37336352840066e-06
7200 8440 -3978 2.89816567061829e-05 2.71456837691367e-05 -2.91207256027701e-06 9.72795485332608e-06
7200 8640 -3978 2.88166866053518e-05 2.70014147013426e-05 -3.11035992835969e-06 9.51962583325803e-06
7200 8840 -3978 2.86734777127499e-05 2.68313407488167e-05 -3.38784406142076e-06 9.46746530663222e-06
7200 9040 -3978 2.87336490862507e-05 2.69236701466143e-05 -3.61922857925674e-06 9.38627882767469e-06
7200 9240 -3978 2.88146729403204e-05 2.6872277919203e-05 -4.13200230928487e-06 9.46617164090276e-06
7200 9440 -3978 2.88250963538463e-05 2.6795638769865e-05 -4.65228903898969e-06 9.53028465528041e-06
7200 9640 -3978 2.89799966376174e-05 2.67926473505795e-05 -5.31526769534685e-06 9.42412663530558e-06
7200 9840 -3978 2.87147256790694e-05 2.64322382286191e-05 -5.85769862728194e-06 9.57592905499041e-06
7200 10040 -3978 2.91374238606668e-05 2.67338005974889e-05 -6.63313699932769e-06 9.4550295136869e-06
7200 10240 -3978 2.91652945720282e-05 2.65694883428514e-05 -7.51657035108656e-06 9.25083712860942e-06
7200 10440 -3978 2.9628290197261e-05 2.68853803947568e-05 -8.42570980545134e-06 8.99343066569418e-06
7200 10640 -3978 2.99335550547078e-05 2.69678847678006e-05 -9.69544243998825e-06 8.75377355702221e-06
7200 10840 -3978 2.9858764414521e-05 2.68244868256152e-05 -1.04787857886404e-05 7.88592209573835e-06
7200 11040 -3978 3.0008192857567e-05 2.68605400398374e-05 -1.13291717860848e-05 6.82153431233019e-06
7200 11240 -3978 3.03390367049651e-05 2.70106054656208e-05 -1.24807249736041e-05 5.83410371700302e-06
7200 11440 -3978 3.06460506171237e-05 2.71839582882822e-05 -1.34612035583705e-05 4.33800482213701e-06
7200 11640 -3978 3.08083544846983e-05 2.72630666978657e-05 -1.41171254310757e-05 2.63908254458511e-06
7200 11840 -3978 3.0899237325394e-05 2.73547605462372e-05 -1.43534413408488e-05 6.77247682800953e-07
7200 12040 -3978 3.14003621339317e-05 2.7653884511441e-05 -1.47029708661139e-05 -1.46940187460859e-06
7200 12240 -3978 3.19982797576273e-05 2.80433068349958e-05 -1.49010753612965e-05 -3.56538879859727e-06
7200 12440 -3978 3.23187420222982e-05 2.8239217735827e-05 -1.45375807546079e-05 -5.88133785082027e-06
7200 12640 -3978 3.25534853390551e-05 2.82377865761518e-05 -1.4024071527645e-05 -8.14581272751093e-06
7200 12840 -3978 3.33642309551129e-05 2.87125685960054e-05 -1.34415177330375e-05 -1.03964375089854e-05
7200 13040 -3978 3.42773369596479e-05 2.92579520642757e-05 -1.2618688005954e-05 -1.27601328678429e-05
7200 13240 -3978 3.48453667678734e-05 2.94486158043146e-05 -1.13898988161236e-05 -1.4560868408531e-05
7200 13440 -3978 3.59338456245319e-05 3.01219552084804e-05 -9.90290967095643e-06 -1.69068464189768e-05
7200 13640 -3978 3.65119255287106e-05 3.03472713157535e-05 -8.52850756421685e-06 -1.85158743038774e-05
7200 13840 -3978 3.73643582516297e-05 3.08673760220408e-05 -7.02344364626333e-06 -1.99194630943239e-05
7200 14040 -3978 3.82758266147865e-05 3.14848523139954e-05 -5.45554083259776e-06 -2.09642089493573e-05
7200 14240 -3978 3.90010837090551e-05 3.20502080470323e-05 -3.74218689539703e-06 -2.19058150239289e-05
7200 14440 -3978 3.96731344301552e-05 3.24978329613805e-05 -2.05768375564458e-06 -2.28453357033432e-05
7200 14640 -3978 4.06494095488461e-05 3.33260498121381e-05 -2.87743155191492e-07 -2.34383972883225e-05
7200 14840 -3978 4.11779344117834e-05 3.39492438361049e-05 1.17955111623814e-06 -2.34520996958017e-05
7400 14840 -3978 4.07158548864461e-05 3.24743484258652e-05 1.17058333493151e-06 -2.45321680270135e-05
7400 14640 -3978 4.00694999809381e-05 3.17918549925089e-05 -3.818706017355e-07 -2.43864093236625e-05
7400 14440 -3978 3.94368404729241e-05 3.12172501906753e-05 -2.21759319100965e-06 -2.40683558955789e-05
7400 14240 -3978 3.86148295010659e-05 3.03833835273981e-05 -4.25330636481522e-06 -2.33460197076201e-05
7400 14040 -3978 3.77698017305874e-05 2.97028476446867e-05 -6.04379805130884e-06 -2.25611022226512e-05
7400 13840 -3978 3.66837945309643e-05 2.90408379994333e-05 -7.98009372502566e-06 -2.10997339375317e-05
7400 13640 -3978 3.60830367479973e-05 2.86016788631678e-05 -1.00244647273794e-05 -1.95816141851246e-05
7400 13440 -3978 3.49754286168432e-05 2.80529804304242e-05 -1.16371424216777e-05 -1.76475971676409e-05
7400 13240 -3978 3.43990624097356e-05 2.77605563104153e-05 -1.31629144139588e-05 -1.53248065859079e-05
7400 13040 -3978 3.33427840295624e-05 2.71018735319376e-05 -1.46645866613835e-05 -1.29132563043386e-05
7400 12840 -3978 3.26770814066279e-05 2.67029582485557e-05 -1.57104862239212e-05 -1.04424309935421e-05
7400 12640 -3978 3.2196620455817e-05 2.65525674112141e-05 -1.65568430759013e-05 -7.77475912962109e-06
7400 12440 -3978 3.15104168056538e-05 2.60686726383865e-05 -1.69789512939751e-05 -5.00458660585355e-06
7400 12240 -3978 3.10955232556557e-05 2.57747965268791e-05 -1.70841846726835e-05 -2.66134381511438e-06
7400 12040 -3978 3.09464137899087e-05 2.57759230881929e-05 -1.70391247030348e-05 1.99638729331127e-07
7400 11840 -3978 3.07361462952279e-05 2.55944494642317e-05 -1.670639950037e-05 2.47996519802109e-06
7400 11640 -3978 3.01292555521012e-05 2.5146531548351e-05 -1.59516876097769e-05 4.60536739655072e-06
7400 11440 -3978 2.98296846302269e-05 2.50906943641603e-05 -1.47774476353079e-05 6.54723110981286e-06
7400 11240 -3978 2.97381964518776e-05 2.49859354496002e-05 -1.38323073443025e-05 8.29039392620325e-06
7400 11040 -3978 2.94172810709457e-05 2.4861769080162e-05 -1.2656669812277e-05 9.61323512718081e-06
7400 10840 -3978 2.93087447321369e-05 2.48605224788189e-05 -1.14978170990944e-05 1.0388646915555e-05
7400 10640 -3978 2.88046182496625e-05 2.46084480658174e-05 -1.02620211364701e-05 1.08842047248036e-05
7400 10440 -3978 2.86747581788524e-05 2.47434215769172e-05 -9.03080520872027e-06 1.14615207929164e-05
7400 10240 -3978 2.82785560145159e-05 2.47399837039411e-05 -7.7280090348795e-06 1.13439883422107e-05
7400 10040 -3978 2.80335321406417e-05 2.47093820609152e-05 -6.93241275008768e-06 1.13346258234233e-05
7400 9840 -3978 2.80935306990184e-05 2.49402113817632e-05 -6.04298814991489e-06 1.13811632543802e-05
7400 9640 -3978 2.76099896650033e-05 2.46110873185098e-05 -5.47139059589244e-06 1.11118214316666e-05
7400 9440 -3978 2.7660368321842e-05 2.48895429186523e-05 -4.59199379245547e-06 1.11602564174682e-05
7400 9240 -3978 2.75498234186305e-05 2.49043278060853e-05 -4.30732407193864e-06 1.09642230123281e-05
7400 9040 -3978 2.75123595525822e-05 2.49583328180015e-05 -3.91174968499399e-06 1.08623350076377e-05
7400 8840 -3978 2.74756804512387e-05 2.51281361430883e-05 -3.60467083420372e-06 1.05574430990964e-05
7400 8640 -3978 2.73874613096923e-05 2.49897410869598e-05 -3.27635221365927e-06 1.07698761560023e-05
7400 8440 -3978 2.74494667627677e-05 2.50404898785055e-05 -2.89742564431799e-06 1.08730589542538e-05
7600 8440 -3978 2.6217077713114e-05 2.31413501948118e-05 -3.04396961047314e-06 1.21257097683847e-05
7600 8640 -3978 2.60648439396271e-05 2.29537144303322e-05 -3.27805926181463e-06 1.17518102545291e-05
7600 8840 -3978 2.59949397149934e-05 2.29054618030787e-05 -3.42241577937966e-06 1.17403311748058e-05
7600 9040 -3978 2.60555072423625e-05 2.29368361532688e-05 -3.69826300749264e-06 1.17054770663381e-05
7600 9240 -3978 2.62315750981974e-05 2.28374501019716e-05 -4.17209993910365e-06 1.22882273923606e-05
7600 9440 -3978 2.63341522359446e-05 2.2935039807111e-05 -4.39939849713119e-06 1.23030734807253e-05
7600 9640 -3978 2.63079296859767e-05 2.25549086332321e-05 -5.0292985222768e-06 1.27377594988793e-05
7600 9840 -3978 2.67848387780157e-05 2.26970741264522e-05 -5.61250183964148e-06 1.32111368067563e-05
7600 10040 -3978 2.71788034378721e-05 2.25826545581222e-05 -6.73486463585868e-06 1.34154589138925e-05
7600 10240 -3978 2.75897764118334e-05 2.26503862924874e-05 -7.75098395626992e-06 1.37398795224726e-05
7600 10440 -3978 2.79585715412618e-05 2.25516875758767e-05 -9.06287129968405e-06 1.38462740071118e-05
7600 10640 -3978 2.84119810053036e-05 2.26255978234112e-05 -1.05105578228831e-05 1.36195390652865e-05
7600 10840 -3978 2.90048619807424e-05 2.27135403938591e-05 -1.20506296064705e-05 1.33924502208829e-05
7600 11040 -3978 2.94864532793206e-05 2.27266384400427e-05 -1.37503038402647e-05 1.24728688746691e-05
7600 11240 -3978 2.95419545451149e-05 2.28027625642717e-05 -1.52993807941675e-05 1.10845749396831e-05
7600 11440 -3978 2.99618791240242e-05 2.29882662147284e-05 -1.66210518497974e-05 9.40913678053767e-06
7600 11640 -3978 3.02165695333201e-05 2.3032825358212e-05 -1.80603226721287e-05 7.55466126929969e-06
7600 11840 -3978 3.05566072028461e-05 2.32383928410709e-05 -1.91996469832957e-05 4.99373901332729e-06
7600 12040 -3978 3.04622224506868e-05 2.33125961683691e-05 -1.94925529956818e-05 2.17867299378122e-06
7600 12240 -3978 3.08867598610084e-05 2.37140893042088e-05 -1.99046989791095e-05 -6.08884347690037e-07
7600 12440 -3978 3.11213913148309e-05 2.38816502839327e-05 -1.96570878066123e-05 -3.7452850517584e-06
7600 12640 -3978 3.18693413186059e-05 2.436354630813e-05 -1.93809381872416e-05 -6.7949057854712e-06
7600 12840 -3978 3.24165151805057e-05 2.47374971434474e-05 -1.84789456091821e-05 -9.8782819295302e-06
7600 13040 -3978 3.30352983820879e-05 2.51050382778049e-05 -1.71897440180182e-05 -1.28678161650896e-05
7600 13240 -3978 3.38622196629678e-05 2.55117880553007e-05 -1.57382234986871e-05 -1.57823608275503e-05
7600 13440 -3978 3.46275345077364e-05 2.59086796790361e-05 -1.39667781330645e-05 -1.80917976461351e-05
7600 13640 -3978 3.56329218964831e-05 2.65099193230271e-05 -1.19166159816086e-05 -2.06795141249895e-05
7600 13840 -3978 3.62880591652461e-05 2.69279677420855e-05 -9.49257550295443e-06 -2.23964015319943e-05
7600 14040 -3978 3.74816553583993e-05 2.77664497494698e-05 -7.51748551661149e-06 -2.40556687228382e-05
7600 14240 -3978 3.82019555667611e-05 2.83730359114707e-05 -5.13614988897461e-06 -2.50680998973548e-05
7600 14440 -3978 3.88113829532207e-05 2.91924985311925e-05 -2.89002085050015e-06 -2.54564278312027e-05
7600 14640 -3978 3.95673066525641e-05 2.99143641516566e-05 -9.01911952524643e-07 -2.59229473471642e-05
7600 14840 -3978 4.03794446692408e-05 3.08873997479677e-05 1.17572594410194e-06 -2.59824124574661e-05
7800 14840 -3978 4.02308882016638e-05 2.90681865364313e-05 1.46087521443769e-06 -2.76485482379794e-05
7800 14640 -3978 3.96192884984534e-05 2.80587632469833e-05 -6.75547252356864e-07 -2.78114660270512e-05
7800 14440 -3978 3.91656180658128e-05 2.74596860408783e-05 -3.05436665659727e-06 -2.76638319119811e-05
7800 14240 -3978 3.83104719978789e-05 2.6361746262759e-05 -5.63999590510502e-06 -2.7230752594769e-05
7800 14040 -3978 3.75109440067346e-05 2.56357866674662e-05 -8.39640618301928e-06 -2.61381932087243e-05
7800 13840 -3978 3.66404670689844e-05 2.48343415781856e-05 -1.11796744689345e-05 -2.45111032836139e-05
7800 13640 -3978 3.57509589642908e-05 2.42805940806866e-05 -1.37471394762397e-05 -2.23860164806247e-05
7800 13440 -3978 3.48436964696611e-05 2.38505714200437e-05 -1.60192121695727e-05 -1.97869859151542e-05
7800 13240 -3978 3.40459475854387e-05 2.32135383673012e-05 -1.84318377189338e-05 -1.69019598811865e-05
7800 13040 -3978 3.30807744741836e-05 2.28046483248472e-05 -1.99564838558435e-05 -1.33022492919117e-05
7800 12840 -3978 3.25386441799205e-05 2.23984416127205e-05 -2.14074599854648e-05 -9.95240552071482e-06
7800 12640 -3978 3.20162202193449e-05 2.20913624092937e-05 -2.2300608895719e-05 -6.30023070331663e-06
7800 12440 -3978 3.17478488726105e-05 2.1879823602736e-05 -2.284849800542e-05 -2.93586809291446e-06
7800 12240 -3978 3.16291422252403e-05 2.1598187930882e-05 -2.31514714211225e-05 1.05161080955736e-06
7800 12040 -3978 3.14858561351294e-05 2.14084446132183e-05 -2.25126355998218e-05 4.42016394913662e-06
7800 11840 -3978 3.11611081573871e-05 2.10650331415236e-05 -2.1652937117964e-05 7.56310433708131e-06
7800 11640 -3978 3.10647835743121e-05 2.10479268357158e-05 -2.04255296736956e-05 1.02098610922694e-05
7800 11440 -3978 3.09828768081174e-05 2.08624093905091e-05 -1.89073051624e-05 1.29310611020774e-05
7800 11240 -3978 3.04111426099897e-05 2.06105971634388e-05 -1.68857549782842e-05 1.46014396846294e-05
7800 11040 -3978 3.00430425227803e-05 2.0698870845139e-05 -1.50462173912674e-05 1.58145468346775e-05
7800 10840 -3978 2.93700867908469e-05 2.06113621853292e-05 -1.29854776170105e-05 1.65654045455158e-05
7800 10640 -3978 2.86421965235159e-05 2.04421317502856e-05 -1.11826167684048e-05 1.66359890289605e-05
7800 10440 -3978 2.79652614950661e-05 2.0500758215785e-05 -9.17146819829941e-06 1.66009526476264e-05
7800 10240 -3978 2.72724053599835e-05 2.06346164979041e-05 -7.85329959727824e-06 1.6010071253404e-05
7800 10040 -3978 2.66670531385755e-05 2.07256316244602e-05 -6.57415899122134e-06 1.54062472898513e-05
7800 9840 -3978 2.61277406152671e-05 2.08017613068223e-05 -5.65012027940247e-06 1.45052054747939e-05
7800 9640 -3978 2.55455534741335e-05 2.07172111421824e-05 -4.87267119355965e-06 1.41227682512254e-05
7800 9440 -3978 2.53028145909936e-05 2.07302629686892e-05 -4.33750897459686e-06 1.38410040196031e-05
7800 9240 -3978 2.48679662210628e-05 2.07271434403956e-05 -3.9046061935951e-06 1.31638380903751e-05
7800 9040 -3978 2.47311559115551e-05 2.08465534262359e-05 -3.73251014729612e-06 1.27718303687871e-05
7800 8840 -3978 2.45279741787488e-05 2.0874794524163e-05 -3.4396171701519e-06 1.24500774107873e-05
7800 8640 -3978 2.44386553374343e-05 2.09093209765852e-05 -3.30167192680892e-06 1.2440460415557e-05
7800 8440 -3978 2.47749746686497e-05 2.11055286116898e-05 -3.31817198659337e-06 1.25405997280031e-05
8000 8440 -3978 2.30414166723553e-05 1.88757574893534e-05 -3.21004688361427e-06 1.28044294342399e-05
8000 8640 -3978 2.32029109176494e-05 1.90834751278162e-05 -3.42140559563268e-06 1.27471579518169e-05
8000 8840 -3978 2.31111822438571e-05 1.89557863883674e-05 -3.21024882113124e-06 1.2767925420776e-05
8000 9040 -3978 2.32147578632077e-05 1.88572323285043e-05 -3.26984722181624e-06 1.30986518729478e-05
8000 9240 -3978 2.36350495202678e-05 1.90962962135673e-05 -3.41444197657984e-06 1.35685021635145e-05
8000 9440 -3978 2.37710096130266e-05 1.86925725601614e-05 -3.51292146285414e-06 1.42586118504405e-05
8000 9640 -3978 2.43084454409497e-05 1.86366826631129e-05 -3.98492167168297e-06 1.50895652137697e-05
8000 9840 -3978 2.51421376183772e-05 1.85695624686778e-05 -4.77873466827441e-06 1.62066493965685e-05
8000 10040 -3978 2.61202959787052e-05 1.8622822958976e-05 -5.76396275078878e-06 1.71100484505296e-05
8000 10240 -3978 2.70317198532968e-05 1.84742136448622e-05 -6.97611147724092e-06 1.83577219434083e-05
8000 10440 -3978 2.81662373338171e-05 1.84730574637651e-05 -8.88913893792778e-06 1.9382676422596e-05
8000 10640 -3978 2.91411249956925e-05 1.81921789124608e-05 -1.07969196327031e-05 2.0041864156723e-05
8000 10840 -3978 3.03257041617685e-05 1.82946707941592e-05 -1.32694795895368e-05 2.04335079081357e-05
8000 11040 -3978 3.13628665612124e-05 1.82814217694104e-05 -1.59605257753283e-05 1.99602200649679e-05
8000 11240 -3978 3.22438781747928e-05 1.83803150653839e-05 -1.86483807340264e-05 1.8763636816293e-05
8000 11440 -3978 3.27292494790591e-05 1.85005793124437e-05 -2.09498961940408e-05 1.70236958302557e-05
8000 11640 -3978 3.29348022994079e-05 1.86913066878915e-05 -2.30680270157754e-05 1.42549074497074e-05
8000 11840 -3978 3.31060181452094e-05 1.8750465657562e-05 -2.49147201143205e-05 1.09344254760072e-05
8000 12040 -3978 3.29485723536957e-05 1.88489832282066e-05 -2.59878804832697e-05 7.35491878073662e-06
8000 12240 -3978 3.28649198858762e-05 1.90105497762561e-05 -2.65206213891506e-05 3.11851686963928e-06
8000 12440 -3978 3.29051029781992e-05 1.95562538504601e-05 -2.64429043009877e-05 -1.08332935305407e-06
8000 12640 -3978 3.31127622689358e-05 1.97659274414182e-05 -2.6020311921835e-05 -5.32996209943667e-06
8000 12840 -3978 3.35851795597846e-05 2.01056214608252e-05 -2.51474834606051e-05 -9.55679587181658e-06
8000 13040 -3978 3.39381115313176e-05 2.0380426466465e-05 -2.35325582064688e-05 -1.32797731012106e-05
8000 13240 -3978 3.47211018397104e-05 2.08707581609488e-05 -2.16154740862548e-05 -1.74433234408498e-05
8000 13440 -3978 3.55783941269563e-05 2.14440622925758e-05 -1.92126014716923e-05 -2.08681002222002e-05
8000 13640 -3978 3.65892637184021e-05 2.20868151970208e-05 -1.63399216160178e-05 -2.41394076570868e-05
8000 13840 -3978 3.73372227915824e-05 2.23686223961413e-05 -1.33588149771094e-05 -2.67442517243326e-05
8000 14040 -3978 3.81576298359411e-05 2.33155109547079e-05 -9.89427470229566e-06 -2.8555389534682e-05
8000 14240 -3978 3.88617685706541e-05 2.39630245119333e-05 -6.86088285408914e-06 -2.97549837678671e-05
8000 14440 -3978 3.95852134078405e-05 2.50708716772497e-05 -3.40049242922396e-06 -3.04594243168831e-05
8000 14640 -3978 3.9877336945621e-05 2.60439593233168e-05 -7.5734757575924e-07 -3.03331143036485e-05
8000 14840 -3978 4.01453834884035e-05 2.70643159151077e-05 1.8588826817097e-06 -2.96290498822927e-05
