# amount of points in x direction: 11 (distance of 200 steps)
# amount of points in y direction: 34 (distance of 200 steps)
# abs. coordinates of point 1: P1 (, , ) (offsets not corrected)
# Offsets of the hall probe have already been corrected for all following coordinates.
#
# X (absolute in steps=10um) Y (absolute in steps=10um) Z (absolute in steps=10um) Babs(in T) Bx By Bz
6000 8440 -2978 0.000504255081154166 -0.000104342773959041 1.50292108356953e-05 -0.000493077917337418
6000 8640 -2978 0.0005036983768 -0.000104399352431297 4.39484010413289e-05 -0.000490770820736885
6000 8840 -2978 0.000499709177756855 -0.000104040277868509 7.20203153640032e-05 -0.000483384236216545
6000 9040 -2978 0.000491650628682774 -0.000101486481234431 9.96653520464897e-05 -0.0004705327481
6000 9240 -2978 0.000481220723592466 -9.88851729035378e-05 0.000124796536296606 -0.000454115549087525
6000 9440 -2978 0.000467269291782007 -9.48563510775566e-05 0.000147700637757778 -0.000433008613228798
6000 9640 -2978 0.000451183137013141 -8.99016240090132e-05 0.000167579395115375 -0.000409164991855621
6000 9840 -2978 0.000432051756927363 -8.40668927878141e-05 0.000184596467316151 -0.000381529655396938
6000 10040 -2978 0.000412026132442095 -7.79936149567366e-05 0.000197487666189671 -0.0003528118841
6000 10240 -2978 0.0003907193341 -7.14354932308197e-05 0.000206926592350006 -0.000323635526061058
6000 10440 -2978 0.000368405810263861 -6.41154870837927e-05 0.000213368685841560 -0.000293463312566280
6000 10640 -2978 0.000345321698984874 -5.672256218642e-05 0.000216224084198475 -0.000263264492571354
6000 10840 -2978 0.000322001578962942 -4.87999031320214e-05 0.000216295740127563 -0.000233439749956131
6000 11040 -2978 0.000300412100879712 -4.15852733850479e-05 0.000213935674846172 -0.000206642186820507
6000 11240 -2978 0.000279727108391274 -3.49869008585811e-05 0.000209257205367088 -0.000182303576320410
6000 11440 -2978 0.000258806623879441 -2.75763516463339e-05 0.000203090612769127 -0.000158182531982660
6000 11640 -2978 0.000239320978020393 -2.10778919011354e-05 0.000195129881739616 -0.000137008430123329
6000 11840 -2978 0.000221383132090804 -1.50067694690078e-05 0.000186569809913635 -0.000118266849666834
6000 12040 -2978 0.000204350216780474 -9.4256361562293e-06 0.000177104840457439 -0.000101624344810843
6000 12240 -2978 0.000189243725025762 -4.4237439569406e-06 0.000167720592260361 -8.75409668833017e-05
6000 12440 -2978 0.000174987738951724 4.1946352137893e-07 0.000158254552185535 -7.49084753543139e-05
6000 12640 -2978 0.000162275495660783 4.8592562280246e-06 0.000148977214753628 -6.43185878098011e-05
6000 12840 -2978 0.000150407815432853 8.98661474790424e-06 0.000139846711188555 -5.47636005356908e-05
6000 13040 -2978 0.000140216211062111 1.20477527873591e-05 0.000131300796955824 -4.77244011834264e-05
6000 13240 -2978 0.000130787243297923 1.57788526471704e-05 0.0001232550829 -4.07984724789858e-05
6000 13440 -2978 0.000122504084855734 1.86720150485635e-05 0.000115797129362822 -3.51693295612931e-05
6000 13640 -2978 0.0001144670933 2.06920040771365e-05 0.000108090548098087 -3.12550048157573e-05
6000 13840 -2978 0.000108049918842639 2.3371057767421e-05 0.000101947317913175 -2.70255137607455e-05
6000 14040 -2978 0.000101924047917699 2.5320334687829e-05 9.57479483187199e-05 -2.39806856885552e-05
6000 14240 -2978 9.67263925277605e-05 2.70998571999371e-05 9.03481607586146e-05 -2.14196778386831e-05
6000 14440 -2978 9.20991612969835e-05 2.90411036238074e-05 8.52433905154467e-05 -1.90056862849742e-05
6000 14640 -2978 8.77587784792559e-05 3.057882046327e-05 8.0457686573267e-05 -1.74132489617914e-05
6000 14840 -2978 8.36832863695526e-05 3.17816341854632e-05 7.57685832381248e-05 -1.57163486201316e-05
6000 15040 -2978 8.03756537873682e-05 3.2996003523469e-05 7.18290366232395e-05 -1.46115241609514e-05
6200 15040 -2978 8.06880741365268e-05 3.22472819201648e-05 7.30763199180365e-05 -1.14249544357881e-05
6200 14840 -2978 8.36901654504533e-05 3.04187760837376e-05 7.68898172825575e-05 -1.30563382022083e-05
6200 14640 -2978 8.75381580793348e-05 2.89375275857747e-05 8.14899899661541e-05 -1.42190327383578e-05
6200 14440 -2978 9.20530128149231e-05 2.757427271083e-05 8.65963691025972e-05 -1.5461039705202e-05
6200 14240 -2978 9.75768895559807e-05 2.60304711647332e-05 9.24592896997929e-05 -1.7131989615038e-05
6200 14040 -2978 0.0001027803209 2.3874971922487e-05 9.80423465520144e-05 -1.93309276141226e-05
6200 13840 -2978 0.000109238822326186 2.14983402192593e-05 0.000104715427875519 -2.24860142283142e-05
6200 13640 -2978 0.000116228105767080 1.88537423275411e-05 0.000111785527497530 -2.6181506626308e-05
6200 13440 -2978 0.000124315980678269 1.61718210149556e-05 0.000119621312797070 -3.01121796928346e-05
6200 13240 -2978 0.000133475872027855 1.32598210163414e-05 0.000128171766430140 -3.50580180510879e-05
6200 13040 -2978 0.000143724791411611 9.61099823284894e-06 0.000137330486178398 -4.11942905932665e-05
6200 12840 -2978 0.000155004407745788 5.71126176831604e-06 0.000147073596417904 -4.86167653501034e-05
6200 12640 -2978 0.000167840799991489 1.49860938527127e-06 0.000157537883758545 -5.78800785467029e-05
6200 12440 -2978 0.000181968480289661 -3.54337280309301e-06 0.000168530168235302 -6.86318724304438e-05
6200 12240 -2978 0.000197725940935618 -9.13097863923758e-06 0.000179776026099920 -8.17610805034638e-05
6200 12040 -2978 0.000215075837863904 -1.51869808025658e-05 0.000191348350226879 -9.7025675162673e-05
6200 11840 -2978 0.000233614027412375 -2.18255096971989e-05 0.000202469416379929 -0.000114508756637573
6200 11640 -2978 0.000254171946979888 -2.88746775723994e-05 0.000213528457641601 -0.000134729546457529
6200 11440 -2978 0.000275912842581473 -3.61391610652208e-05 0.000223590986728668 -0.000157571978449821
6200 11240 -2978 0.000300016547474691 -4.49680166840553e-05 0.000232314415752888 -0.000184576497823000
6200 11040 -2978 0.000324903326430991 -5.38043247684836e-05 0.000239138529956341 -0.000213323586344719
6200 10840 -2978 0.000350243207346362 -6.2204252153635e-05 0.000243460046827793 -0.000244020113587379
6200 10640 -2978 0.000376511697695601 -7.14242545813322e-05 0.000244988028466701 -0.000277037749826908
6200 10440 -2978 0.000404006402862531 -8.04913247674704e-05 0.000243378448843956 -0.000312221635580063
6200 10240 -2978 0.000430834950417118 -8.94965137392282e-05 0.000237495382487774 -0.000348145187854767
6200 10040 -2978 0.000456229981514717 -9.76312708407641e-05 0.0002277891494 -0.000382960420310497
6200 9840 -2978 0.000480464489213256 -0.000105609443843365 0.000213913292765617 -0.000416981426715851
6200 9640 -2978 0.000503472598793669 -0.000113064753532410 0.000195296691954136 -0.000449972743988037
6200 9440 -2978 0.000523668686242210 -0.000119370987892151 0.0001727801125 -0.000479726303935051
6200 9240 -2978 0.000540220867950754 -0.000124036493688822 0.000146705703049898 -0.000504914947390556
6200 9040 -2978 0.000552929722983662 -0.000127561472445726 0.000117812167584896 -0.000524956800580025
6200 8840 -2978 0.000562593810311230 -0.000130187501460314 8.60925894826651e-05 -0.000540461574673653
6200 8640 -2978 0.000568667481765345 -0.000131800337851048 5.19607928469777e-05 -0.000550788508534431
6200 8440 -2978 0.000569409644173677 -0.0001309227398 1.70533421337604e-05 -0.000553934311032295
6400 8440 -2978 0.000647672655677516 -0.000164202065169811 1.8506401726976e-05 -0.000626433565855026
6400 8640 -2978 0.000647176883089543 -0.0001645636543 5.76982905715704e-05 -0.000623239624023437
6400 8840 -2978 0.000641170469898790 -0.000163446279048920 9.70057705193758e-05 -0.0006122350974
6400 9040 -2978 0.000630325584518832 -0.000160722498059273 0.0001344400129 -0.000594421924710274
6400 9240 -2978 0.000614318352283445 -0.000155663063436747 0.000168609532654285 -0.000569903572916985
6400 9440 -2978 0.000595055947823395 -0.000150226360827684 0.000198653448760509 -0.000540356425523758
6400 9640 -2978 0.000570814523077245 -0.000142322550714016 0.000225213359713554 -0.000505176854372024
6400 9840 -2978 0.000542958543154724 -0.000132934250146151 0.000246570147871971 -0.000465118938446045
6400 10040 -2978 0.000513465195416511 -0.000123320066690445 0.000262604055225849 -0.000423636362910271
6400 10240 -2978 0.000482927321289093 -0.000112703463643789 0.0002731645509 -0.000382083555519581
6400 10440 -2978 0.000451243718578998 -0.000101735866785049 0.000278805448889732 -0.000339911710619926
6400 10640 -2978 0.000419117757348222 -9.06363045424223e-05 0.0002796578868 -0.000298556108355522
6400 10840 -2978 0.000386255763431839 -7.9233179077506e-05 0.000276115786731243 -0.0002582163636
6400 11040 -2978 0.000356349748891784 -6.82121733427048e-05 0.0002695952816 -0.000222655721
6400 11240 -2978 0.000328168087353376 -5.84499770998955e-05 0.000260713524878025 -0.000190617558479309
6400 11440 -2978 0.000300068361417463 -4.8253356449306e-05 0.000248973858714104 -0.000160521125972271
6400 11640 -2978 0.000273953004922504 -3.83956459537148e-05 0.000235988479077816 -0.000133804240494967
6400 11840 -2978 0.000250396226667630 -2.97712388522923e-05 0.000222339257061481 -0.000111210594952106
6400 12040 -2978 0.000229011633468535 -2.26208743676543e-05 0.000208140749931336 -9.26300929188728e-05
6400 12240 -2978 0.0002096345674 -1.53473345916718e-05 0.000194501839458942 -7.66821075677872e-05
6400 12440 -2978 0.000191599520151158 -9.19003648590297e-06 0.000180745605349541 -6.30751754194498e-05
6400 12640 -2978 0.000175832956836551 -2.991874235664e-06 0.000168114317476749 -5.17244011387229e-05
6400 12840 -2978 0.000161471012244118 1.73370719820196e-06 0.000155821788072586 -4.26994121670723e-05
6400 13040 -2978 0.000149258652046497 6.08975946548162e-06 0.000144866375952959 -3.55841969922185e-05
6400 13240 -2978 0.000137976197941183 1.00023314561695e-05 0.000134469761967659 -2.92449599094689e-05
6400 13440 -2978 0.000128027433671012 1.30290105585009e-05 0.000124736456394196 -2.48420265838504e-05
6400 13640 -2978 0.000119134581421049 1.63422880973667e-05 0.000116064081490040 -2.11106824763119e-05
6400 13840 -2978 0.000111356395512609 1.89147229790688e-05 0.000108243746548891 -1.80911795701832e-05
6400 14040 -2978 0.000104251008292261 2.18476230613887e-05 0.000100850142017007 -1.48877185899764e-05
6400 14240 -2978 9.87110557480909e-05 2.43324431404471e-05 9.47868971377611e-05 -1.29324734183028e-05
6400 14440 -2978 9.3086236350704e-05 2.60819964110851e-05 8.87180539369583e-05 -1.11642445707694e-05
6400 14640 -2978 8.84346819897586e-05 2.76816886849701e-05 8.34123399853706e-05 -1.05593203087337e-05
6400 14840 -2978 8.38152575972837e-05 2.92056085690856e-05 7.79478431791067e-05 -9.54920052969828e-06
6400 15040 -2978 8.06986378636518e-05 3.07797131352127e-05 7.39448794424534e-05 -8.61196010402637e-06
6600 15040 -2978 8.05297244107521e-05 2.92324412539601e-05 7.48543837368488e-05 -5.25908797828015e-06
6600 14840 -2978 8.36809088230444e-05 2.8173822529614e-05 7.85988517999649e-05 -5.59703419748939e-06
6600 14640 -2978 8.83888327900173e-05 2.65300612896681e-05 8.40653521865606e-05 -6.46205630566692e-06
6600 14440 -2978 9.31746995175829e-05 2.40898091048002e-05 8.95335676968098e-05 -7.61053575144615e-06
6600 14240 -2978 9.871501305459e-05 2.20604151636362e-05 9.57643000632524e-05 -8.47017594100907e-06
6600 14040 -2978 0.000105088941555876 2.01200940422714e-05 0.000102653427064419 -1.02549139028415e-05
6600 13840 -2978 0.000112301808539522 1.74340096954256e-05 0.000110301054745913 -1.20081486152485e-05
6600 13640 -2978 0.000120580982788450 1.47081656958908e-05 0.0001188250274 -1.43114401185885e-05
6600 13440 -2978 0.000129913978198611 1.13175842668861e-05 0.000128215175986290 -1.76188156399876e-05
6600 13240 -2978 0.000140781497575923 7.35785247897729e-06 0.000138691908240318 -2.21387218385935e-05
6600 13040 -2978 0.000152577114111025 3.18704058367439e-06 0.000149989395946264 -2.71020853631198e-05
6600 12840 -2978 0.0001659716257 -1.63143149720054e-06 0.0001624100908 -3.41126440241933e-05
6600 12640 -2978 0.000181538425547726 -6.91641830652952e-06 0.000176261548519135 -4.29062824621797e-05
6600 12440 -2978 0.000199127677718785 -1.33717240728438e-05 0.0001913637019 -5.34501485750079e-05
6600 12240 -2978 0.000218686622870391 -2.03602752499282e-05 0.000207294632554054 -6.64361275136471e-05
6600 12040 -2978 0.000240136044930924 -2.88535376302898e-05 0.000223384859740734 -8.32929931432009e-05
6600 11840 -2978 0.000264284710781249 -3.75866390168667e-05 0.0002404494099 -0.000102914775341749
6600 11640 -2978 0.000291034337532602 -4.80287513583899e-05 0.000257404592394829 -0.000127186083853245
6600 11440 -2978 0.000320301247261954 -5.8407911837101e-05 0.000274074750423431 -0.000154926582366228
6600 11240 -2978 0.000352066329761857 -7.08139174878597e-05 0.0002891669864 -0.000188051549375057
6600 11040 -2978 0.000386574574 -8.3657976821065e-05 0.000302588823795319 -0.000225618258714676
6600 10840 -2978 0.000421943402058791 -9.64017014056445e-05 0.000312671394169331 -0.000266419867455959
6600 10640 -2978 0.000459466026467385 -0.000110320417493582 0.000318750387430191 -0.000312164031326771
6600 10440 -2978 0.000498750817973931 -0.0001248447408 0.0003199862492 -0.000361881118357182
6600 10240 -2978 0.000537410603716871 -0.000138742323577404 0.000315379343092442 -0.000412150347352028
6600 10040 -2978 0.000573761974838992 -0.000151115745395422 0.000305354862093925 -0.000461755792140961
6600 9840 -2978 0.000608942105065447 -0.0001630767019 0.000288595751345158 -0.000510871422171593
6600 9640 -2978 0.0006427894168 -0.000174705005019903 0.000264985259056091 -0.000558867669820786
6600 9440 -2978 0.000672249176036712 -0.000184287595 0.000235088175714016 -0.000602373900175095
6600 9240 -2978 0.0006971033717 -0.000192390230178833 0.0001999416477 -0.000639413289666176
6600 9040 -2978 0.0007165499704 -0.000198471714556217 0.000159977712631226 -0.000669444085836411
6600 8840 -2978 0.000729915990692654 -0.000202111386746168 0.0001166577636 -0.000691669759750366
6600 8640 -2978 0.000738667254468424 -0.000204497383236885 6.93447483479977e-05 -0.000706365986227989
6600 8440 -2978 0.000740020240391376 -0.000203837738335133 2.05730846598744e-05 -0.000711129140257835
6800 8440 -2978 0.0008507080653 -0.000252618740737438 2.24117750190198e-05 -0.000812006836175919
6800 8640 -2978 0.000849936215058678 -0.000252907061994076 7.70708669275045e-05 -0.000807607052326202
6800 8840 -2978 0.000841306532365313 -0.000250890609323978 0.000132471731722355 -0.0007918006252
6800 9040 -2978 0.0008245692771 -0.000246170100569725 0.000185108114689589 -0.000764824402332306
6800 9240 -2978 0.000801645812534805 -0.000238891210496426 0.000232540834784508 -0.000729034812927246
6800 9440 -2978 0.000772418421736924 -0.000229264351725578 0.000273602506577969 -0.000684974744915962
6800 9640 -2978 0.000737179010411066 -0.000217521025 0.000308415014624596 -0.000633183829665184
6800 9840 -2978 0.000695646072291210 -0.0002025018112 0.000336683988153934 -0.000574099769592285
6800 10040 -2978 0.000652385851192866 -0.000187716887950897 0.000355555727958679 -0.000513616029262543
6800 10240 -2978 0.000607936928847332 -0.000171841735 0.000366116060674191 -0.000454050482511520
6800 10440 -2978 0.000562447909679984 -0.000155061193525791 0.000369647735416889 -0.000394543063640594
6800 10640 -2978 0.000514592579188020 -0.000136608793586493 0.0003663919596 -0.000334949927031994
6800 10840 -2978 0.000468759012678813 -0.000119309405922890 0.0003567236489 -0.000279871299326420
6800 11040 -2978 0.000426361329472094 -0.000103097707986832 0.000342633014380932 -0.000231805839598179
6800 11240 -2978 0.000387023993631450 -8.80381751507521e-05 0.000325489011168480 -0.000190069199591875
6800 11440 -2978 0.000348959032942661 -7.27701287269592e-05 0.000305621435046196 -0.0001518788138
6800 11640 -2978 0.000314351715834195 -5.93316624313593e-05 0.000284415810823441 -0.0001199733445
6800 11840 -2978 0.000283598917612009 -4.73977407291532e-05 0.000263194677174091 -9.43211757689715e-05
6800 12040 -2978 0.000255962269224138 -3.71838513687253e-05 0.000242258122682571 -7.37905580550432e-05
6800 12240 -2978 0.0002318647791 -2.7872468829155e-05 0.000222949859380722 -5.71700208559632e-05
6800 12440 -2978 0.000208955070449795 -1.94063491933048e-05 0.000203696760237217 -4.35805157274008e-05
6800 12640 -2978 0.000190020589230915 -1.15929183070548e-05 0.0001868263247 -3.27063255086541e-05
6800 12840 -2978 0.000172700843962215 -5.47592680517119e-06 0.000170809731334448 -2.47758428044617e-05
6800 13040 -2978 0.000158061584060942 -1.40797706317244e-07 0.000156943625867367 -1.87654691245407e-05
6800 13240 -2978 0.000144836342975419 4.17776677248912e-06 0.000143824506074190 -1.42261860221624e-05
6800 13440 -2978 0.000133099735210364 7.92815017933026e-06 0.000132301107615232 -1.07997149499133e-05
6800 13640 -2978 0.0001231322396 1.18526996020228e-05 0.000122304662853479 -8.08619157329667e-06
6800 13840 -2978 0.000114149222770739 1.50306758861989e-05 0.0001129984678 -6.08049853524426e-06
6800 14040 -2978 0.000106249224853520 1.83089408017695e-05 0.000104574156627059 -4.23393840656354e-06
6800 14240 -2978 9.95629657824134e-05 2.00834229998291e-05 9.75208294093609e-05 -3.76880444539711e-06
6800 14440 -2978 9.37015649727206e-05 2.2521286867559e-05 9.09395313858986e-05 -2.68160223773157e-06
6800 14640 -2978 8.87926440361102e-05 2.47866377793252e-05 8.5207460552454e-05 -2.19590703793801e-06
6800 14840 -2978 8.40875157409547e-05 2.67142739631236e-05 7.95805631875992e-05 -2.08168485133478e-06
6800 15040 -2978 8.02277272523406e-05 2.86027115024626e-05 7.49326481819153e-05 -1.93234371954532e-06
7000 15040 -2978 7.95619578411434e-05 2.67930333353579e-05 7.49016736447811e-05 1.25550854408812e-06
7000 14840 -2978 8.30249796446524e-05 2.51194890141487e-05 7.91173580884934e-05 1.61312298356825e-06
7000 14640 -2978 8.83846159178765e-05 2.34576289877295e-05 8.49618547558785e-05 1.99091514108659e-06
7000 14440 -2978 9.33384016649672e-05 2.07526196800172e-05 9.09075853377581e-05 1.40849344459184e-06
7000 14240 -2978 9.96578848977154e-05 1.86427242085338e-05 9.78817620277404e-05 1.7231958805919e-06
7000 14040 -2978 0.0001064190127 1.61737640295178e-05 0.000105176626145840 1.15031366904077e-06
7000 13840 -2978 0.000114636792570810 1.29641473535448e-05 0.000113900983542204 -3.7353282773438e-09
7000 13640 -2978 0.0001241270921 9.95445862738416e-06 0.0001237260251 -5.60767220877096e-07
7000 13440 -2978 0.000134754568343251 6.19016420685875e-06 0.000134521796762943 -2.39543620424956e-06
7000 13240 -2978 0.0001469487307 1.44834412426917e-06 0.000146763185739517 -5.03690812003333e-06
7000 13040 -2978 0.0001605497439 -3.00979431683936e-06 0.000160307669281960 -8.26094460481545e-06
7000 12840 -2978 0.000176540483762827 -8.78440349176526e-06 0.000175821397185326 -1.31110357893631e-05
7000 12640 -2978 0.000195470451883140 -1.56864028405398e-05 0.000193788282424212 -2.0217218413949e-05
7000 12440 -2978 0.0002166487271 -2.37878358624875e-05 0.000213373037397862 -2.95632145479321e-05
7000 12240 -2978 0.000240394302052067 -3.27848434820771e-05 0.000234299079358578 -4.14041022956371e-05
7000 12040 -2978 0.000267346558623767 -4.34685068801046e-05 0.000257474028289318 -5.73669565021992e-05
7000 11840 -2978 0.000299066115493751 -5.58162298351526e-05 0.000283213468730450 -7.83396112173796e-05
7000 11640 -2978 0.0003342690291 -7.04135349094868e-05 0.000309270143985748 -0.000105480083942413
7000 11440 -2978 0.000372982587069123 -8.59980147182942e-05 0.000335493317067623 -0.000138565561175346
7000 11240 -2978 0.000416419973969001 -0.000103758932173252 0.000361230240523815 -0.000179329690366983
7000 11040 -2978 0.000464688790924291 -0.0001232085703 0.000385367030143738 -0.000228159817159176
7000 10840 -2978 0.0005148531853 -0.000143193018943071 0.000405323865890503 -0.000283482926368713
7000 10640 -2978 0.000567997048111265 -0.000164575127393007 0.000419410824775696 -0.000345636196434498
7000 10440 -2978 0.0006245244449 -0.000186083799183369 0.000427713082432747 -0.000415205220341682
7000 10240 -2978 0.000681595471097075 -0.000208122240960598 0.000426858769416809 -0.000488926487326622
7000 10040 -2978 0.000736105376086833 -0.000228353136718273 0.000416816448330879 -0.000562321730852127
7000 9840 -2978 0.000788564614387383 -0.000247380145549774 0.000397300608873367 -0.000634608797669411
7000 9640 -2978 0.000838157249427984 -0.000264820642948151 0.000367105428576470 -0.000705334996581078
7000 9440 -2978 0.000882372540239698 -0.000280371341943741 0.0003268094024 -0.000770370969295502
7000 9240 -2978 0.000919888295645324 -0.000293092583119869 0.000277697740197182 -0.000826541056156158
7000 9040 -2978 0.000948163358364365 -0.0003021964659 0.000222583142399788 -0.000870808827638626
7000 8840 -2978 0.000968194186430990 -0.000307790865123272 0.000161384423345327 -0.000903612980127335
7000 8640 -2978 0.000980281444174888 -0.000311252629697323 9.43131269663572e-05 -0.000924674728870392
7000 8440 -2978 0.000983030822524829 -0.000311206002593040 2.44086709171534e-05 -0.000932056175231934
7200 8440 -2978 0.0011424190437 -0.000383153029024601 2.66876251213253e-05 -0.00107586058235168
7200 8640 -2978 0.00114061093172220 -0.000383721133589745 0.000107119999766350 -0.00106877345347405
7200 8840 -2978 0.00112827757494592 -0.000380370369553566 0.0001858078905 -0.00104585089564323
7200 9040 -2978 0.00110433199627254 -0.000373219280421734 0.000259785366177559 -0.0010063194468
7200 9240 -2978 0.0010697308773 -0.000361703446865082 0.000326698551774025 -0.000952243547677994
7200 9440 -2978 0.00102564728773201 -0.000346769259810448 0.0003849515835 -0.000885011463880539
7200 9640 -2978 0.000972767259056062 -0.000327899806022644 0.000432437937259674 -0.000807541894555092
7200 9840 -2978 0.000911636104278423 -0.000305918943822384 0.000468512071490288 -0.000719715516924858
7200 10040 -2978 0.000845970108782288 -0.000281840720117092 0.000490856712818146 -0.000628685015082359
7200 10240 -2978 0.000779478967419126 -0.000256266199588776 0.000500683991789818 -0.000539579769968987
7200 10440 -2978 0.000711258224245968 -0.000229319563210011 0.000499060853362083 -0.000452088586330414
7200 10640 -2978 0.000641850907354652 -0.000201219444096088 0.000486623114228249 -0.000366706821799278
7200 10840 -2978 0.000575723885624507 -0.000174157276660204 0.0004651804583 -0.000291091698050499
7200 11040 -2978 0.000515803325714762 -0.000149371840149164 0.000438555796146393 -0.000226733097255230
7200 11240 -2978 0.000459858028454406 -0.000125911140799522 0.000407651197433472 -0.000171927243649960
7200 11440 -2978 0.000408961920853560 -0.000104146059572697 0.000374742256522179 -0.000126139382481575
7200 11640 -2978 0.000361799867590930 -8.40920086652041e-05 0.000340417183518410 -8.90184053629637e-05
7200 11840 -2978 0.000321071710858907 -6.72533762603998e-05 0.000307868876397610 -6.1535566419363e-05
7200 12040 -2978 0.000285359430597429 -5.26291213557124e-05 0.000277544815361500 -4.05411559194326e-05
7200 12240 -2978 0.000253936763547695 -4.03474380075932e-05 0.000249462397217751 -2.49895278401673e-05
7200 12440 -2978 0.000227577333843718 -2.99365849420428e-05 0.000225169385373592 -1.42086116708815e-05
7200 12640 -2978 0.000203936995469827 -2.04247236140072e-05 0.0002026652165 -5.94470602128422e-06
7200 12840 -2978 0.000183216933791341 -1.34349139984697e-05 0.000182719982445240 -1.08507535734589e-06
7200 13040 -2978 0.0001657527251 -6.94237895263359e-06 0.0001655873349 2.75483913601056e-06
7200 13240 -2978 0.000150392745216591 -1.54085701313579e-06 0.000150306491971016 4.85407507302807e-06
7200 13440 -2978 0.000137798720158004 3.45803981919926e-06 0.0001375360879 6.1862857008673e-06
7200 13640 -2978 0.000126126741319658 7.23375809541903e-06 0.000125956457316875 6.99565542814525e-06
7200 13840 -2978 0.000116619100684803 1.1027325315401e-05 0.000115729974299669 7.4613174230326e-06
7200 14040 -2978 0.000107587273648844 1.40988762322813e-05 0.000106362786233425 7.33341628918424e-06
7200 14240 -2978 0.000100455412511755 1.70672157630324e-05 9.87303058505058e-05 7.18676583158958e-06
7200 14440 -2978 9.38375506153251e-05 1.8907018231228e-05 9.16642310023308e-05 6.76887345375872e-06
7200 14640 -2978 8.86339137851688e-05 2.1784188721329e-05 8.56660700142384e-05 6.67249981523491e-06
7200 14840 -2978 8.34770591412237e-05 2.36913761645555e-05 7.98412870168686e-05 5.70148978661746e-06
7200 15040 -2978 7.91906780814364e-05 2.5349740806967e-05 7.47674179971218e-05 5.12369658233365e-06
7400 15040 -2978 7.85980524624775e-05 2.39934526868165e-05 7.42949362248182e-05 8.49061839934438e-06
7400 14840 -2978 8.28086609330709e-05 2.25059824064374e-05 7.9107607498765e-05 9.80286492127925e-06
7400 14640 -2978 8.76037765584533e-05 1.982786853984e-05 8.46638176441192e-05 1.04213973749429e-05
7400 14440 -2978 9.30740440679013e-05 1.74741719663143e-05 9.07208004891873e-05 1.12768502626568e-05
7400 14240 -2978 9.96773566011983e-05 1.50340454559773e-05 9.76948168128729e-05 1.23320862753317e-05
7400 14040 -2978 0.0001074540679 1.27607159633189e-05 0.000105704756543040 1.37471630871296e-05
7400 13840 -2978 0.000116143330712979 8.98023506533355e-06 0.000114913610726595 1.44512641336769e-05
7400 13640 -2978 0.000126129401440983 5.64153643191094e-06 0.000125081696271896 1.52745038699359e-05
7400 13440 -2978 0.000138170692437252 1.33169906648072e-06 0.000137262008398771 1.58558399286121e-05
7400 13240 -2978 0.000151965272 -3.1581618446171e-06 0.0001510284025 1.58277053069323e-05
7400 13040 -2978 0.000167856106760035 -9.37326082028448e-06 0.000166691330641508 1.50999306943268e-05
7400 12840 -2978 0.0001862236414 -1.53945730794221e-05 0.0001851234492 1.38997674491256e-05
7400 12640 -2978 0.000208341262425415 -2.40808016471565e-05 0.000206681019991636 1.0565607840661e-05
7400 12440 -2978 0.000234025356267021 -3.34758999198675e-05 0.000231554179489613 5.44859982386697e-06
7400 12240 -2978 0.000262417217526558 -4.4685691319406e-05 0.0002585711748 -2.63298462409875e-06
7400 12040 -2978 0.000297103134020384 -5.88236216157675e-05 0.000291018129765987 -1.54083873732016e-05
7400 11840 -2978 0.000337738097719891 -7.60201073735953e-05 0.000327197462916374 -3.46859245449305e-05
7400 11640 -2978 0.000383981069230598 -9.59907539337874e-05 0.000366691425740719 -6.13272649571299e-05
7400 11440 -2978 0.000435390523973991 -0.000118648874998093 0.000407459650158882 -9.73197597712278e-05
7400 11240 -2978 0.000494503264246726 -0.000144672815680504 0.000450113049149513 -0.0001448915719
7400 11040 -2978 0.000561672133940238 -0.000174424219995737 0.000492227128863335 -0.000206795142918825
7400 10840 -2978 0.000634488722559900 -0.000206001957446337 0.000530010336041451 -0.000281583512842655
7400 10640 -2978 0.000712259027743835 -0.000239192877054215 0.000560513884186745 -0.000368569526016712
7400 10440 -2978 0.000797122936495761 -0.000274728351116180 0.000581841069459915 -0.000470723801612854
7400 10240 -2978 0.000882271286135054 -0.000309394177138805 0.000589488088846207 -0.000579008932471275
7400 10040 -2978 0.0009643382966 -0.000341711981177330 0.000582152643322945 -0.000688397964715958
7400 9840 -2978 0.00104329031712043 -0.000371708243966103 0.000559375087857247 -0.000798332271099091
7400 9640 -2978 0.00111884560205260 -0.000399199154734612 0.000519983989834785 -0.000906763293266297
7400 9440 -2978 0.00118621103894268 -0.000423911781668663 0.0004642970587 -0.0010058140254
7400 9240 -2978 0.00124114371963466 -0.000442803922295570 0.000395837439298630 -0.00108977413916588
7400 9040 -2978 0.0012841874704 -0.000457309921979904 0.000315959387660027 -0.00115761986446381
7400 8840 -2978 0.00131421816631512 -0.000466299909591675 0.000228060256481171 -0.00120742538785934
7400 8640 -2978 0.00133179511867193 -0.000471299692392349 0.000130684942871332 -0.00123873979663849
7400 8440 -2978 0.00133567705688013 -0.000471516902923584 3.04842466041446e-05 -0.00124926315689087
7600 8440 -2978 0.00157047864599240 -0.000579675692915916 3.34887237250805e-05 -0.00145927941632271
7600 8640 -2978 0.00156906640377782 -0.000580839478850365 0.000148771319419146 -0.00145011682796478
7600 8840 -2978 0.00155007865378397 -0.000575725905299187 0.000264743001341820 -0.00141464565634728
7600 9040 -2978 0.00151431419492645 -0.000564455381631851 0.0003728757801 -0.00135480672264099
7600 9240 -2978 0.00146293492889950 -0.000547600524783134 0.000469991579651833 -0.00127270393347740
7600 9440 -2978 0.00139733911378464 -0.000524911229252815 0.000553183632850647 -0.0011708495922
7600 9640 -2978 0.00131752092646108 -0.000495913203716278 0.000620181033492088 -0.0010517277863
7600 9840 -2978 0.00122401297032956 -0.000460723364114761 0.0006682038145 -0.000916139388084412
7600 10040 -2978 0.00112383882495092 -0.0004223756181 0.0006944163084 -0.000776143370985985
7600 10240 -2978 0.00102264068889943 -0.000381575485467911 0.000700298856973648 -0.000640143523573875
7600 10440 -2978 0.000919565494345207 -0.0003387737348 0.000687500965118408 -0.000507837720274925
7600 10640 -2978 0.000815188050655562 -0.000293486419796944 0.00065705267 -0.000383227619946003
7600 10840 -2978 0.000717485198153323 -0.000250289856553078 0.000613479313135147 -0.000275219043195248
7600 11040 -2978 0.000628307968550200 -0.000209056851029396 0.000562315802931785 -0.000186727272123098
7600 11240 -2978 0.000547132687371889 -0.000172181349575520 0.000506101789116859 -0.000116765910089016
7600 11440 -2978 0.000477265730557117 -0.000139484959244728 0.000451715639472008 -6.54154981374741e-05
7600 11640 -2978 0.000415681895340009 -0.000111438203662634 0.000399440962076187 -2.83570397868753e-05
7600 11840 -2978 0.0003620860116 -8.75301363021135e-05 0.000351333511054516 -3.08529599996837e-06
7600 12040 -2978 0.000316051387775319 -6.82775857746601e-05 0.000308414898455143 1.24497574283741e-05
7600 12240 -2978 0.000276709854281094 -5.15262419953942e-05 0.000271054573357105 2.23850706666708e-05
7600 12440 -2978 0.000244292867377610 -3.91306610554457e-05 0.000239608467280865 2.71822985373437e-05
7600 12640 -2978 0.000216097795234225 -2.7938731957227e-05 0.000212198605358601 2.97852979786694e-05
7600 12840 -2978 0.000192053092161469 -1.90808891132474e-05 0.000188738475382328 2.99682797268033e-05
7600 13040 -2978 0.000171827468661478 -1.21088946014643e-05 0.000168839497476816 2.87803847044706e-05
7600 13240 -2978 0.000154458680012498 -6.42921100603416e-06 0.000151952537 2.69795476458967e-05
7600 13440 -2978 0.000140565666584045 -9.5194722177257e-07 0.000138141416996717 2.60078877434134e-05
7600 13640 -2978 0.000127973652818216 3.29239932414202e-06 0.000125729713797569 2.39511087276041e-05
7600 13840 -2978 0.000117334950163115 6.69612083417451e-06 0.000115042559564114 2.20122305750847e-05
7600 14040 -2978 0.000107549244888899 9.96654248144477e-06 0.000105217836767435 1.98460639901459e-05
7600 14240 -2978 0.000100179958973877 1.32477608891204e-05 9.75466250628233e-05 1.85789383519441e-05
7600 14440 -2978 9.34167178022912e-05 1.58785198871046e-05 9.04334104061127e-05 1.6830655420199e-05
7600 14640 -2978 8.71833947328333e-05 1.79410277865827e-05 8.39425117075443e-05 1.50245056077838e-05
7600 14840 -2978 8.16938903857709e-05 2.01990706603974e-05 7.79372741580009e-05 1.34892657073215e-05
7600 15040 -2978 7.76511917554729e-05 2.22929868511856e-05 7.3411539927125e-05 1.21469474509358e-05
7800 15040 -2978 7.63744094018451e-05 2.07767681591213e-05 7.17988670915365e-05 1.59028130341321e-05
7800 14840 -2978 8.08535165309655e-05 1.87824059911072e-05 7.67097525596619e-05 1.73241514321417e-05
7800 14640 -2978 8.61268353252335e-05 1.6834292570129e-05 8.23422680199146e-05 1.93925279639661e-05
7800 14440 -2978 9.17296187576961e-05 1.38669764315709e-05 8.80937904268503e-05 2.11914201360196e-05
7800 14240 -2978 9.88515338629358e-05 1.15186586426571e-05 9.52559182494879e-05 2.3813212197274e-05
7800 14040 -2978 0.000106589806238674 8.63624017499387e-06 0.000102893934130669 2.67154315412045e-05
7800 13840 -2978 0.000116010043633553 5.15580646923627e-06 0.000112273750662804 2.86983140073717e-05
7800 13640 -2978 0.000126859186877281 1.59873991152199e-06 0.000122745968192816 3.20019471012056e-05
7800 13440 -2978 0.000139619785071802 -2.74286219219448e-06 0.000135115766435862 3.5265490218997e-05
7800 13240 -2978 0.000154541768138896 -7.48577346331877e-06 0.000149476579189301 3.90599689930677e-05
7800 13040 -2978 0.000171823516392383 -1.4051726359874e-05 0.000165961511015892 4.22386434003711e-05
7800 12840 -2978 0.000193150050239392 -2.09217046871781e-05 0.000186424154311418 4.60113143026829e-05
7800 12640 -2978 0.000218809736826316 -2.99570174664259e-05 0.000210926174342632 4.97648691162467e-05
7800 12440 -2978 0.0002493674641 -4.14274062290788e-05 0.0002403427146 5.20953215956688e-05
7800 12240 -2978 0.000284049138692157 -5.4834688089788e-05 0.000273773594081402 5.19761092215776e-05
7800 12040 -2978 0.000327133015676654 -7.27681146860123e-05 0.000315231866836548 4.8473514020443e-05
7800 11840 -2978 0.0003789420085 -9.47687849998474e-05 0.000364763952076435 3.89816668406129e-05
7800 11640 -2978 0.000439732253921265 -0.000122518143147230 0.000422158431410790 1.94148630984128e-05
7800 11440 -2978 0.000509807119068484 -0.000155048369258642 0.000485489425778389 -1.26888949405402e-05
7800 11240 -2978 0.000591113863930732 -0.000194621318757534 0.000554602248311043 -6.27707691639662e-05
7800 11040 -2978 0.000686840808610696 -0.0002409295516 0.000628481513142586 -0.000136799982368946
7800 10840 -2978 0.000793774891932727 -0.000292472448468208 0.000699173811316490 -0.000236492020726204
7800 10640 -2978 0.000911300159270265 -0.000347253009080887 0.000761032684326172 -0.000361159937441349
7800 10440 -2978 0.00103658664854525 -0.000404366225838661 0.000806970617532730 -0.000509694983
7800 10240 -2978 0.00116579286868797 -0.000459794618368149 0.000832855430364609 -0.000674228659749031
7800 10040 -2978 0.00129489324987606 -0.000512949107766151 0.000833347354173660 -0.000848035334587097
7800 9840 -2978 0.00141824130214398 -0.000561454683065415 0.000807400273561478 -0.00102211688518524
7800 9640 -2978 0.00153317108548691 -0.0006042039889 0.000754769129991532 -0.00118948036432266
7800 9440 -2978 0.00163520435155612 -0.000641887568831444 0.000675174220085144 -0.00134414153122902
7800 9240 -2978 0.00171839720271614 -0.000670714097976685 0.000574991226196289 -0.00147391626167297
7800 9040 -2978 0.00178209282792304 -0.000692043196082115 0.000457988455414772 -0.00157690656733513
7800 8840 -2978 0.00182602159679146 -0.000705468545317650 0.000329289918661117 -0.00165166669654846
7800 8640 -2978 0.00185221969605496 -0.000713018971443176 0.000186218249440193 -0.00169921595239639
7800 8440 -2978 0.00185730116692462 -0.000713101535558701 3.79089323654771e-05 -0.00171461644744873
8000 8440 -2978 0.00220994879324901 -0.0008758383634 4.16165974661708e-05 -0.00202839064788818
8000 8640 -2978 0.00220772430187200 -0.000877167666673660 0.000212840494871140 -0.00201486651086807
8000 8840 -2978 0.00218043215903594 -0.000870187583446502 0.000385454744935036 -0.00196181977319717
8000 9040 -2978 0.00212935438857879 -0.000854706160783768 0.000544223322510719 -0.0018728183217
8000 9240 -2978 0.00205388479837155 -0.000830121894121170 0.000689032203912735 -0.00174743585872650
8000 9440 -2978 0.00195574938046189 -0.000796635098695755 0.0008131083467 -0.00159003422474861
8000 9640 -2978 0.00183439904129635 -0.000753103888869286 0.000911668462038040 -0.00140277764225006
8000 9840 -2978 0.00169360143781317 -0.000700172011971474 0.000978637694835663 -0.00119180365157127
8000 10040 -2978 0.00153939445685364 -0.000639946938276291 0.00100979273986816 -0.0009698050487
8000 10240 -2978 0.00137812688368397 -0.000573044062614441 0.00100585664486885 -0.000747164403438568
8000 10440 -2978 0.00121485403937289 -0.0005012620157 0.000967839583396912 -0.000536233813643456
8000 10640 -2978 0.00105746926206882 -0.000427239203929901 0.000902082224130630 -0.000349349163889885
8000 10840 -2978 0.000908725370425224 -0.000354702758431435 0.000814144576787949 -0.000192707965850830
8000 11040 -2978 0.000776288522734745 -0.000287561777055264 0.000717154650211334 -7.63783876150846e-05
8000 11240 -2978 0.000659530417459839 -0.000228198125481606 0.000618800281882286 3.60191597218363e-06
8000 11440 -2978 0.000560169174136013 -0.000177931259870529 0.000528560418128967 5.24914304465056e-05
8000 11640 -2978 0.0004767111064 -0.000137752071738243 0.000449613760590553 7.82746548652649e-05
8000 11840 -2978 0.000405244949032515 -0.000104656626328826 0.000381192618012428 8.92336665987968e-05
8000 12040 -2978 0.0003459923057 -7.95390738993883e-05 0.000324427909135818 9.03608369529247e-05
8000 12240 -2978 0.000296817571239875 -5.94217006713152e-05 0.000277852222383022 8.62764245271683e-05
8000 12440 -2978 0.0002577408645 -4.47499085441232e-05 0.000240907006561756 7.97821127921343e-05
8000 12640 -2978 0.000223948531016870 -3.27557480111718e-05 0.0002095433712 7.19128440320492e-05
8000 12840 -2978 0.000196950447133534 -2.32483057118952e-05 0.000184614890366793 6.45977668017149e-05
8000 13040 -2978 0.000174463730041496 -1.56913425624371e-05 0.000164034015625715 5.72764472663402e-05
8000 13240 -2978 0.000156255268540736 -9.79245020681992e-06 0.000147093643426895 5.12717836499214e-05
8000 13440 -2978 0.000140450819127395 -5.19081124581862e-06 0.000132843122631311 4.54249184727669e-05
8000 13640 -2978 0.000127384155616173 -5.66924997074238e-07 0.000120665356665850 4.08346827179194e-05
8000 13840 -2978 0.000116092372861591 3.00595368093855e-06 0.000110187544316053 3.64294984415174e-05
8000 14040 -2978 0.000106275542431952 6.45376867707819e-06 0.000100934129744768 3.26365016773343e-05
8000 14240 -2978 9.83101958298293e-05 9.44187389221043e-06 9.31431243419647e-05 2.92201976329088e-05
8000 14440 -2978 9.09220687002559e-05 1.18976234653965e-05 8.63279315680266e-05 2.58167649880052e-05
8000 14640 -2978 8.47965884666684e-05 1.41424689129926e-05 8.02976374328136e-05 2.36796230264008e-05
8000 14840 -2978 7.9878040972773e-05 1.71529430132359e-05 7.51047541797161e-05 2.12639447376132e-05
8000 15040 -2978 7.58931409515783e-05 1.98498145155609e-05 7.06006420701742e-05 1.95269825235009e-05
