# amount of points in x direction: 66 (distance of 200 steps)
# amount of points in y direction: 1 (distance of steps)
# abs. coordinates of point 1: P1 (, , ) (offsets not corrected)
# Offsets of the hall probe have already been corrected for all following coordinates.
#
# X (absolute in steps=10um) Y (absolute in steps=10um) Z (absolute in steps=10um) Babs(in T) Bx By Bz
6000 15040 -3978 4.62040107386936e-05 4.15388369485736e-05 3.58147743361769e-06 -2.00439642928541e-05
6200 15040 -3978 4.55305729579927e-05 4.06183176040649e-05 3.41498376037634e-06 -2.02860354632139e-05
6400 15040 -3978 4.46981793528211e-05 3.9432367913425e-05 3.17071419637068e-06 -2.08605439290404e-05
6600 15040 -3978 4.39260053146607e-05 3.83781296387315e-05 3.12746989358129e-06 -2.11101470850408e-05
6800 15040 -3978 4.32827278354996e-05 3.72482299730182e-05 2.79776537578073e-06 -2.17887233830988e-05
7000 15040 -3978 4.23815836390905e-05 3.58488513603807e-05 2.67691408946484e-06 -2.25148882679641e-05
7200 15040 -3978 4.19752527918466e-05 3.47751786932349e-05 2.57782099131055e-06 -2.34559183120728e-05
7400 15040 -3978 4.15592334087327e-05 3.33744912222028e-05 2.85370898047404e-06 -2.46001943536103e-05
7600 15040 -3978 4.10420927225813e-05 3.17945408448577e-05 3.00856756653957e-06 -2.58678558468819e-05
7800 15040 -3978 4.08393989674701e-05 3.02326576709747e-05 3.34827306857915e-06 -2.71267930828035e-05
8000 15040 -3978 4.07931456437376e-05 2.83060120716691e-05 4.0673912090715e-06 -2.88912088051438e-05
8200 15040 -3978 4.07916980730854e-05 2.63898423872888e-05 4.99632288074281e-06 -3.07664913609624e-05
8400 15040 -3978 4.12182171878133e-05 2.42818512953818e-05 6.59289494622499e-06 -3.26476164832711e-05
8600 15040 -3978 4.22411534418897e-05 2.22271486744285e-05 8.73633503261953e-06 -3.4678966909647e-05
8800 15040 -3978 4.32121533604535e-05 1.93538345098496e-05 1.20540736932307e-05 -3.6541035734117e-05
9000 15040 -3978 4.37826139896369e-05 1.66115843076259e-05 1.67492106109858e-05 -3.6907174795866e-05
9200 15040 -3978 4.21678734214888e-05 1.3748747330159e-05 2.1851835411042e-05 -3.33263022005558e-05
9400 15040 -3978 4.13667084357099e-05 1.13050484955311e-05 2.80646358989179e-05 -2.82095135934651e-05
9600 15040 -3978 3.78100343163814e-05 1.04449271829799e-05 2.72997788190842e-05 -2.40146107673645e-05
9800 15040 -3978 3.59356008494692e-05 1.04234757702798e-05 2.73435446359217e-05 -2.0758699208498e-05
10000 15040 -3978 3.35403517717027e-05 1.04122232729569e-05 2.64717946015298e-05 -1.78188694790006e-05
10200 15040 -3978 3.10394955701462e-05 1.00734197441489e-05 2.41437952071428e-05 -1.66123483255506e-05
10400 15040 -3978 2.91558578094328e-05 9.63109799660742e-06 2.21793567799032e-05 -1.62905533611774e-05
10600 15040 -3978 2.78887250136877e-05 9.04561611823738e-06 2.03830241411924e-05 -1.683665413782e-05
10800 15040 -3978 2.74538892887032e-05 8.55254796613008e-06 1.93412120006978e-05 -1.75300104320049e-05
11000 15040 -3978 2.73039700861116e-05 8.12721850536764e-06 1.91449398361146e-05 -1.74997489713132e-05
11200 15040 -3978 2.68640491987122e-05 7.8836619714275e-06 1.86703864336014e-05 -1.77529219985008e-05
11400 15040 -3978 2.66424541302619e-05 7.43511350080371e-06 1.83894843496382e-05 -1.77866892553866e-05
11600 15040 -3978 2.67395616973806e-05 7.2561654234305e-06 1.81227086111903e-05 -1.82045688927174e-05
11800 15040 -3978 2.68668052763921e-05 6.76643710071221e-06 1.85451395250857e-05 -1.82629332095385e-05
12000 15040 -3978 2.67553087806721e-05 6.66752903908491e-06 1.84694847986102e-05 -1.8278376378119e-05
12200 15040 -3978 2.67745239418506e-05 6.67936207400635e-06 1.86311588548124e-05 -1.81309719793499e-05
12400 15040 -3978 2.68309378992231e-05 6.43682076269761e-06 1.90151709169149e-05 -1.75614673309028e-05
12600 15040 -3978 2.63273323054759e-05 6.05275433720089e-06 1.88531830906868e-05 -1.73919669352472e-05
12800 15040 -3978 2.5964747877083e-05 5.81691633909941e-06 1.87422161996365e-05 -1.70494161639363e-05
13000 15040 -3978 2.57489743299551e-05 5.91498124599457e-06 1.86470316499472e-05 -1.67745198383927e-05
13200 15040 -3978 2.5405160003529e-05 5.74014493729919e-06 1.82893586754799e-05 -1.67361509427428e-05
13400 15040 -3978 2.54621237586357e-05 5.70165417063981e-06 1.80638757795095e-05 -1.69594868868589e-05
13600 15040 -3978 2.5520748544896e-05 5.35417363303714e-06 1.83363516256213e-05 -1.69239368960261e-05
13800 15040 -3978 2.50162543647739e-05 5.19229371007532e-06 1.86392159797251e-05 -1.61912956982851e-05
14000 15040 -3978 2.46186550850134e-05 4.68914745631628e-06 1.84675945825875e-05 -1.55362595040351e-05
14200 15040 -3978 2.39074353199728e-05 4.27719348858227e-06 1.82637719623744e-05 -1.4854679023847e-05
14400 15040 -3978 2.26161418214318e-05 3.80766678303189e-06 1.73709221407771e-05 -1.39602538980544e-05
14600 15040 -3978 2.16271212413478e-05 3.31264642818133e-06 1.6514048345387e-05 -1.36325897611678e-05
14800 15040 -3978 2.09255251547384e-05 2.54992445342941e-06 1.54106983263046e-05 -1.40539865717292e-05
15000 15040 -3978 2.09766430351106e-05 2.75326752318506e-06 1.47435250598937e-05 -1.46327690090984e-05
15200 15040 -3978 2.1167586170006e-05 3.05588991881814e-06 1.45989470407367e-05 -1.48078470919281e-05
15400 15040 -3978 2.13171405954916e-05 3.95953975590237e-06 1.42208853028715e-05 -1.53642846960574e-05
15600 15040 -3978 2.13846223494804e-05 5.90617361292243e-06 1.41504545137286e-05 -1.49058318566531e-05
15800 15040 -3978 2.13122381583226e-05 7.82233071420342e-06 1.29862520452589e-05 -1.48860729336739e-05
16000 15040 -3978 2.2709590344726e-05 9.87779555656016e-06 1.14863852802664e-05 -1.69628621228039e-05
16200 15040 -3978 2.54751482978206e-05 1.28298558630049e-05 1.07538184616715e-05 -1.93066786378622e-05
16400 15040 -3978 2.82022791726194e-05 1.53135566487908e-05 1.15042291134596e-05 -2.07105924636126e-05
16600 15040 -3978 3.02877501179631e-05 1.77256101928651e-05 1.26278401277959e-05 -2.1120226547122e-05
16800 15040 -3978 3.21157146338907e-05 2.0140134755522e-05 1.3451264904812e-05 -2.10916469469666e-05
17000 15040 -3978 3.36617854339413e-05 2.23954524360597e-05 1.41415507756174e-05 -2.05545030981302e-05
17200 15040 -3978 3.48114755519474e-05 2.42032389938831e-05 1.47080797888339e-05 -2.01036281324923e-05
17400 15040 -3978 3.60973545139354e-05 2.58807369843125e-05 1.53012198843062e-05 -1.98496463671327e-05
17600 15040 -3978 3.70236051179404e-05 2.74038943313062e-05 1.51897409558296e-05 -1.96684089973569e-05
17800 15040 -3978 3.80194362798099e-05 2.89560308866203e-05 1.54061515238136e-05 -1.92269681841135e-05
18000 15040 -3978 3.89844227009081e-05 3.03543132916093e-05 1.50966321900487e-05 -1.91631802357733e-05
18200 15040 -3978 3.98758905176108e-05 3.16668822988868e-05 1.50122739430517e-05 -1.89197877384722e-05
18400 15040 -3978 4.07508346511883e-05 3.29285525232553e-05 1.49583814553917e-05 -1.89193489141762e-05
18600 15040 -3978 4.15496340857033e-05 3.40347520932555e-05 1.47389985453337e-05 -1.87857277542353e-05
18800 15040 -3978 4.24935749646281e-05 3.5205712787807e-05 1.46612284258008e-05 -1.86941152326763e-05
19000 15040 -3978 4.34079250129674e-05 3.63481714129448e-05 1.44282526895404e-05 -1.88383628055453e-05
