1.000000000000000021e-02 1.283909659832715988e-02 1.710782200098037720e-01 5.795707553625106812e-02
2.000000000000000042e-02 8.489120751619338989e-03 1.247855797410011292e-01 3.256421908736228943e-02
2.999999999999999889e-02 6.887903902679681778e-03 1.068801581859588623e-01 2.505344897508621216e-02
4.000000000000000083e-02 5.414131097495555878e-03 9.070322662591934204e-02 1.763244904577732086e-02
5.000000000000000278e-02 4.406229592859745026e-03 7.805667817592620850e-02 1.384120527654886246e-02
6.000000000000000472e-02 3.706477582454681396e-03 6.975741684436798096e-02 1.146306097507476807e-02
6.999999999999999278e-02 3.832080634310841560e-03 7.141302525997161865e-02 1.156985945999622345e-02
8.000000000000000167e-02 2.758859889581799507e-03 5.714399740099906921e-02 8.432072587311267853e-03
8.999999999999999667e-02 3.596082562580704689e-03 6.910960376262664795e-02 1.087591797113418579e-02
9.999999999999999167e-02 2.698594238609075546e-03 5.614746734499931335e-02 7.903199642896652222e-03
1.100000000000000006e-01 2.684262115508317947e-03 5.600235238671302795e-02 8.015654981136322021e-03
1.199999999999999956e-01 3.690588520839810371e-03 6.919226795434951782e-02 1.207145117223262787e-02
1.300000000000000044e-01 3.149647498503327370e-03 6.341421604156494141e-02 9.000997990369796753e-03
1.400000000000000133e-01 2.399943070486187935e-03 5.329029262065887451e-02 6.880166474729776382e-03
1.500000000000000222e-01 2.758331131190061569e-03 5.790081247687339783e-02 7.851522415876388550e-03
1.600000000000000033e-01 1.930641476064920425e-03 4.659837856888771057e-02 5.480488296598196030e-03
1.700000000000000122e-01 2.300317399203777313e-03 5.186427012085914612e-02 6.608650088310241699e-03
1.800000000000000211e-01 2.141885925084352493e-03 4.787336289882659912e-02 6.668452639132738113e-03
1.900000000000000022e-01 1.966828713193535805e-03 4.645956307649612427e-02 5.547659937292337418e-03
2.000000000000000111e-01 2.248126547783613205e-03 5.100035667419433594e-02 6.288203876465559006e-03
2.100000000000000200e-01 1.456228783354163170e-03 3.843678906559944153e-02 4.131771158427000046e-03
2.200000000000000011e-01 1.589673222042620182e-03 4.076488688588142395e-02 4.445299040526151657e-03
2.300000000000000100e-01 2.728006802499294281e-03 5.811309814453125000e-02 7.486354093998670578e-03
2.400000000000000189e-01 1.735211350023746490e-03 4.204359650611877441e-02 5.060187075287103653e-03
2.500000000000000000e-01 1.486750203184783459e-03 3.888406604528427124e-02 4.132450558245182037e-03
2.600000000000000089e-01 1.407534931786358356e-03 3.791679441928863525e-02 3.981673158705234528e-03
2.700000000000000178e-01 2.190096536651253700e-03 4.923221096396446228e-02 6.464618723839521408e-03
2.800000000000000266e-01 2.114762552082538605e-03 4.811933264136314392e-02 6.011801306158304214e-03
2.900000000000000355e-01 1.256653224118053913e-03 3.557704389095306396e-02 3.575929906219244003e-03
2.999999999999999889e-01 1.425800728611648083e-03 3.903496637940406799e-02 4.154195077717304230e-03
3.099999999999999978e-01 1.976907020434737206e-03 4.761413484811782837e-02 5.350371357053518295e-03
3.200000000000000067e-01 1.479288446716964245e-03 3.939266130328178406e-02 4.072994925081729889e-03
3.300000000000000155e-01 1.515637501142919064e-03 3.976247832179069519e-02 4.266327712684869766e-03
3.400000000000000244e-01 1.907804282382130623e-03 4.523590207099914551e-02 5.451832897961139679e-03
3.500000000000000333e-01 1.573012443259358406e-03 4.040912166237831116e-02 4.342078696936368942e-03
3.600000000000000422e-01 1.205307664349675179e-03 3.455504402518272400e-02 3.115007421001791954e-03
3.699999999999999956e-01 1.497567514888942242e-03 4.035746306180953979e-02 3.737105289474129677e-03
3.800000000000000044e-01 1.622304203920066357e-03 4.210662469267845154e-02 4.376527853310108185e-03
3.900000000000000133e-01 1.655590371228754520e-03 4.084054380655288696e-02 4.549972247332334518e-03
4.000000000000000222e-01 3.238033037632703781e-03 6.486449390649795532e-02 8.967376314103603363e-03
4.100000000000000311e-01 1.419796375557780266e-03 3.832606598734855652e-02 4.043284337967634201e-03
4.200000000000000400e-01 1.283859834074974060e-03 3.657401353120803833e-02 3.351796418428421021e-03
4.299999999999999933e-01 2.177474787458777428e-03 5.087289586663246155e-02 5.495856516063213348e-03
4.400000000000000022e-01 1.282966113649308681e-03 3.646039217710494995e-02 3.170999465510249138e-03
4.500000000000000111e-01 1.624065218493342400e-03 4.198875650763511658e-02 4.303834401071071625e-03
4.600000000000000200e-01 1.594641478732228279e-03 4.197240248322486877e-02 4.075663164258003235e-03
4.700000000000000289e-01 1.485935179516673088e-03 3.845600411295890808e-02 4.074888303875923157e-03
4.800000000000000377e-01 1.767562702298164368e-03 4.414840787649154663e-02 4.521636292338371277e-03
4.899999999999999911e-01 1.530506415292620659e-03 4.010249674320220947e-02 4.204476717859506607e-03
5.000000000000000000e-01 1.677908119745552540e-03 4.233584925532341003e-02 4.580968059599399567e-03
5.100000000000000089e-01 9.877848206087946892e-04 3.072385303676128387e-02 2.670226851478219032e-03
5.200000000000000178e-01 1.207278110086917877e-03 3.514169901609420776e-02 3.112793667241930962e-03
5.300000000000000266e-01 1.554525573737919331e-03 4.070467501878738403e-02 4.185728728771209717e-03
5.400000000000000355e-01 1.015387708321213722e-03 3.147728368639945984e-02 2.492540515959262848e-03
5.500000000000000444e-01 1.200599828734993935e-03 3.623725473880767822e-02 2.990262350067496300e-03
5.600000000000000533e-01 1.218625111505389214e-03 3.492618724703788757e-02 3.298655385151505470e-03
5.700000000000000622e-01 1.148419454693794250e-03 3.431891649961471558e-02 2.960412297397851944e-03
5.800000000000000711e-01 1.987434225156903267e-03 4.749914258718490601e-02 5.235547665506601334e-03
5.899999999999999689e-01 9.223729139193892479e-04 3.036911226809024811e-02 2.315757330507040024e-03
